5.341114044189453125e+00 4.889156341552734375e+00
8.696508407592773438e+00 4.341548919677734375e+00
7.472026824951171875e+00 4.059701919555664062e+00
8.157951354980468750e+00 4.323278903961181641e+00
8.569139480590820312e+00 4.273390293121337891e+00
6.591828823089599609e+00 4.136563301086425781e+00
5.729473114013671875e+00 4.565980434417724609e+00
7.407395839691162109e+00 4.246618747711181641e+00
7.306484699249267578e+00 4.077963352203369141e+00
8.620163917541503906e+00 4.344315528869628906e+00
6.034993171691894531e+00 4.441074371337890625e+00
8.030099868774414062e+00 4.480828762054443359e+00
5.445090770721435547e+00 4.958177089691162109e+00
6.109795570373535156e+00 4.369098663330078125e+00
7.914004325866699219e+00 4.500494956970214844e+00
7.766287803649902344e+00 4.555307865142822266e+00
6.439041137695312500e+00 4.150957584381103516e+00
6.799924373626708984e+00 4.116368293762207031e+00
7.013572692871093750e+00 4.163821220397949219e+00
6.288228988647460938e+00 4.304840087890625000e+00
6.812847614288330078e+00 4.056240081787109375e+00
4.869824409484863281e+00 5.066101074218750000e+00
4.248105525970458984e+00 5.154592990875244141e+00
4.106686592102050781e+00 5.616628646850585938e+00
4.823970794677734375e+00 4.969427585601806641e+00
4.144135951995849609e+00 5.307721138000488281e+00
2.331937074661254883e+00 7.464586734771728516e+00
2.132181644439697266e+00 8.044313430786132812e+00
4.260241031646728516e+00 5.530749797821044922e+00
4.107223033905029297e+00 5.672496318817138672e+00
4.368487358093261719e+00 5.084822654724121094e+00
2.109902381896972656e+00 8.004426002502441406e+00
4.853020668029785156e+00 5.086906909942626953e+00
2.216175079345703125e+00 7.929343223571777344e+00
2.138315916061401367e+00 7.784686088562011719e+00
4.692875385284423828e+00 5.284484386444091797e+00
4.585176467895507812e+00 5.375037670135498047e+00
2.249379634857177734e+00 7.627453327178955078e+00
3.827806711196899414e+00 5.877796649932861328e+00
3.914781332015991211e+00 5.772036075592041016e+00
2.210936069488525391e+00 7.757156848907470703e+00
3.740287303924560547e+00 5.960365772247314453e+00
9.811057090759277344e+00 4.176804065704345703e+00
1.084869670867919922e+01 3.551512718200683594e+00
1.033062744140625000e+01 4.633120536804199219e+00
9.731596946716308594e+00 4.292595386505126953e+00
9.955521583557128906e+00 4.789745807647705078e+00
1.143867778778076172e+01 4.278574466705322266e+00
1.132768535614013672e+01 3.530349969863891602e+00
1.025701618194580078e+01 4.517028808593750000e+00
1.061753368377685547e+01 4.470658779144287109e+00
9.854381561279296875e+00 4.726810932159423828e+00
1.132602500915527344e+01 3.627464532852172852e+00
9.751587867736816406e+00 4.271378040313720703e+00
1.082555866241455078e+01 3.504064798355102539e+00
1.135314655303955078e+01 3.704808950424194336e+00
9.754392623901367188e+00 4.348035812377929688e+00
9.795980453491210938e+00 4.378181934356689453e+00
1.156825256347656250e+01 4.080569744110107422e+00
1.088430500030517578e+01 4.718922138214111328e+00
1.077840518951416016e+01 4.779560089111328125e+00
1.144093513488769531e+01 3.834106683731079102e+00
1.114166355133056641e+01 4.520596981048583984e+00
8.222369194030761719e+00 6.960148334503173828e+00
7.426465034484863281e+00 7.621407985687255859e+00
8.953797340393066406e+00 7.234196662902832031e+00
8.510973930358886719e+00 7.105255126953125000e+00
9.006732940673828125e+00 7.204410552978515625e+00
6.995323181152343750e+00 8.193165779113769531e+00
7.107739925384521484e+00 8.063071250915527344e+00
8.102119445800781250e+00 7.571246147155761719e+00
8.057575225830078125e+00 7.592596054077148438e+00
8.800805091857910156e+00 7.309887409210205078e+00
6.975726604461669922e+00 8.060649871826171875e+00
8.511923789978027344e+00 7.256623744964599609e+00
7.400162220001220703e+00 7.735931396484375000e+00
6.986910343170166016e+00 8.194909095764160156e+00
8.241656303405761719e+00 7.072958946228027344e+00
8.201251029968261719e+00 7.179216384887695312e+00
6.947817325592041016e+00 8.224914550781250000e+00
8.261610984802246094e+00 8.117213249206542969e+00
8.421448707580566406e+00 8.051723480224609375e+00
6.963558673858642578e+00 8.173539161682128906e+00
8.042509078979492188e+00 8.220071792602539062e+00
8.158617973327636719e+00 4.271490573883056641e+00
5.263896942138671875e+00 4.729575634002685547e+00
8.916726112365722656e+00 4.213358402252197266e+00
7.538229465484619141e+00 4.007944583892822266e+00
8.809414863586425781e+00 4.119811058044433594e+00
6.520438194274902344e+00 3.939516544342041016e+00
5.807085514068603516e+00 4.327414512634277344e+00
7.536693096160888672e+00 4.113623142242431641e+00
7.309319972991943359e+00 3.998368978500366211e+00
8.839965820312500000e+00 4.246287345886230469e+00
6.022776126861572266e+00 4.320136547088623047e+00
8.302328109741210938e+00 4.336518287658691406e+00
5.332624912261962891e+00 4.740909099578857422e+00
6.053520202636718750e+00 4.241664409637451172e+00
7.870439052581787109e+00 4.329941749572753906e+00
7.785767078399658203e+00 4.354573726654052734e+00
6.374032020568847656e+00 4.097994804382324219e+00
6.943043708801269531e+00 3.960178375244140625e+00
7.062578678131103516e+00 3.924367904663085938e+00
6.220181465148925781e+00 4.156868457794189453e+00
6.781901359558105469e+00 3.945845127105712891e+00
1.017670917510986328e+01 4.293249607086181641e+00
1.080918979644775391e+01 3.587209224700927734e+00
9.969591140747070312e+00 4.815652370452880859e+00
1.026668739318847656e+01 4.620027542114257812e+00
1.002734851837158203e+01 4.342026710510253906e+00
1.144970798492431641e+01 4.108189582824707031e+00
1.122611045837402344e+01 3.530593395233154297e+00
1.034220123291015625e+01 4.567357540130615234e+00
1.044815349578857422e+01 4.561831474304199219e+00
9.990769386291503906e+00 4.776506423950195312e+00
1.133025264739990234e+01 3.561609745025634766e+00
1.010565471649169922e+01 4.361962318420410156e+00
1.084912967681884766e+01 3.611836433410644531e+00
1.139482498168945312e+01 3.649099349975585938e+00
1.014019107818603516e+01 4.380043029785156250e+00
1.011681938171386719e+01 4.486849784851074219e+00
1.144710922241210938e+01 3.896176576614379883e+00
1.088650989532470703e+01 4.887850284576416016e+00
1.060699176788330078e+01 4.883554458618164062e+00
1.131075286865234375e+01 3.715136528015136719e+00
1.104380035400390625e+01 4.613605976104736328e+00
4.950188159942626953e+00 1.050803756713867188e+01
4.739573955535888672e+00 1.053684711456298828e+01
5.143838405609130859e+00 1.014364242553710938e+01
5.237674713134765625e+00 9.912041664123535156e+00
5.040855407714843750e+00 1.043580341339111328e+01
5.102205753326416016e+00 1.015144634246826172e+01
3.823778152465820312e+00 1.041862297058105469e+01
5.191722869873046875e+00 9.864283561706542969e+00
5.401642799377441406e+00 9.679066658020019531e+00
5.075536727905273438e+00 1.029450798034667969e+01
3.674245595932006836e+00 1.034213066101074219e+01
4.998277187347412109e+00 1.040677928924560547e+01
4.632770538330078125e+00 1.048624897003173828e+01
3.487021446228027344e+00 1.047098350524902344e+01
5.010248661041259766e+00 1.033905601501464844e+01
5.125702381134033203e+00 1.031797409057617188e+01
3.295258760452270508e+00 1.052399253845214844e+01
5.684570789337158203e+00 9.736268043518066406e+00
5.519243717193603516e+00 9.618888854980468750e+00
3.360822439193725586e+00 1.055988216400146484e+01
5.695855617523193359e+00 9.784370422363281250e+00
3.586144208908081055e+00 7.428899765014648438e+00
2.346356391906738281e+00 8.324900627136230469e+00
4.470718860626220703e+00 7.478355884552001953e+00
4.104616165161132812e+00 7.362640857696533203e+00
3.764285326004028320e+00 7.262098312377929688e+00
4.332352161407470703e+00 7.362343311309814453e+00
3.113148927688598633e+00 9.759753227233886719e+00
3.969680786132812500e+00 7.505752086639404297e+00
4.145710945129394531e+00 7.480977058410644531e+00
4.313617229461669922e+00 7.352365970611572266e+00
2.393380641937255859e+00 9.820928573608398438e+00
3.524584054946899414e+00 7.400844097137451172e+00
2.320465564727783203e+00 8.359810829162597656e+00
2.462802886962890625e+00 9.881722450256347656e+00
3.772470712661743164e+00 7.393340110778808594e+00
3.852014780044555664e+00 7.517479896545410156e+00
2.889678239822387695e+00 9.940280914306640625e+00
4.628261089324951172e+00 7.589524745941162109e+00
4.546021938323974609e+00 7.529198169708251953e+00
2.563509464263916016e+00 9.903575897216796875e+00
4.748930454254150391e+00 7.709236145019531250e+00
7.927997589111328125e+00 6.525474548339843750e+00
7.251209735870361328e+00 7.050266742706298828e+00
8.690897941589355469e+00 6.614444732666015625e+00
8.061660766601562500e+00 7.409596920013427734e+00
8.024664878845214844e+00 6.619231224060058594e+00
8.763294219970703125e+00 6.569723606109619141e+00
6.590747356414794922e+00 7.683140277862548828e+00
6.593854427337646484e+00 7.375748634338378906e+00
7.927831172943115234e+00 7.456957817077636719e+00
8.583229064941406250e+00 6.655580520629882812e+00
6.459862232208251953e+00 7.418624401092529297e+00
7.919596195220947266e+00 6.406407833099365234e+00
7.100594043731689453e+00 7.074043273925781250e+00
6.372689723968505859e+00 7.573362350463867188e+00
7.841510772705078125e+00 6.241825580596923828e+00
7.830232143402099609e+00 6.249967575073242188e+00
6.572115421295166016e+00 7.818184375762939453e+00
8.068966865539550781e+00 7.831328392028808594e+00
8.140529632568359375e+00 7.729853153228759766e+00
6.444252014160156250e+00 7.703828811645507812e+00
7.777649879455566406e+00 7.907627105712890625e+00
7.952562808990478516e+00 6.716599941253662109e+00
7.309138298034667969e+00 7.190753936767578125e+00
8.606384277343750000e+00 6.781077861785888672e+00
8.041472434997558594e+00 7.571710586547851562e+00
8.141022682189941406e+00 6.749410152435302734e+00
8.545753479003906250e+00 6.811059951782226562e+00
6.635563850402832031e+00 7.976199150085449219e+00
6.779702186584472656e+00 7.517733097076416016e+00
7.892966747283935547e+00 7.378841400146484375e+00
8.444666862487792969e+00 6.828312873840332031e+00
6.667010307312011719e+00 7.580765724182128906e+00
8.095619201660156250e+00 6.812889575958251953e+00
7.247508525848388672e+00 7.263490676879882812e+00
6.598476409912109375e+00 7.747339248657226562e+00
7.907672882080078125e+00 6.690345764160156250e+00
7.796637058258056641e+00 6.694174766540527344e+00
6.491654396057128906e+00 7.922137737274169922e+00
7.984680175781250000e+00 8.042161941528320312e+00
8.106717109680175781e+00 7.903017520904541016e+00
6.503986358642578125e+00 7.797505855560302734e+00
7.908419609069824219e+00 7.996913433074951172e+00
9.401978492736816406e+00 4.197575092315673828e+00
1.073838424682617188e+01 3.450890541076660156e+00
9.788981437683105469e+00 4.668893814086914062e+00
1.027825832366943359e+01 4.378140926361083984e+00
9.308752059936523438e+00 4.288052558898925781e+00
9.928200721740722656e+00 4.772172451019287109e+00
1.137287521362304688e+01 4.331893920898437500e+00
1.114341640472412109e+01 3.534299612045288086e+00
1.041472911834716797e+01 4.322289943695068359e+00
1.055966758728027344e+01 4.376686096191406250e+00
1.125459194183349609e+01 3.578590631484985352e+00
9.317992210388183594e+00 4.271416187286376953e+00
1.085980892181396484e+01 3.497410058975219727e+00
1.139536094665527344e+01 3.783954858779907227e+00
9.495376586914062500e+00 4.330509185791015625e+00
9.662976264953613281e+00 4.297542572021484375e+00
1.145322132110595703e+01 4.161784648895263672e+00
1.092648792266845703e+01 4.557587146759033203e+00
1.081776809692382812e+01 4.612232685089111328e+00
1.144410324096679688e+01 4.005663871765136719e+00
1.106483650207519531e+01 4.514922142028808594e+00
3.466918468475341797e+00 8.017177581787109375e+00
2.590060949325561523e+00 8.597722053527832031e+00
4.466585159301757812e+00 7.653423786163330078e+00
4.198814868927001953e+00 7.937558174133300781e+00
3.658944129943847656e+00 7.928565979003906250e+00
4.424231529235839844e+00 7.616988182067871094e+00
3.029946088790893555e+00 9.947479248046875000e+00
2.440472841262817383e+00 9.919867515563964844e+00
3.980753183364868164e+00 7.883289813995361328e+00
4.119361877441406250e+00 7.988132953643798828e+00
4.335303306579589844e+00 7.792238235473632812e+00
3.484431028366088867e+00 7.962925910949707031e+00
2.483522891998291016e+00 8.683135986328125000e+00
2.444136619567871094e+00 9.969141960144042969e+00
3.782479047775268555e+00 7.841338157653808594e+00
3.843801975250244141e+00 7.620560169219970703e+00
2.838675498962402344e+00 1.011182022094726562e+01
4.739865303039550781e+00 7.979896068572998047e+00
4.597843170166015625e+00 7.965403079986572266e+00
2.529904365539550781e+00 1.010658645629882812e+01
4.767697334289550781e+00 8.113361358642578125e+00
7.925504207611083984e+00 4.642910480499267578e+00
5.649473667144775391e+00 4.962235927581787109e+00
8.552690505981445312e+00 4.526310443878173828e+00
7.352327346801757812e+00 4.770617485046386719e+00
8.098458290100097656e+00 4.541943073272705078e+00
8.370156288146972656e+00 4.531687736511230469e+00
6.732361793518066406e+00 4.597112178802490234e+00
6.092699527740478516e+00 4.841536998748779297e+00
7.432867527008056641e+00 4.841232299804687500e+00
7.223539352416992188e+00 4.720574855804443359e+00
8.438501358032226562e+00 4.608656406402587891e+00
6.183215141296386719e+00 4.774016380310058594e+00
5.741341114044189453e+00 5.034989356994628906e+00
6.322368144989013672e+00 4.703938961029052734e+00
7.828130245208740234e+00 4.753472328186035156e+00
7.707386493682861328e+00 4.841442108154296875e+00
6.550133228302001953e+00 4.649197101593017578e+00
6.902067661285400391e+00 4.582123279571533203e+00
7.072011470794677734e+00 4.675816535949707031e+00
6.436494350433349609e+00 4.699097633361816406e+00
6.829705715179443359e+00 4.563064098358154297e+00
4.930430889129638672e+00 5.143973350524902344e+00
2.272004127502441406e+00 8.018378257751464844e+00
4.218502998352050781e+00 5.218184947967529297e+00
4.165784358978271484e+00 5.682663440704345703e+00
4.802906036376953125e+00 5.042436599731445312e+00
4.198807716369628906e+00 5.234144687652587891e+00
2.365463495254516602e+00 7.458651065826416016e+00
2.213375568389892578e+00 8.137412071228027344e+00
4.301050662994384766e+00 5.667208671569824219e+00
4.154444694519042969e+00 5.760957241058349609e+00
4.411281585693359375e+00 5.068282604217529297e+00
2.244607448577880859e+00 8.161822319030761719e+00
4.866822719573974609e+00 5.124500751495361328e+00
2.190878629684448242e+00 7.972638607025146484e+00
4.841360092163085938e+00 5.206950664520263672e+00
4.750306129455566406e+00 5.340634346008300781e+00
2.250659227371215820e+00 7.719650268554687500e+00
3.861618518829345703e+00 5.903204441070556641e+00
3.920154809951782227e+00 5.853010177612304688e+00
2.214668035507202148e+00 7.826270103454589844e+00
3.803040027618408203e+00 5.987095832824707031e+00
3.486817359924316406e+00 8.221081733703613281e+00
2.798147678375244141e+00 8.645226478576660156e+00
4.432546138763427734e+00 7.931070327758789062e+00
4.238290309906005859e+00 8.240241050720214844e+00
3.577276945114135742e+00 8.234050750732421875e+00
4.446864604949951172e+00 7.951236724853515625e+00
3.085809469223022461e+00 1.012545394897460938e+01
2.430983781814575195e+00 9.967788696289062500e+00
4.049115180969238281e+00 8.180096626281738281e+00
4.105743885040283203e+00 8.270708084106445312e+00
4.286167621612548828e+00 8.059154510498046875e+00
2.447193622589111328e+00 1.004763317108154297e+01
3.526476621627807617e+00 8.180913925170898438e+00
2.745552062988281250e+00 8.773510932922363281e+00
3.849478006362915039e+00 8.134198188781738281e+00
3.955468416213989258e+00 8.021980285644531250e+00
2.685696601867675781e+00 1.022580337524414062e+01
4.698816776275634766e+00 8.162821769714355469e+00
4.628886699676513672e+00 8.159534454345703125e+00
2.618843555450439453e+00 1.022677993774414062e+01
4.708964824676513672e+00 8.181834220886230469e+00
7.859229564666748047e+00 4.983244895935058594e+00
5.606671333312988281e+00 5.438053607940673828e+00
8.841259956359863281e+00 5.039965152740478516e+00
7.612129688262939453e+00 5.702315807342529297e+00
8.023462295532226562e+00 4.862524509429931641e+00
8.786814689636230469e+00 4.996090412139892578e+00
6.678112983703613281e+00 5.692217826843261719e+00
5.901838779449462891e+00 5.778667926788330078e+00
7.763198375701904297e+00 5.754415035247802734e+00
7.543659687042236328e+00 5.746188163757324219e+00
8.818204879760742188e+00 4.951173305511474609e+00
6.046860694885253906e+00 5.814111709594726562e+00
7.901428222656250000e+00 5.006896018981933594e+00
5.556087493896484375e+00 5.405972480773925781e+00
6.119821548461914062e+00 5.806995391845703125e+00
7.856147289276123047e+00 5.427231311798095703e+00
6.590013504028320312e+00 5.804445743560791016e+00
6.963325500488281250e+00 5.547493934631347656e+00
7.150565147399902344e+00 5.664853096008300781e+00
6.345552444458007812e+00 5.834451198577880859e+00
7.011063098907470703e+00 5.557200431823730469e+00
7.858310699462890625e+00 5.286836624145507812e+00
5.925492763519287109e+00 5.726426124572753906e+00
8.788327217102050781e+00 5.177953720092773438e+00
7.753244876861572266e+00 5.846106529235839844e+00
7.884821414947509766e+00 5.273233890533447266e+00
8.792232513427734375e+00 5.157435894012451172e+00
6.710865974426269531e+00 5.883972644805908203e+00
6.020478248596191406e+00 6.084710121154785156e+00
7.816874504089355469e+00 5.818669319152832031e+00
7.700112819671630859e+00 5.838925361633300781e+00
8.670358657836914062e+00 5.202858448028564453e+00
6.025712013244628906e+00 6.141949176788330078e+00
7.833270072937011719e+00 5.242409229278564453e+00
5.988186359405517578e+00 5.865040779113769531e+00
6.093643665313720703e+00 6.086574077606201172e+00
7.782496452331542969e+00 5.459306240081787109e+00
6.594305515289306641e+00 6.007908344268798828e+00
7.092638969421386719e+00 5.784554004669189453e+00
7.389527797698974609e+00 5.861044883728027344e+00
6.223902702331542969e+00 6.060671329498291016e+00
6.922886848449707031e+00 5.765669345855712891e+00
4.016723155975341797e+00 9.601140975952148438e+00
3.751904487609863281e+00 9.709769248962402344e+00
4.584997177124023438e+00 9.501528739929199219e+00
5.111486911773681641e+00 9.151432037353515625e+00
4.147312164306640625e+00 9.616292953491210938e+00
4.583132743835449219e+00 9.378440856933593750e+00
3.168046236038208008e+00 1.050352382659912109e+01
3.327047824859619141e+00 1.011430931091308594e+01
5.133938789367675781e+00 9.057404518127441406e+00
5.256610870361328125e+00 9.051834106445312500e+00
4.468358039855957031e+00 9.470411300659179688e+00
3.102303504943847656e+00 1.024923419952392578e+01
4.108832836151123047e+00 9.554459571838378906e+00
3.785758018493652344e+00 9.696054458618164062e+00
3.053602457046508789e+00 1.037142848968505859e+01
4.233013629913330078e+00 9.497431755065917969e+00
4.369428634643554688e+00 9.365060806274414062e+00
5.387292385101318359e+00 9.303130149841308594e+00
5.390593528747558594e+00 9.273823738098144531e+00
3.004930496215820312e+00 1.037207698822021484e+01
5.444746494293212891e+00 9.406449317932128906e+00
8.570296287536621094e+00 7.507850170135498047e+00
7.618837833404541016e+00 7.991147994995117188e+00
9.082732200622558594e+00 7.628682136535644531e+00
8.508304595947265625e+00 8.002418518066406250e+00
8.667470932006835938e+00 7.562062740325927734e+00
9.019162178039550781e+00 7.604497909545898438e+00
7.199717998504638672e+00 8.705312728881835938e+00
7.375474929809570312e+00 8.271190643310546875e+00
8.391128540039062500e+00 7.935900688171386719e+00
8.296594619750976562e+00 8.025581359863281250e+00
8.872146606445312500e+00 7.525935649871826172e+00
7.249650955200195312e+00 8.467774391174316406e+00
8.635893821716308594e+00 7.597015380859375000e+00
7.627934455871582031e+00 8.082749366760253906e+00
7.191105365753173828e+00 8.529443740844726562e+00
8.602701187133789062e+00 7.644020557403564453e+00
8.560008049011230469e+00 7.793231964111328125e+00
7.155295372009277344e+00 8.616462707519531250e+00
8.286963462829589844e+00 8.223020553588867188e+00
7.203862667083740234e+00 8.486257553100585938e+00
7.816751956939697266e+00 8.632614135742187500e+00
3.840614318847656250e+00 9.196732521057128906e+00
3.490312814712524414e+00 9.290421485900878906e+00
4.499090194702148438e+00 8.978508949279785156e+00
4.827136039733886719e+00 8.954442024230957031e+00
3.955031871795654297e+00 9.228529930114746094e+00
4.607436656951904297e+00 8.963693618774414062e+00
3.007070779800415039e+00 1.052899169921875000e+01
2.715323686599731445e+00 1.007127285003662109e+01
4.888548851013183594e+00 8.808782577514648438e+00
4.952755928039550781e+00 8.853793144226074219e+00
4.307584285736083984e+00 9.140078544616699219e+00
2.612148046493530273e+00 1.022820186614990234e+01
3.905261278152465820e+00 9.168140411376953125e+00
3.405497550964355469e+00 9.318840026855468750e+00
2.679318428039550781e+00 1.025559425354003906e+01
4.029534339904785156e+00 9.059600830078125000e+00
4.167871475219726562e+00 8.871778488159179688e+00
2.926619052886962891e+00 1.043363285064697266e+01
4.891601562500000000e+00 8.869255065917968750e+00
4.944848060607910156e+00 8.883600234985351562e+00
4.919176101684570312e+00 8.957216262817382812e+00
5.653729438781738281e+00 1.081548595428466797e+01
5.476556777954101562e+00 1.068243217468261719e+01
5.946976661682128906e+00 1.064003944396972656e+01
6.284203052520751953e+00 1.029686450958251953e+01
5.692155361175537109e+00 1.075941371917724609e+01
5.931577205657958984e+00 1.067701721191406250e+01
5.951433658599853516e+00 9.968441963195800781e+00
5.604216098785400391e+00 1.041970729827880859e+01
6.171003341674804688e+00 1.032491493225097656e+01
6.317567348480224609e+00 1.010479354858398438e+01
5.873264312744140625e+00 1.070201110839843750e+01
5.678457260131835938e+00 1.032393932342529297e+01
5.667692184448242188e+00 1.075219535827636719e+01
5.413658618927001953e+00 1.059771919250488281e+01
5.772124767303466797e+00 1.030453205108642578e+01
5.813049793243408203e+00 1.067476463317871094e+01
5.881930828094482422e+00 1.063550949096679688e+01
5.902864456176757812e+00 1.001039409637451172e+01
6.195139884948730469e+00 1.004234218597412109e+01
6.295292854309082031e+00 1.011839771270751953e+01
5.811973094940185547e+00 1.015580177307128906e+01
