-1.241261177297540375e+00
-1.015230605466044711e+00
-1.321369383601709746e+00
-1.934075121501156236e+00
-1.436725809477398474e+00
-1.268003121338406647e+00
-5.771422313287897232e-01
-9.116879223098668383e-01
-7.792445783007448945e-01
-1.050306012653937859e+00
-1.458351420682423072e+00
-1.024857448537872973e+00
-1.476044660362966443e+00
-1.410452441040530136e+00
-1.169886390495986195e+00
-8.859927807918350773e-01
-1.234979765103805693e+00
-1.612103544006104006e+00
-9.808392809621691022e-01
-1.289702484361239687e+00
-7.889228651684061511e-01
-1.669142672199893429e+00
-1.018661185262236035e+00
-1.788158926101293122e+00
-2.378228223119990492e+00
-1.256661574307078144e+00
-1.801958979164080876e+00
-8.457516489670635629e-01
-1.439039057254209997e+00
-1.115301885187495845e+00
-1.357297414329389884e+00
-1.267758724040245699e+00
-8.500222639017214199e-01
-1.832514959463570126e+00
-1.549934817826365663e+00
-1.132780156187225717e+00
-1.693443926227832907e+00
-1.390896889126115088e+00
-1.477399775726990772e+00
-1.680581528093139543e+00
-2.026759612456072279e+00
-9.792839841335845286e-01
-1.168799891983287598e+00
-1.818917282425520643e+00
-1.463536251929757004e+00
-1.456693240528274647e+00
-1.526584592635064741e+00
-1.951811616223328105e+00
-1.264684834445642725e+00
-1.843625360818288872e+00
-1.828461705040898000e+00
-8.034925640943275660e-01
-1.709484472243353981e+00
-1.265104317997192584e+00
-1.196776390290164915e+00
-1.520360401617982138e+00
-1.224976885648981995e+00
-1.320598841005443891e+00
-1.485792714386722668e+00
-1.511874061751317999e+00
-1.357310504977722321e+00
-1.629089773717201428e+00
-1.155515318654427137e+00
-9.768897700286314212e-01
-9.839101266470078322e-01
-7.710437657695181635e-01
-1.041866022277798454e+00
-1.765213281024376801e+00
-8.460135491850580003e-01
-1.186355493268419270e+00
-1.264624157369614199e+00
-7.447205038288697843e-01
-1.734190894685696538e+00
-7.155126693967273077e-01
-1.041870056972716174e+00
-1.589142184701060945e+00
-1.269447091700037777e+00
-1.376519648886122216e+00
-1.199846864310686545e+00
-1.606631366049168452e+00
-1.288380646480594027e+00
-1.630217803675656274e+00
-9.820924056260236235e-01
-1.904598786201308958e+00
-1.295946993235344014e+00
-1.077976015470622162e+00
-1.052703013026498713e+00
-1.583156831605262216e+00
-1.661996023800402345e+00
-1.255943500461516482e+00
-1.290788868165748671e+00
-8.343583027666778840e-01
-1.562001527614296226e+00
-9.639376249590267953e-01
-1.197457823207390692e+00
-1.806899919644291419e+00
-2.070715960470256523e+00
-1.454976638173999692e+00
-8.447179544812795093e-01
-1.834490334538547263e+00
-1.042071408608937322e+00
-2.080421973225254906e+00
-1.387135618824953287e+00
-9.995111250013344328e-01
-9.393830520494543812e-01
-1.226888746283041787e+00
-7.193391084390268198e-01
-1.405174556006191455e+00
-1.217960442429817380e+00
-1.442429189583425586e+00
-1.468895704018674753e+00
-1.514591449928492484e+00
-1.856299000433577095e+00
-1.727083353510050490e+00
-1.173658886530020151e+00
-1.560756643157600099e+00
-1.390151461019666801e+00
-1.457332756516958927e+00
-8.594800123487122967e-01
-1.139162285264520680e+00
-1.620845503102018359e+00
-1.453867031401327115e+00
-1.641660246853551275e+00
-1.381507693892370714e+00
-1.614374199510498986e+00
-1.424533156574309789e+00
-1.266887522194500182e+00
-1.098188826739996404e+00
-1.270854423515733078e+00
-1.028054848146219502e+00
-1.464589568776474504e+00
-1.076193388399831807e+00
-1.376653003501584482e+00
-8.099716059677111168e-01
-1.239644882407908266e+00
-1.735833212321200580e+00
-1.265125215084389243e+00
-1.367783601678468575e+00
-1.236903778502018714e+00
-1.317796146559228720e+00
-1.294910810439067195e+00
-1.168103484452803986e+00
-1.194062551576223985e+00
-1.694679839358631757e+00
-1.070315725219974201e+00
-1.747019130210953453e+00
-1.204675911147557787e+00
-1.873430643774032678e+00
-2.547288733030282248e+00
-1.398418750952265643e+00
-1.232753271269363626e+00
-1.567711931999282715e+00
-1.659025850994180207e+00
-1.738416568923988326e+00
-2.009579708500141226e+00
-1.757726875123403421e+00
-1.308522324131029979e+00
-1.218784199391024448e+00
-6.238517243569163817e-01
-6.794634501932592663e-01
-1.953780358983394638e+00
-1.205940235744517697e+00
-8.640304262105087396e-01
-1.966852934731921909e+00
-2.257339610660750839e+00
-1.113567922389841147e+00
-1.621241325255436738e+00
-9.076848600592950511e-01
-1.570739291161932005e+00
-1.406818999062622755e+00
-9.183652673601341299e-01
-2.096714379328564082e+00
-1.250607272744677534e+00
-1.211145584347784077e+00
-1.405439936349818897e+00
-1.858738383309031850e+00
-1.877268285774207346e+00
-9.377693323494120659e-01
-2.021711312633950985e+00
-1.500119177702157192e+00
-6.423578092071502432e-01
-1.134441770422558893e+00
-7.416745282850638610e-01
-8.857001927942094177e-01
-1.508940765576327170e+00
-2.298104476702289123e+00
-1.663272278497015311e+00
-1.077841423420445199e+00
-1.014166975534945170e+00
-9.441899349482381076e-01
-1.364938806494923274e+00
-1.711868307532523392e+00
-9.530621703712722770e-01
-9.881568029492524552e-01
-1.446948476354077417e+00
-9.090369028679252672e-01
-1.341953695368172550e+00
-1.866540916717621901e+00
-1.347669259434422617e+00
-1.388895543659618870e+00
-1.820008265139769765e+00
-1.721182473960184200e+00
-1.523922451386053201e+00
-1.073214724009052379e+00
-1.311658725000196757e+00
-1.314344920155559482e+00
-1.342212115029657316e+00
-1.016789376270669454e+00
-1.593803200002096521e+00
-1.334947906383501692e+00
-1.477552203625525085e+00
-2.142712226644569729e+00
-1.662814804618314657e+00
-1.241167240860140186e+00
-1.490281774910510837e+00
-1.058958367377318854e+00
-1.491883725953166095e+00
-1.222658968294510817e+00
-1.202116602583363392e+00
-8.802578643139296055e-01
-1.360100089561467218e+00
-1.488818155739025872e+00
-8.391502543085604948e-01
-1.542703662536576648e+00
-1.251905663923690515e+00
-1.726054646998406827e+00
-1.914829908396104674e+00
-1.599934113199129815e+00
-7.723280006103760975e-01
-9.300769359074547715e-01
-1.778337368012156805e+00
-1.164105712475543175e+00
-7.610403662433822269e-01
-8.210317756362539576e-01
-1.235639279840722526e+00
-1.899426366417519052e+00
-1.931182585619148018e+00
-1.663943483568627091e+00
-1.824534141696674272e+00
-7.998530719190140026e-01
-9.805949258478965369e-01
-9.151521969148448399e-01
-1.685167599719737286e+00
-1.506600585973803863e+00
-1.497642187562469696e+00
-8.728860798769813023e-01
-2.213971399785816363e+00
-1.890698720310059588e+00
-9.844778120212045458e-01
-1.050585229402504428e+00
-1.639362005557036372e+00
-1.269026762523975282e+00
-1.925302172476890394e+00
-1.970506418967719942e+00
-1.111031152772416153e+00
-9.707045624729855327e-01
-1.153698863336054092e+00
-1.855182627654305083e+00
-1.931169005475365186e+00
-1.492396711928487552e+00
-1.033462184822039109e+00
-1.461165728206421210e+00
-1.639999992354348013e+00
-1.701013671829155971e+00
-1.200116266878187066e+00
-2.426180566991245957e+00
-1.154507964336425108e+00
-8.271643227652885066e-01
-1.278130855695593926e+00
-1.452691806595466151e+00
-1.809940480121352113e+00
-1.165961565934598543e+00
-1.302646428942030088e+00
-1.391893886851676587e+00
-1.193246625252900817e+00
-1.423735446744192945e+00
-1.734203593051415471e+00
-1.027635381354532473e+00
-2.029490476567819446e+00
-1.566698471284997840e+00
-1.392713893973301698e+00
-1.114252570857602098e+00
-1.453645598180596910e+00
-1.270172727470758378e+00
-1.597191454356615470e+00
-1.600846394867096567e+00
-1.649158162119294335e+00
-1.454367115209205696e+00
-1.488147938461307218e+00
-8.982286457829045112e-01
-1.474287026093021868e+00
-2.066891866655784060e+00
-1.375419544169159014e+00
-1.494680736111619002e+00
-1.301854741661545578e+00
-1.916370797661987257e+00
-1.667752474549772490e+00
-8.250663921499676867e-01
-1.520248624772446266e+00
-1.186190836147833050e+00
-1.658944441700822114e+00
-1.227383723360337076e+00
-1.858620028861974749e+00
-1.964173043194922474e+00
-1.227324245522151802e+00
-1.500399378125973460e+00
-1.025304790807819888e+00
-1.508195814984621297e+00
-2.037845280991359420e+00
-7.472347953796796283e-01
-1.610235864457103094e+00
-1.542580697360787401e+00
-1.395123766359404716e+00
-1.132116342333074233e+00
-1.370966648000749633e+00
-2.202411631502219524e+00
-1.887818210332394830e+00
-1.568582741016815607e+00
-1.016816813029507660e+00
-8.606765171649990442e-01
-1.151079687811735308e+00
-1.408038310687271366e+00
-2.203968935815318719e+00
-1.778669297494556378e+00
-9.657598576880066510e-01
-1.250310664562527041e+00
-1.559195814369669808e+00
-1.185150347878366706e+00
-1.495315645470708166e+00
-1.629133767308371450e+00
-9.130439501690088555e-01
-9.914478198079170745e-01
-1.383520933096985761e+00
-1.134680489333707687e+00
-1.024877623382661529e+00
-1.026501767795331421e+00
-8.756395712462148317e-01
-9.879885613259173915e-01
-1.247399283684460958e+00
-1.574078246439196693e+00
-1.755777293667050376e+00
-1.360891774850256031e+00
-8.861414110009748768e-01
-1.407009954642685745e+00
-1.476336606403283458e+00
-1.249540364186100039e+00
-9.946708252622724622e-01
-2.095498736409969087e+00
-1.831899296932189447e+00
-1.034966546455497127e+00
-1.542050937447783543e+00
-1.383328163061311233e+00
-1.333921458588296804e+00
-8.688344643117571486e-01
-4.581066576709856286e-01
-1.182950312786662739e+00
-1.301801146777329610e+00
-1.464909036387898045e+00
-1.681885342637695846e+00
-3.144461543159225436e-01
-1.402467638063296551e+00
-1.543798777162546987e+00
-2.023351527816896311e+00
-4.810202648452244767e-01
-1.288542079020603470e+00
-1.502052973058859653e+00
-1.882163608105699826e+00
-1.282332774476959703e+00
-1.423244756146019530e+00
-1.040423071391633147e+00
-1.468480508265919138e+00
-1.023169088932398996e+00
-1.268329333301299489e+00
-5.729153041935188817e-01
-9.099260244608555759e-01
-9.826136630575317277e-01
-1.276671270705336259e+00
-1.490048488414384753e+00
-1.074892045859588752e+00
-1.781714501292736674e+00
-1.476560573098769868e+00
-1.098373003186285946e+00
-7.338635062681118093e-01
-1.326597726932924548e+00
-1.381059294985242492e+00
-1.153447095439379400e+00
-8.759220143068842113e-01
-1.610744552343942093e+00
-1.438399477048672992e+00
-1.713652391722260138e+00
-1.171860240476604975e+00
-1.217431641834505474e+00
-1.421615087555832435e+00
-1.326636196355835740e+00
-1.281221314311889348e+00
-1.245417489709306214e+00
-1.181841259333130001e+00
-1.612940081475969567e+00
-1.047969671723948171e+00
-1.440726075135160489e+00
-1.781922584314383773e+00
-1.063170046446281436e+00
-8.430663409839387334e-01
-1.090906077366046834e+00
-6.683148545300636734e-01
-9.600070992380627111e-01
-8.552694537616472026e-01
-1.549143138691587485e+00
-1.427878131264553208e+00
-1.647675385388524649e+00
-1.357955722581348557e+00
-1.144726832395541738e+00
-1.437703007575500624e+00
-5.535733190046996377e-01
-1.122813779873628182e+00
-1.308893192155036633e+00
-1.570530920795985441e+00
-1.420563778136804789e+00
-1.985382753422009205e+00
-7.083590070828091889e-01
-2.103528873346736550e+00
-1.616554294898531641e+00
-9.090098920919342795e-01
-1.200336361643679073e+00
-1.524271269071944435e+00
-1.050945736722163293e+00
-1.371291032197053728e+00
-1.486056086295800771e+00
-7.447476297255417599e-01
-1.509510190397600926e+00
-1.165819233747317885e+00
-1.080127346935708221e+00
-1.550214809997026766e+00
-1.876982578098147503e+00
-1.420602071082857965e+00
-1.645408860846178545e+00
-1.531023114738392810e+00
-1.339708383907208589e+00
-1.362880403607289015e+00
-1.587556263605297335e+00
-1.371821557052236518e+00
-1.811211565996768247e+00
-1.690964522156054972e+00
-1.254628970962678114e+00
-7.694285650140888499e-01
-1.276386953553306558e+00
-2.242407659848443036e+00
-1.826687881012925896e+00
-1.653307905327999539e+00
-1.002890225051640716e+00
-1.861773966868089492e+00
-9.139173113815570737e-01
-1.284971851029162782e+00
-7.994497813450718304e-01
-8.659803952844744579e-01
-1.325404394904320160e+00
-1.891276372731635735e+00
-9.333424675389960790e-01
-1.610400086977055611e+00
-1.255267041513468573e+00
-1.102601014133054225e+00
-1.301888167260451201e+00
-1.625923414448241733e+00
-1.352986814827199513e+00
-1.861747617209197347e+00
-1.561837967937539151e+00
-1.156690801116039058e+00
-1.634878263129639908e+00
-1.066056678786158063e+00
-1.372649261508190666e+00
-1.220733369082669828e+00
-1.473777694206106492e+00
-1.110813101879618348e+00
-8.512902593419338082e-01
-1.426826932919109669e+00
-4.042002712345689752e-01
-1.684332194101881175e+00
-1.055112151247378893e+00
-9.936699608504082626e-01
-1.342145415306245315e+00
-1.433573360833989785e+00
-1.273810760931138208e+00
-1.060744584849974803e+00
-1.495972801887341053e+00
-6.847561529665433522e-01
-1.053255431728221669e+00
-1.558899414164681918e+00
-1.586582301433236086e+00
-1.497479030459129223e+00
-8.043660829585488337e-01
-1.356050108327437886e+00
-2.295972024755425611e+00
-1.623794412101272844e+00
-1.484014131863876873e+00
-1.261781267100774873e+00
-1.083904227216440308e+00
-1.449221068523688150e+00
-1.236437082694263001e+00
-1.540412655271186981e+00
-4.873741506456466532e-01
-1.317096587513653549e+00
-1.432792250924574962e+00
-1.867083877036844530e+00
-1.554892632188977775e+00
-1.310570672745683840e+00
-1.255870195996945160e+00
-1.442296370790483895e+00
-1.525140611989418193e+00
-1.924353333824479595e+00
-1.109390398718030912e+00
-2.028607368306382330e+00
-7.143258857956777952e-01
-9.079610649586951077e-01
-1.797033096477055114e+00
-1.717790098230647988e+00
-1.495112693540710413e+00
-1.174390995118053116e+00
-1.323460534164258906e+00
-1.339151881469533567e+00
-1.113064581923336238e+00
-1.249656269163525568e+00
-2.142522860647965377e+00
-1.561631830077228944e+00
-1.555163423040259563e+00
-1.472292018291354143e+00
-1.930990696122087957e+00
-1.354483739830091071e+00
-8.513751297273839391e-01
-1.152897833372787506e+00
-1.471741838179508211e+00
-1.894923099458911242e+00
-1.741618220996468569e+00
-1.740475153719004187e+00
-1.076955703386769603e+00
-1.145177515810214874e+00
-1.476796816313193705e+00
-1.148604040211201660e+00
-8.293657702534855680e-01
-1.245424911497743370e+00
-1.531862779781889561e+00
-1.421959728110377075e+00
-1.399567686173352588e+00
-1.782073081746407883e+00
-9.523612063164361707e-01
-1.144968574695934382e+00
-1.178167999384973630e+00
-1.454610658939007539e+00
-1.496862394014389697e+00
-1.105955459464393886e+00
-1.450435461489722133e+00
-1.510932744918268344e+00
-1.292097701217369110e+00
-1.469067379465414991e+00
-1.731014746241112068e+00
-1.293576072892588247e+00
-1.617595625697540118e+00
-1.561761454731386056e+00
-1.457153384175390531e+00
-1.248541081428410582e+00
-2.049653444832824523e+00
-9.365440819103239001e-01
-9.111303519532127915e-01
-1.957077182541187899e+00
-1.005026553399762879e+00
-1.348117680869628021e+00
-1.281710291996511319e+00
-1.525307981995311923e+00
-1.099177710153757648e+00
-1.103049741055585731e+00
-8.806353383057197171e-01
-1.648148292568468509e+00
-1.510427518939682745e+00
-1.734065143352236493e+00
-1.132579233796026319e+00
-1.592523795464121594e+00
-1.699779653703889171e+00
-1.670411752657799287e+00
-1.542180207313407880e+00
-1.661455676359065325e+00
-6.105002145864486529e-01
-1.244703311869134854e+00
-1.073075407079649768e+00
-8.960636753307915647e-01
-1.096255873638835698e+00
-1.253326325241780115e+00
-1.747193234800871853e+00
-1.655565475469551462e+00
-1.540574537242357156e+00
-1.098775172931290900e+00
-1.926553950881004784e+00
-1.641805440058174970e+00
-1.366413370252950177e+00
-2.487486114999552189e+00
-1.550948968727877020e+00
-1.024893315913740555e+00
-1.457295095532938678e+00
-7.145226167979541465e-01
-1.053683327958247151e+00
-1.267661749943553406e+00
-1.227939399925529695e+00
-1.376614963015097448e+00
-8.552934736096564627e-01
-1.981114083456259056e+00
-5.750670986904418136e-01
-1.225774310439693426e+00
-1.373732630840269753e+00
-7.618045646319591135e-01
-1.305546843598723417e+00
-7.471855530000337531e-01
-1.487709965511147647e+00
-5.472953411000927026e-01
-8.691539797823755187e-01
-8.723150697952637422e-01
-1.607048089925346535e+00
-2.342746464128549366e+00
-1.394102152502064929e+00
-8.925717446185754689e-01
-6.854280503747998132e-01
-1.850126000877697852e+00
-1.856771500338066705e+00
-1.492164711586302150e+00
-1.542158035574008768e+00
-1.288633495804888174e+00
-1.698797498395361760e+00
-1.910529117252263820e+00
-1.730906058051051577e+00
-1.371848305749024721e+00
-1.461945683793413497e+00
-1.197824311857332180e+00
-1.670859710181222813e+00
-1.943087217273330669e+00
-1.417617449668977958e+00
-1.313453101856812300e+00
-1.915207562552805332e+00
-1.495963546436609892e+00
-6.443177441028180574e-01
-8.610793008939663373e-01
-9.034845924149181862e-01
-1.605299604518738210e+00
-6.145873377270203441e-01
-1.736778319468918585e+00
-9.385660130937094614e-01
-1.516175213570680302e+00
-1.894601575246426695e+00
-6.271519363900819322e-01
-1.989832238204563897e+00
-1.536490855608303452e+00
-1.997038175973152807e+00
-8.338488522233231670e-01
-9.309721461156770239e-01
-1.617821753920403172e+00
-1.114538573026202517e+00
-1.445272406827065925e+00
-1.086714970487176135e+00
-5.400561729890793750e-01
-1.312114668946187113e+00
-1.603532540320270261e+00
-1.233080222925764691e+00
-1.645305788336568487e+00
-1.467858723777599739e+00
-1.631414557144559740e+00
-1.545511724584411883e+00
-1.763062001803306078e+00
-9.755384743161639172e-01
-1.314431346531688138e+00
-1.489185934378977283e+00
-1.819097425128842094e+00
-1.450245540517301368e+00
-1.086156941071071191e+00
-1.256529047414336464e+00
-1.315878872310268566e+00
-1.094519973184965966e+00
-1.150129500132348159e+00
-1.230855358779369357e+00
-1.468816616990187729e+00
-1.176701391812903008e+00
-1.504881255484886271e+00
-1.507064387417515139e+00
-1.717749617540075935e+00
-2.227701434378368095e+00
-1.554967645277170352e+00
-1.303359704650376205e+00
-1.748852592482521562e+00
-9.016727518655831553e-01
-4.469092450789884929e-01
-8.457631928861251147e-01
-1.002673281798227567e+00
-1.803792114079290076e+00
-1.383902208384052646e+00
-1.049376491134939915e+00
-1.338282852005310719e+00
-1.660151185825267550e+00
-9.975405676740547456e-01
-1.567045539478560290e+00
-1.132592079204553404e+00
-1.896975694010472058e+00
-9.516950178195533461e-01
-1.629338371911995598e+00
-1.772617603651707174e+00
-1.995497638720007405e+00
-9.648079394512516505e-01
-1.889299654453861610e+00
-1.067379232819302803e+00
-1.533263697705673057e+00
-7.870674577926419779e-01
-9.607702866174787637e-01
-8.280111562857332963e-01
-1.153226932711595598e+00
-1.404683258445100780e+00
-1.160605229968421970e+00
-1.594061415982868102e+00
-1.154223473808187794e+00
-1.162126343676881834e+00
-1.366287563044207065e+00
-6.026866784499742558e-01
-1.294205801042565884e+00
-1.100708712277385093e+00
-1.582586781824233402e+00
-1.252481118081478773e+00
-9.790404219523023421e-01
-1.303247690901099265e+00
-1.027042749113047382e+00
-1.055470633690215099e+00
-1.570373997032206592e+00
-1.549721937903453028e+00
-7.644434076500066233e-01
-1.931197312866491433e+00
-1.179788072626788864e+00
-1.548580454011148522e+00
-2.179519117352186175e+00
-1.429605334315457998e+00
-1.401397559860197095e+00
-1.724269848416725370e+00
-1.356482300810319064e+00
-1.223413664297620773e+00
-1.471057977080800772e+00
-1.017366674775470603e+00
-1.192623474459456379e+00
-1.325451373463192528e+00
-9.530448084878142545e-01
-1.728831186352071558e+00
-1.183987164795170077e+00
-9.419309838940645996e-01
-1.160359277383536725e+00
-1.656125857063504458e+00
-1.631036786407339623e+00
-1.718120682008777766e+00
-1.258526262754163572e+00
-1.292313667650195175e+00
-7.529282242191155383e-01
-1.243855107135610982e+00
-1.605786921161599157e+00
-9.313319624220937065e-01
-1.004231928909565585e+00
-1.335658267787945608e+00
-1.619692370409698601e+00
-5.875294777663762069e-01
-1.206991776390463844e+00
-1.643738980522023940e+00
-1.603253444960497820e+00
-1.202483501466567350e+00
-1.064682596946383786e+00
-1.902786165404629859e+00
-1.393811048297291411e+00
-1.615801805984010020e+00
-1.157500206976234569e+00
-5.865009545043773365e-01
-1.369930637778980387e+00
-9.475777467364250306e-01
-1.031878017897593924e+00
-2.101961025463577659e+00
-1.024684382370787628e+00
-1.127912484867132026e+00
-1.711812999476297836e+00
-1.833054500577745660e+00
-1.472179456196262226e+00
-1.104166304314551983e+00
-1.124144132856088607e+00
-5.677270886146499329e-01
-1.373021776569299579e+00
-1.942972971370840463e-01
-7.352085554773659659e-01
-8.622563760516492870e-01
-1.163895473557844173e+00
-2.064736007786898586e+00
-1.253624958487951080e+00
-1.110905343285276903e+00
-1.094232192763631151e+00
-7.121248094002834428e-01
-1.422972984940653607e+00
-1.845130353411459811e+00
-6.414000809379136747e-01
-1.598640376013915176e+00
-1.657857112517146181e+00
-1.856554973232562578e+00
-8.330052124186910767e-01
-1.200676530057931846e+00
-1.413273300251014053e+00
-1.015828983718219281e+00
-9.821720690798128039e-01
-1.285757076030691781e+00
-1.334706699632324689e+00
-1.532060113338073126e+00
-1.688475754078841096e+00
-1.261149413134721176e+00
-1.081594434939784133e+00
-5.823334341896964084e-01
-7.235433956892660667e-01
-1.929596109433692863e+00
-1.750692049023154784e+00
-8.644316324665592965e-01
-1.779785603976034469e+00
-6.350232120406293923e-01
-1.021394988835258477e+00
-1.088665566521811900e+00
-1.458627245733272293e+00
-1.263306892802456449e+00
-1.551084713152125705e+00
-1.571467631909009288e+00
-1.535688836699226290e+00
-2.242058339027107383e+00
-5.067339170246172309e-01
-3.988149399414103180e-01
-1.840323734753497309e+00
-1.414257031416358945e+00
-2.105729151092595064e+00
-1.062413551822253499e+00
-1.598801036997901992e+00
-1.505708705615508070e+00
-1.176631007862877443e+00
-1.170635635155666154e+00
-1.087555916386933053e+00
-1.075455220921420096e+00
-1.499684242957759484e+00
-1.868191875981811467e+00
-1.322577076495563109e+00
-1.748633317483833327e+00
-1.352361667110228094e+00
-1.110707672900691723e+00
-1.640056613024026166e+00
-1.539161796173239782e+00
-1.342505311797236534e+00
-1.362535553585129566e+00
-7.247495238328380829e-01
-1.237039323620063858e+00
-9.822723879145098813e-01
-1.710154798282826238e+00
-1.126068549493219439e+00
-1.870027005925994690e+00
-9.673428651200670636e-01
-2.038909562879983373e+00
-1.293995792849149229e+00
-2.032031966190900096e+00
-1.752607496780463681e+00
-8.571815991904654375e-01
-6.220182205489597216e-01
-1.721619508492356676e+00
-1.499487454505026296e+00
-9.413851517679643344e-01
-1.294285539546575325e+00
-1.603055925769038215e+00
-1.886959555120519827e+00
-1.552764020215511298e+00
-1.339027644894784874e+00
-1.819707928358735405e+00
-1.497024629508896698e+00
-8.447839873739835248e-01
-6.567182378353226824e-01
-1.944584343187781617e+00
-1.208910361322687255e+00
-1.895916202473696632e+00
-1.363741655137572284e+00
-1.686314374231699720e+00
-3.976280563439372195e-01
-1.164586725770754061e+00
-1.067471662014643830e+00
-1.386812685421862756e+00
-9.007428390265883600e-01
-1.394976623820543882e+00
-1.788837121629232474e+00
-8.103568393073321552e-01
-6.006179429751168364e-01
-1.520369933544838847e+00
-1.728059176848063760e+00
-1.372246826648624296e+00
-1.531217504777668825e+00
-1.216826655523377543e+00
-1.413362571851559668e+00
-1.332761740094529745e+00
-1.919792112468333034e+00
-2.010882325071773113e+00
-5.987113038288325306e-01
-1.893352335367485484e+00
-1.876554059344091474e+00
-2.208044397822004345e+00
-1.405803761663645179e+00
-2.251167786990205588e+00
-1.331222748779535170e+00
-1.702834171350819492e+00
-8.159789479564278913e-01
-1.320459633530671528e+00
-1.831304577459644367e+00
-1.335927825904928756e+00
-1.918435985052064030e+00
-1.432010656604351784e+00
-1.018086910972901382e+00
-1.485736361275590500e+00
-7.174195297166119367e-01
-1.497895789784994935e+00
-1.868427826265272262e+00
-1.293293633726105174e+00
-9.998717914385761851e-01
-1.101355525032670091e+00
-6.748252895071087387e-01
-1.411918273779456445e+00
-9.699516895089144164e-01
-1.591101666106790713e+00
-1.460054332658100140e+00
-1.207913836359015836e+00
-8.021343670147751403e-01
-9.744874341784108829e-01
-1.320931934140514574e+00
-1.740596698506362561e+00
-1.262565179100567203e+00
-1.047604726794038488e+00
-1.635984198066122719e+00
-1.620279950014133608e+00
-2.175974970345987192e+00
-9.041136988343905223e-01
-1.294250393681143141e+00
-1.428343428768091616e+00
-8.232920060050692435e-01
-1.341914154013477134e+00
-9.386395608283106817e-01
-1.288433830455034457e+00
-2.287871260883875824e+00
-1.768772342753476057e+00
-1.152996184580463268e+00
-1.374078884577560888e+00
-1.433121035159534262e+00
-1.976669554536709672e+00
-1.063879398779580487e+00
-1.026841192780633794e+00
-1.884748964162842544e+00
-1.742468525104783783e+00
-1.104712415734770747e+00
-1.451850692117180319e+00
-1.177818096193536501e+00
-1.676035695851330609e-01
-1.348917061376881055e+00
-7.084585064619912664e-01
-1.580038033426774735e+00
-1.550758807874995870e+00
-2.021677990388770940e+00
-1.141964201505211829e+00
-1.364307393069310148e+00
-1.073840326446326987e+00
-1.999878564030538985e+00
-1.381076886495126832e+00
-1.029935020523492728e+00
-1.544051194161296103e-01
-1.367349118505245986e+00
-1.565262029921911324e+00
-1.795913898768941142e+00
-2.867559482238889235e+00
-8.282047438153061769e-01
-1.116449477912479171e+00
-1.580850682776276717e+00
-7.016323989191488586e-01
-6.789334626022776042e-01
-1.471768921196251245e+00
-7.723204543511923426e-01
-1.524481662441079965e+00
-8.952902041312325032e-01
-1.512059654918875840e+00
-1.264038612312621712e+00
-1.027857041497548085e+00
-1.338905515650470779e+00
-1.495427736413294628e+00
-1.944833324894276405e+00
-9.561108301942558008e-01
-2.047321561988650007e+00
-7.042245701047638029e-01
-1.690049450348447113e+00
-1.477438980618626108e+00
-1.972100997098785502e+00
-1.517351913036428801e+00
-1.240340794819776438e+00
-1.684814383040571517e+00
-6.104400994428762495e-01
-1.141710802776521039e+00
-1.176453918706851898e+00
-1.293025924179044939e+00
-1.359735984269655251e+00
-1.662761585203565762e+00
-1.558344174801601145e+00
-9.548691155836948052e-01
-1.073037522027958435e+00
-9.343666832454187166e-01
-9.251488193165742224e-01
-2.335375607855020963e+00
-1.409716236149658020e+00
-1.043465757360725110e+00
-6.560817467181494500e-01
-1.505652307802279655e+00
-1.292718493951108716e+00
-8.936939514977866317e-01
-1.682313843792432539e+00
-1.511589349234054414e+00
-6.887402233666191087e-01
-1.907330362350361685e+00
-1.427949323854659003e+00
-7.015692600321092876e-01
-7.312011596637337796e-01
-1.785845212962325679e+00
-2.089117482140356419e+00
-6.034646155969718428e-01
-1.028642992441856752e+00
-1.024852285552658504e+00
-3.095387833304639735e-01
-6.309616452050943458e-01
-1.468110100161386544e+00
-1.305514824642302063e+00
-4.044975698758120353e-01
-1.469837588734482114e+00
-9.233269860228117132e-01
-1.231437994873634256e+00
-1.602576804352989104e+00
-1.369761866953102203e+00
-1.548278046295817223e+00
-1.567443806034458209e+00
-1.372453005442043850e+00
-7.557324161452361189e-01
-7.266240674372217434e-01
-1.245115019694377434e+00
-1.354065258514066006e+00
-1.000800179856610850e+00
-1.516948440130822195e+00
-9.421249586479487625e-01
-1.819752703913213754e+00
-2.060237063352179820e+00
-1.440237574498486328e+00
-1.799538026436643623e+00
-1.432144261614599845e+00
-1.047597355677720277e+00
-1.374531194647861998e+00
-6.279527527545298859e-01
-1.376588297467247646e+00
-1.472781707222918346e+00
-1.445893184330469428e+00
-1.683438316568893089e+00
-1.203016416083049211e+00
-1.032106051959467141e+00
-1.176941889928138085e+00
-5.852132429414393933e-01
-1.148373584123304258e+00
-1.164566391760130326e+00
-1.763377411249440474e+00
-8.403234587712415937e-01
-1.118408445516547278e+00
-1.688602856372807270e+00
-1.372180258188546720e+00
-1.727748003666607080e+00
-6.846963187390788796e-01
-1.388795723255455972e+00
-1.091877203122490148e+00
-1.874117896743112244e+00
-1.783152205201762985e+00
-1.887607073449427464e+00
-1.181398456705754274e+00
-1.229411891598950479e+00
-2.250199564999839641e+00
-3.706737058470329083e-01
-1.192065802024476984e+00
-1.396430907406886579e+00
-9.899133387105440995e-01
-1.947256919216411308e+00
-1.222006233170429557e+00
-2.535350681852979182e+00
-1.751144731914753283e+00
-1.646264999001673335e+00
-1.077324658525313783e+00
-1.847933162009642860e+00
-1.121684602346857407e+00
-1.315307688387282514e+00
-3.361447375817090966e-01
-1.524434192952658140e+00
-2.137753130792031886e+00
-1.164265699843337831e+00
-1.725345171410851197e+00
-1.028948047723926340e+00
-1.461850985385722002e+00
-1.835732426137159923e+00
-1.650049298655656305e+00
-1.387871415050061064e+00
-1.799622955638615185e+00
-4.739023705974899081e-01
-1.002556809157895135e+00
-6.535740195194077451e-01
-1.628154613301680431e+00
-1.824675689573947768e+00
-1.614840649502835124e+00
-1.227660221926034634e+00
-9.673777955161892983e-01
-1.440354785735540322e+00
-2.137747788620064870e+00
-1.588703149191826203e+00
-1.394098273463552307e+00
-1.812567547340169671e+00
-7.595530556964260605e-01
-1.104179649248095973e+00
-1.177275595010432330e+00
-5.417250486715485813e-01
-1.065181822137877266e+00
-1.910434093451773396e+00
-1.100797708482819548e+00
-1.100351760608969887e+00
-1.284981669134405369e+00
-1.767665264341215181e+00
-1.960264331392008064e+00
-8.456092655155420523e-01
-1.683076996303360051e+00
-7.771467830540079724e-01
-9.507992656220598526e-01
-7.733813925323969052e-01
-1.257319526295991086e+00
-1.803378916687318867e+00
-1.461066696885108929e+00
-1.303925554582040736e+00
-1.018493223780492674e+00
-6.776643734546579090e-01
-1.210015300654160075e+00
-1.024863708416065666e+00
-1.727982170844209353e+00
-1.619142393125752921e+00
-1.690974296149873712e+00
-1.513081109108437960e+00
-1.241049330317193000e+00
-1.435199141258476363e+00
-1.848494380495186551e+00
-2.372897061893699533e+00
-1.032779032536975894e+00
-1.361174010212369279e+00
-1.778800217469818978e+00
-7.074310919993398450e-01
-1.973277645546588577e+00
-1.331401982821028174e+00
-1.419138473275405321e+00
-1.546900216411434048e+00
-1.145898777765060661e+00
-9.699129216477779813e-01
-2.039817564027398777e+00
-1.260082025637867975e+00
-1.465589325795960907e+00
-9.958971305449968447e-01
-1.498795215473020637e+00
-1.356840271948186238e+00
-9.191114740622592372e-01
-1.341686147155254805e+00
-8.243845158830862552e-01
-1.912330907456113227e+00
-1.478593948544272951e+00
-6.652217468950749613e-01
-1.431303407862885013e+00
-1.724389173641686757e+00
-2.197813401151279766e+00
-2.426582227269083791e+00
-1.265509268422587486e+00
-1.479506176922619876e+00
-9.518341255776570087e-01
-1.004796417074520054e+00
-1.124496499438756292e+00
-9.190764213897648638e-01
-5.946188755606951482e-01
-1.574292560969337007e+00
-1.090008833119098686e+00
-6.669641115994662250e-01
-1.578373795014908598e+00
-1.541661087215902004e+00
-1.253005396114847958e+00
-1.107305016520076624e+00
-7.983941523077402458e-01
-1.511750197502597093e+00
-1.747842945097840772e+00
-1.884288281314401292e+00
-1.360866530851258194e+00
-2.231388665237692970e-01
-1.497802471694097637e+00
-1.347273074949735250e+00
-1.892161060551142970e+00
-1.932242364665733181e+00
-1.099869822460096902e+00
-1.785781448686599493e+00
-1.646646603118118168e+00
-1.201367314591156532e+00
-3.736570042250631496e-01
-2.119162225755829798e+00
-1.682873016692806534e+00
-1.041154663536655978e+00
-9.115893066980338411e-01
-1.194499204383451474e+00
-1.200991481105927239e+00
-8.672327571675180202e-01
-9.684638112901748919e-01
-1.256466686869858851e+00
-1.845441728394793035e+00
-7.959960302505710850e-01
-8.444666583362594459e-01
-1.604680331024692652e+00
-1.661246278155003697e+00
-1.428145592451774082e+00
-1.143814028531548121e+00
-2.095267370722961875e+00
-1.164546555202962796e+00
-8.030581834096219840e-01
-9.679284372634602285e-01
-8.973046961208681616e-01
-1.669063215419756663e+00
-1.469925381600259318e+00
-7.538136715808012589e-01
-1.905866564796209861e+00
-1.232345900470015909e+00
-6.015150659717005688e-01
-9.522093743146737843e-01
-5.004563038894613847e-01
-1.418032476268149100e+00
-1.155599457072299163e+00
-1.404353727777888583e+00
-1.502000572563563896e+00
-1.712614847026174392e+00
-1.939424348088298888e+00
-1.232652291695588875e+00
-1.502082531267884935e+00
-1.030991492811498933e+00
-1.330869541588324712e+00
-1.705965024562101195e+00
-1.295138101711032608e+00
-8.588093991345435718e-01
-5.550519094339709802e-01
-1.053533492066411004e+00
-1.805615040857422304e+00
-5.170171368909035614e-01
-1.404356200435954438e+00
-1.260237394296354285e+00
-1.706457288024897156e+00
-1.733002882928773136e+00
-1.038518076587810146e+00
-1.814739610510646362e+00
-4.518639369757307400e-01
-1.550297062124901704e+00
-1.413681171132197267e+00
-1.459171181139347073e+00
-1.457402444172327893e+00
-1.170355869419140493e+00
-1.452040359812106107e+00
-1.543514688984562344e+00
-1.269302906441030832e+00
-9.870706940746072355e-01
-1.777149809545804704e+00
-1.586498274937991670e+00
-1.639094687927088234e+00
-1.372302058113476608e+00
-1.628258759567693392e+00
-1.263631141044915029e+00
-1.538663924198634181e+00
-1.261016496052253633e+00
-9.299590929730112698e-01
-6.668124813778786297e-01
-1.747147065020886902e+00
-1.662503420072358740e+00
-1.301601108058556111e+00
-8.409514259940533698e-01
-1.443555588704935833e+00
-6.977329640778084929e-01
-1.723016731783145961e+00
-1.922270728488293390e+00
-1.065853844102833126e+00
-1.643330168626409904e+00
-1.357487924452581485e+00
-1.272793001399645352e+00
-1.721406050940562427e+00
-1.671328493787396230e+00
-1.095415954540318371e+00
-1.392457454709270070e+00
-1.441952426473033899e+00
-1.639454354728127061e+00
-1.847598823226754394e+00
-1.360827595578797844e+00
-1.575215492401844219e+00
-1.628238687653816630e+00
-2.039231786707358385e+00
-1.653073445158167676e+00
-1.638576828902540417e+00
-1.555924857284094021e+00
-1.976996109407782587e+00
-1.405127382192276730e+00
-1.008996151909126393e+00
-1.305347006405807253e+00
-1.369226351118062457e+00
-1.071540397856271642e+00
-1.603065052013175507e+00
-1.287098585653222660e+00
-1.412505240721398270e+00
-1.224008961649059035e+00
-8.752115836190594855e-01
-1.066034064983466312e+00
-1.326176038083677344e+00
-1.139106149034095683e+00
-1.282850737533270280e+00
-1.422307902307647698e+00
-1.095451092800037163e+00
-1.662695809563981886e+00
-1.223878800852614024e+00
-1.358949039369019562e+00
-1.061592865288198073e+00
-1.251006111433610624e+00
-1.026778945388084896e+00
-1.067723925306417687e+00
-1.483918078550634068e+00
-1.632475167683733464e+00
-1.253120822712905369e+00
-1.391187127533236367e+00
-1.719068205738946364e+00
-1.858129944968027747e+00
-1.300106235828281331e+00
-1.703807540862886771e+00
-1.629122567680941547e+00
-8.792810781248810992e-02
-1.334351645674482167e+00
-1.318446073023107790e+00
-1.255691540418788055e+00
-1.521846791202705607e+00
-1.553617158872019122e+00
-1.676358937907889146e+00
-1.382628120239527636e+00
-7.718631057844445031e-01
-1.617681883970047085e+00
-1.088595045932475802e+00
-1.396206106115105872e+00
-1.292912396244059625e+00
-1.341111039107854896e+00
-7.873929502428116400e-01
-1.777070044684741834e+00
-1.059991618828073801e+00
-1.684205481737433008e+00
-8.585087556933399533e-01
-1.229895570221377188e+00
-1.047047893716030575e+00
-1.776032495772807085e+00
-1.343187783328521068e+00
-1.545707477767340965e+00
-1.065967775956214059e+00
-1.856510871296670917e+00
-1.755069298087395868e+00
-1.533539972226020343e+00
-1.155486452659076679e+00
-1.976941550104257761e+00
-1.384261855761728999e+00
-1.288230493663239162e+00
-1.146735178248281972e+00
-1.901138362892497380e+00
-1.199624339992400923e+00
-9.428609445189342075e-01
-1.029873818216028969e+00
-1.808025745906139736e+00
-1.321069188299756281e+00
-1.471310634417195562e+00
-1.951114271971317482e+00
-8.804481474620229342e-01
-1.513818935799588150e+00
-1.356485243762755699e+00
-1.181470726116572667e+00
-1.102137679093410316e+00
-1.189617489122096305e+00
-1.794955532969627843e+00
-1.849018857667243498e+00
-1.398121266378506977e+00
-1.577553169225300866e+00
-7.618602253352553255e-01
-6.336061373657746465e-01
-1.068464084657673840e+00
-1.351465265254443882e+00
-1.583993158179741290e+00
-2.090208672310180038e+00
-1.757396491189485932e+00
-5.089667387456846548e-01
-1.155115900721768174e+00
-9.909133849841045283e-01
-6.644253635254711021e-01
-1.228889730630907895e+00
-2.452628272372678442e+00
-1.241741953763894291e+00
-7.835903936295527394e-01
-1.843380497312864907e+00
-7.388005911798551928e-01
-1.418787635189712848e+00
-1.240429405776029004e+00
-1.270535447674092655e+00
-1.630526039346375189e+00
-1.174540263730673662e+00
-1.245693937965360210e+00
-9.598436697843379939e-01
-1.749555057770909361e+00
-7.558774704338238060e-01
-1.860341773573896962e+00
-1.255246068878502985e+00
-1.829422330911594674e+00
-1.454627791615164534e-01
-1.066187617241770358e+00
-8.785511517889195154e-01
-1.176849180230032932e+00
-7.941414828346506916e-01
-1.517562952102750717e+00
-1.168206029277506719e+00
-1.792201986019936744e+00
-1.347166983101385274e+00
-1.710667856245816854e+00
-9.060851522118942292e-01
-1.585696556809278679e+00
-1.801178815613731832e+00
-1.664044420726906726e+00
-1.098714684974151812e+00
-1.567665958698154061e+00
-1.145778610864992775e+00
-1.195793428502601063e+00
-2.167410111330465572e+00
-1.224089716948161044e+00
-1.461760865195009362e+00
-1.189344429906063372e+00
-1.104171566999089027e+00
-1.514263219531600146e+00
-1.889896359776134904e+00
-1.387324106696813164e+00
-1.585165920915948323e+00
-1.556775053427692956e+00
-1.240459581247556731e+00
-1.233848060327016771e+00
-1.276565587117194145e+00
-1.347289516128999498e+00
-1.594723703516376379e+00
-1.250811894970820237e+00
-1.413924607210639284e+00
-1.049061068429783194e+00
-1.380674245489603269e+00
-1.372975196579198087e+00
-8.752325007732264517e-01
-1.562422445155885686e+00
-1.335082468785735887e+00
-1.306843441130105976e+00
-1.228825967900345706e+00
-1.889567931291703307e+00
-7.078183150083998676e-01
-1.364207891363023339e+00
-1.175858786362690811e+00
-8.703852211732976407e-01
-1.659040300113748589e+00
-1.146376500835821322e+00
-1.102181864962688440e+00
-1.065462981758220185e+00
-1.214457747493196127e+00
-1.153200042642656076e+00
-9.188289675460041828e-01
5.207326971981579566e-02
-1.245824340095748273e+00
-1.146535271383236410e+00
-1.697681483029822136e+00
-1.205190683284389497e+00
-1.996521605750718908e+00
-1.478951994653876501e+00
-1.041083719684085640e+00
-1.681276108050280715e+00
-6.854040360020090539e-01
-1.255180299041708469e+00
-1.682354576856404993e+00
-1.500261259272769099e+00
-1.685979054135288369e+00
-9.595439802881746694e-01
-1.612966571353819933e+00
-1.715235605304137767e+00
-1.197556740160746092e+00
-9.838924401233559713e-01
-1.014053435974052508e+00
-1.837533415810920889e+00
-1.196887665643221244e+00
-1.208828593615134839e+00
-1.219923833775127253e+00
-2.071675523467979563e+00
-1.150897962357906312e+00
-9.536698128418774623e-01
-1.012350972150031669e+00
-5.987541534980711511e-01
-2.140914499363493650e+00
-1.883212317412703118e+00
-1.227324027150459518e+00
-1.307927187630089083e+00
-1.551688021779430660e+00
-1.457651768401417858e+00
-1.437403862453220160e+00
-1.283829746943077499e+00
-1.376850491689215250e+00
-1.416386857022157830e+00
-1.589973783493754400e+00
-1.405971509237147199e+00
-1.493124048149742311e+00
-1.781528032011206353e+00
-1.942153392065233408e+00
-1.894391110001873546e+00
-8.563942832069435518e-01
-1.446654813995579492e+00
-1.687787136998448734e+00
-1.436320211549424020e+00
-9.083938123690953326e-01
-1.458311377889203175e+00
-1.510588500495377406e+00
-4.759949999214581617e-01
-1.303237090810004606e+00
-6.690977634560693055e-01
-1.802892346497831699e+00
-1.347643198819547639e+00
-9.836657823718160110e-01
-1.260943943641546827e+00
-1.822973001093594281e+00
-1.228316399661551817e+00
-1.305068200524925448e+00
-1.061514621578912188e+00
-1.350189618831219907e+00
-2.559181522282749643e+00
-2.036527622633105938e+00
-1.651850095375405392e+00
-1.477404683340982405e+00
-1.257950354731523834e+00
-1.434097393788690500e+00
-1.130037092831156276e+00
-9.803391124715017391e-01
-2.463248602063462744e+00
-1.292012750263236587e+00
-9.922806363756291326e-01
-1.286679806910342894e+00
-1.121389255152575704e+00
-1.171172019732467096e+00
-1.451253552267563141e+00
-1.346720117029523767e+00
-1.193532354019442909e+00
-1.856730141509335130e+00
-7.674539610102404374e-01
-1.090368405709963628e+00
-8.842989145262447614e-01
-1.869201156718574897e+00
-1.273433780340603949e+00
-1.523831801390418850e+00
-1.687736677865349311e+00
-1.308735732274481922e+00
-9.548247146968837917e-01
-1.413648779406383671e+00
-1.165751991113222363e+00
-1.449736541453507943e+00
-1.611413531118526254e+00
-1.639875699082442129e+00
-2.070132934505167999e+00
-1.578846535163278109e+00
-1.084933364744625539e+00
-1.110356954452602185e+00
-1.870396939869096276e+00
-1.105912480931611430e+00
-1.090592612300082198e+00
-9.723969739023758940e-01
-1.534729309606304160e+00
-6.188462603126692052e-01
-1.084649275127486323e+00
-1.865272131119177335e+00
-1.229027502514402403e+00
-9.973986264880454478e-01
-1.504205256139354407e+00
-1.336932982133364423e+00
-1.187965954675528568e+00
-9.720939758401994091e-01
-9.057409126524516019e-01
-1.412678683720546946e+00
-1.168365626801659563e+00
-1.495504043755510271e+00
-7.805371299475258873e-01
-2.143740810643340655e+00
-9.491057236460651581e-01
-9.545143067918542279e-01
-1.236786718156875242e+00
-7.746379740743027931e-01
-1.388067369088604952e+00
-1.319219066691492248e+00
-1.139490926169511642e+00
-1.393945784354866380e+00
-1.484678621800668896e+00
-7.648859700609382806e-01
-5.814766167789096052e-01
-1.346242798092579296e+00
-1.750509058606692481e+00
-1.772371879234484471e+00
-1.784988377830682982e+00
-1.575098573205238939e+00
-1.923965857395007806e+00
-2.191014182896882989e+00
-1.658279947285191458e+00
-1.020193779398113509e+00
-1.213299465436513902e+00
-7.859750345986147302e-01
-1.426706389457506052e+00
-1.206893088049554752e+00
-1.713320832418525175e+00
-1.436772172425357486e+00
-1.497007616682296760e+00
-1.522984526282411100e+00
-1.276944059911596430e+00
-1.313977825058831872e+00
-1.425615250159598890e+00
-1.466434025568880362e+00
-1.131234940604937567e+00
-1.702476799884980796e+00
-1.788634570896601605e+00
-1.740970082070621761e+00
-1.105652610815760273e+00
-1.606719489986116134e+00
-1.173892292470068544e+00
-1.708106337972385536e+00
-1.048809278701213987e+00
-1.632307280412913730e+00
-1.414780222208979144e+00
-9.108307338599286318e-01
-1.542232162512480631e+00
-1.378034202929438568e+00
-7.397443300362103180e-01
-1.326066470492557325e+00
-1.346966679752438001e+00
-1.385389658912217659e+00
-8.239299803025450508e-01
-1.655553038533618793e+00
-1.621352164574951349e+00
-1.501911476722970651e+00
-1.787294920516867780e+00
-1.878646544506889615e+00
-9.084068892719341370e-01
-1.365052456205387177e+00
-1.472263398009758806e+00
-1.619804461814761343e+00
-1.433449982950190549e+00
-1.529434010098424057e+00
-1.609424292049383087e+00
-1.042767545436714460e+00
-1.574020916977108886e+00
-1.461822254876701255e+00
-1.590656801491168171e+00
-1.543747477843180338e+00
-1.254457789163709425e+00
-5.353071534548061727e-01
-1.416011875974615197e+00
-1.230063753708155350e+00
-1.788331955726349509e+00
-6.834941032758803381e-01
-1.041108036364729816e+00
-9.322133929237463867e-01
-1.082146430367427303e+00
-1.442088627085372554e+00
-1.313544440986914807e+00
-1.159528105852871693e+00
-1.593802241449868706e+00
-1.496829676630494266e+00
-7.511302959704502236e-01
-1.360265707652669409e+00
-1.604779947073361246e+00
-1.269662451443359874e+00
-1.471315222267862044e+00
-1.240012227108863829e+00
-1.523449228595428639e+00
-1.428519799600433959e+00
-1.369283981708602216e+00
-1.439242311954448628e+00
-1.088585838501515912e+00
-1.806677295304244257e+00
-6.638137255980720575e-01
-1.618977826876669912e+00
-9.307716206062335296e-01
-1.189507959392589687e+00
-1.696789835093931220e+00
-1.691114377988573114e+00
-1.500352932525850225e+00
-1.724999143499700072e+00
-1.249878311106766393e+00
-1.201236919537479242e+00
-1.111120222575153083e+00
-1.514065413431469498e+00
-1.572421340022643665e+00
-1.524961727453974181e+00
-1.432997119706624023e+00
-1.325011998598118357e+00
-9.261009904404713389e-01
-1.699576799097802127e+00
-1.148454031032063671e+00
-1.733167581240119492e+00
-8.406077338683037858e-01
-1.127222313943541554e+00
-1.358711448387023513e+00
-1.200674602957530812e+00
-1.678439081860798598e+00
-1.515297075953836003e+00
-1.696374645245086743e+00
-1.615542247439095025e+00
-1.059028567131879317e+00
-1.099069776034550916e+00
-1.102025958448971554e+00
-1.183565139874030780e+00
-1.193362453402631917e+00
-1.421821255842893539e+00
-1.158064740693714345e+00
-8.505553075692700027e-01
-1.079265998097654222e+00
-1.863815947845079979e+00
-1.788566239309880235e+00
-5.221122930352675162e-01
-1.842607539214939916e+00
-1.110534918059805864e+00
-1.317047373310672231e+00
-8.107829902761705121e-01
-1.747836286130443728e+00
-2.109742540739770522e+00
-1.127736558270353573e+00
-1.592575568799315722e+00
-1.122564521338294430e+00
-8.715322189161072153e-01
-7.606238488953747101e-01
-1.768715956231318831e+00
-1.724726703286361573e+00
-1.006871766677724711e+00
-1.701772600900163912e+00
-1.237983321722293528e+00
-1.681541807388516663e+00
-1.089242617091099152e+00
-1.353189385510809917e+00
-1.225572714799735952e+00
-1.429149996490397978e+00
-1.227748485801914757e+00
-1.509077195496435042e+00
-1.077436126607333566e+00
-1.444484903636283679e+00
-1.870208041069940652e+00
-8.662042256407471719e-01
-1.068568514895194443e+00
-1.363387085921673236e+00
-9.710012367268743283e-01
-1.232134929005195279e+00
-1.053344817866947114e+00
-1.087391653454569340e+00
-1.901905688723957599e+00
-1.374133863679415146e+00
-1.119505159352929713e+00
-1.278130114047361099e+00
-1.542997828359454093e+00
-1.563266956274795394e+00
-1.545789113721528274e+00
-7.194470174713214483e-01
-8.030158525904806943e-01
-1.364343172773914592e+00
-7.327508896232806102e-01
-8.165364933179710683e-01
-1.270907458093600173e+00
-1.215035663769310492e+00
-1.681083435348778909e+00
-5.528201966616355101e-01
-1.231697317434813588e+00
-1.541807874560636282e+00
-1.475191178264023240e+00
-7.876766468349782890e-01
-1.515427146716203044e+00
-1.282211368535857599e+00
-1.335461159306192247e+00
-8.901783646076109058e-01
-1.349815820059620197e+00
-1.400061203562632972e+00
-1.250027938778205172e+00
-1.097872804919334033e+00
-9.385774542218716654e-01
-1.101377940490353868e+00
-1.384386784724334962e+00
-8.790364224988214126e-01
-1.431410051658066340e+00
-5.264351152187924932e-01
-1.063091826635130577e+00
-1.421381699425538603e+00
-5.868537605624557507e-01
-1.902631481991559514e+00
-7.279914117795676098e-01
-7.233213319762552551e-01
-2.047858198996078460e+00
-1.976134567292927802e+00
-1.316761182367831129e+00
-1.688002305503328859e+00
-1.510828880789969464e+00
-1.325988659352621557e+00
-5.247465384998162286e-01
-1.361309696994379426e+00
-1.662820093241930142e+00
-1.241949469274758133e+00
-1.740188964318975184e+00
-8.766511719901441957e-01
-1.236933371139649740e+00
-8.263727836498753199e-01
-4.980089383421205107e-01
-1.440897153321501367e+00
-1.318044724511903798e+00
-1.315733227295563967e+00
-9.937753039243930608e-01
-1.673225128632332304e+00
-1.853065184726272907e+00
-1.350617174070940951e+00
-1.698574412184820748e+00
-1.060188622672836534e+00
-1.134530609335417939e+00
-1.589066145702702659e+00
-1.347162659155256126e+00
-1.403548222539374724e+00
-1.316607165478413055e+00
-1.492085701279191046e+00
-1.172436178652614291e+00
-8.144747578592839155e-01
-1.296498981812329365e+00
-1.510386113505742589e+00
-1.401966130631361995e+00
-1.723722747526605037e+00
-1.748115990120128860e+00
-1.705482497249680041e+00
-1.749892799354992423e+00
-1.362011073849974441e+00
-1.514319461913050890e+00
-1.252223124656293596e+00
-1.427842448631200245e+00
-1.048687691888968931e+00
-1.672468888245728369e+00
-1.121935022869998466e+00
-9.547713213749564609e-01
-1.611793357345903122e+00
-1.248616158733499848e+00
-1.491806431360292340e+00
-1.660538964504539639e+00
-2.159566193197069328e+00
-9.004828639214115249e-01
-1.533729102063585703e+00
-2.027439020082173915e+00
-9.491936607920590241e-01
-9.317077031057343639e-01
-9.097268255836863382e-01
-1.648172032639248830e+00
-1.273761825235059764e+00
-1.823536829819549343e+00
-1.467524109292160706e+00
-5.432525942346484449e-01
-2.386589154112290334e+00
-1.367182934413350370e+00
-1.560967858169093336e+00
-1.476804559455813237e+00
-1.843500531860837288e+00
-7.233233511470182897e-01
-1.011728089479988046e+00
-1.097377796609951606e+00
-1.571850148714667217e+00
-1.493010650896007707e+00
-1.435681028752807453e+00
-1.639631381331288384e+00
-1.776996320799482998e+00
-1.250061380453712179e+00
-9.025205450836861765e-01
-1.188793544277306768e+00
-2.235730953356263928e+00
-9.551085583422431746e-01
-1.142707673806715452e+00
-1.433977381123331174e+00
-1.068776106206037912e+00
-1.018981962276808151e+00
-1.287573300229571505e+00
-1.321208195480713332e+00
-1.099624767360245503e+00
-1.919415538830339774e+00
-1.931898702359778230e+00
-8.162720175447089055e-01
-1.552189597341147920e+00
-1.500513330760217645e+00
-7.361674162959244150e-01
-7.221062388863868087e-01
-1.490000655349573488e+00
-1.150940889671542511e+00
-3.833888581606897383e-01
-1.386545043956076473e+00
-1.107894179526703216e+00
-1.335414773161098356e+00
-1.111958630420130323e+00
-1.365017909586665912e+00
-8.798542339874839691e-01
-2.502187710168432222e+00
-1.525491962476760666e+00
-1.178493318779591181e+00
-1.665911664376122037e+00
-1.131527867474862337e+00
-2.058399724071553027e+00
-2.102926974168565000e+00
-1.022923222504840357e+00
-2.001344951198607891e+00
-1.142272660674013895e+00
-1.061254223919104067e+00
-1.765463657216490123e+00
-1.478705455850250150e+00
-1.536451550664783117e+00
-9.680339461679356994e-01
-1.328142406916658746e+00
-1.597369966228751270e+00
-1.460279846240038371e+00
-1.349056126076167761e+00
-9.963156246632132174e-01
-9.372550417284313262e-01
-1.529467309968769673e+00
-1.193398754773151271e+00
-1.033722036662251487e+00
-1.564132682944024300e+00
-7.348302941756590378e-01
-1.120029507086290455e+00
-1.086549682667343308e+00
-1.492386626151411821e+00
-1.046623746091534191e+00
-1.528376496149416841e+00
-1.757861464874860946e+00
-7.251595232562348947e-01
-1.261360302044221005e+00
-1.102843191751502250e+00
-2.017696737198804602e+00
-1.805727967469874518e+00
-6.335671843357855160e-01
-1.036651962590479759e+00
-1.041057231235865022e+00
-9.678757613539024085e-01
-1.165158492644949195e+00
-1.250607379288827037e+00
-1.871251326095521694e+00
-1.535811641431525931e+00
-1.786958731537357625e+00
-4.137775726096256101e-01
-1.378639284706065116e+00
-1.118114002672632612e+00
-1.148445171128070985e+00
-1.904623208112497412e+00
-8.546933458578629406e-01
-1.815299933726358450e+00
-1.210955735850728576e+00
-2.068992875100113427e+00
-6.751914626115538276e-01
-1.380082497180037837e+00
-3.244520217787579264e-01
-1.416797384044020891e+00
-1.314435731707991994e+00
-1.376373926615397369e+00
-4.039623438249689280e-01
-1.665378943807696022e+00
-1.181788254248717696e+00
-1.301343518116585773e+00
-1.477500789085045785e+00
-1.478813917158821045e+00
-1.205635113350258525e+00
-9.402542396859101537e-01
-9.819364194859159234e-01
-1.224143264810255705e+00
-9.526012426984533654e-01
-1.783048530495808581e+00
-1.559384924563583130e+00
-1.610068776192858042e+00
-1.967981330520317318e+00
-1.241738639712619108e+00
-1.076557468998185829e+00
-1.100824103387922026e+00
-1.737699691671271029e+00
-1.525797261580944753e+00
-1.752589584095311626e+00
-1.126393687311218361e+00
-1.664658518221017847e+00
-1.364606374872004313e+00
-1.370084388706278578e+00
-1.805831985199024547e+00
-1.107531822313927439e+00
-1.435936213660359062e+00
-1.232871393796916681e+00
-1.241923108899815720e+00
-1.426856154955413292e+00
-1.289656298448314420e+00
-1.385487752746226153e+00
-1.071452547296444013e+00
-1.470893456946012368e+00
-6.924013609215848852e-01
-6.986659284300036354e-01
-7.761376971834157423e-01
-1.165046135746945044e+00
-8.641788312156930552e-01
-1.279595610376258907e+00
-1.020024449247650455e+00
-1.729029465177678748e+00
-1.429546032131533639e+00
-1.594944415011287919e+00
-1.772180789140147983e+00
