-1.077304368314410343e+00
-7.529701945436362287e-01
-5.533617600258691205e-01
-1.055191450120038343e+00
-1.099037842086805217e+00
-9.849379818204764270e-01
-4.741938702471455991e-01
-6.306446052036709382e-01
-8.448476721360518304e-01
-5.724017013908917484e-01
-8.954742287714663185e-01
-1.130291199488269616e+00
-8.768352902836871188e-01
-1.022727638564088881e+00
-8.392408469712617780e-01
-5.182054296062372778e-01
-7.926534594350482799e-01
-1.203068960850587121e+00
-8.662322584817556681e-01
-9.160900273862151444e-01
-6.403478259208168488e-01
-6.702532209009288700e-01
-6.312653667718319817e-01
-1.100988996609718829e+00
-1.311516341622323001e+00
-7.407977699876266975e-01
-1.085805667102957006e+00
-8.499994765434277788e-01
-1.015846810653617371e+00
-5.947245924022763752e-01
-5.224925807042049009e-01
-7.739095624212635194e-01
-3.265093632782485877e-01
-1.100749553466503716e+00
-9.241221799679490978e-01
-7.315144386791652131e-01
-1.207501280620040252e+00
-9.519259887443962675e-01
-1.043738097878741389e+00
-9.053850303998527416e-01
-1.101867848534521688e+00
-9.368736912071509160e-01
-8.812248379697007472e-01
-1.020402283979440217e+00
-1.042609726239309698e+00
-6.452770837618477806e-01
-9.718385286359461084e-01
-1.180904580242728930e+00
-8.338995671865174764e-01
-8.951364906128511656e-01
-1.158593297817422485e+00
-5.351913664174081653e-01
-1.088615863285746332e+00
-8.588016295448501758e-01
-8.811250963988865870e-01
-8.680082623974709755e-01
-9.277264031355909601e-01
-7.983461532112365866e-01
-1.115188555798856118e+00
-9.091131002378500803e-01
-7.684964483137446400e-01
-1.195572855045189176e+00
-6.770266569509044707e-01
-9.621386157376972115e-01
-6.377232427379664337e-01
-6.814205813905531706e-01
-6.504329143983054173e-01
-6.793370238819318452e-01
-4.438461933232376588e-01
-7.146427814682820845e-01
-8.504600466406526671e-01
-9.570256647703385688e-01
-9.119847535041576414e-01
-2.839497014035683997e-01
-8.709041848352581106e-01
-8.576231147673500921e-01
-8.480295949562948188e-01
-5.487398026510761362e-01
-5.511136272090628729e-01
-1.146681542235182594e+00
-8.729472609383930326e-01
-1.221927818983055136e+00
-6.518001894308480537e-01
-1.368223509782542369e+00
-5.908138154642128548e-01
-3.559677762455888961e-01
-6.133891868016374538e-01
-1.064270687912536761e+00
-8.883255435648789167e-01
-8.853319392843599367e-01
-6.036333178763588769e-01
-7.792375081277538307e-01
-1.084993321326959137e+00
-4.791277467986501670e-01
-1.003231768820900260e+00
-1.090558617837740218e+00
-1.324393771604623016e+00
-7.822471847005059153e-01
-7.223640575824217258e-01
-1.085039514505130587e+00
-6.914118544377214626e-01
-1.070302559204817872e+00
-6.603050655528872603e-01
-5.862120095161464928e-01
-3.978089737994037756e-01
-6.209796745490376857e-01
-6.724622070139329999e-01
-7.678395020009571859e-01
-5.587274385077631855e-01
-9.587510727545702771e-01
-9.310895332857822559e-01
-1.026614420196427790e+00
-1.108690222775916556e+00
-9.126803196933619411e-01
-9.470092368068345756e-01
-7.426501201952473430e-01
-7.503392087700544444e-01
-1.230142294861476859e+00
-6.690483951501566828e-01
-6.881764805566228382e-01
-9.770940554582101534e-01
-1.211838916173232139e+00
-8.857150819859254121e-01
-9.032165583982245671e-01
-1.043440067079578260e+00
-8.041086879133243492e-01
-7.667877156128981575e-01
-6.699471579743740968e-01
-7.339009747339457768e-01
-6.348539892926585715e-01
-8.687766779923289384e-01
-5.121363791943331911e-01
-9.150204572786120316e-01
-6.238897515098860147e-01
-7.468372420776243636e-01
-1.105943588819333190e+00
-5.568401978142891728e-01
-7.053192325443551347e-01
-9.025098598113250326e-01
-1.022365326718297940e+00
-5.381614213152698944e-01
-8.319107133770740070e-01
-8.388127258917283946e-01
-1.439270085093430129e+00
-7.260019841395330964e-01
-1.142468978941958202e+00
-5.926356108925117105e-01
-1.179849497326291630e+00
-1.376309448830934645e+00
-1.147907294571274495e+00
-8.173221996899582287e-01
-8.567531221436994748e-01
-9.748033869719390232e-01
-7.840666111209277922e-01
-1.029977764369150339e+00
-7.441844439804801148e-01
-9.026091054266029978e-01
-1.050865287439223028e+00
-3.374622647902812411e-01
-3.542672337464770060e-01
-1.235557805608650472e+00
-6.886934976737646430e-01
-6.921518359135530041e-01
-1.078350133998445148e+00
-1.277460315198226670e+00
-8.342045979261389910e-01
-9.601696750976995709e-01
-4.030797819190650721e-01
-1.153123960949575366e+00
-8.221377196596653114e-01
-6.799325548932597663e-01
-1.022876997360885998e+00
-6.456048049567510994e-01
-9.222017916203610888e-01
-7.387092799721242109e-01
-1.222280567715046562e+00
-9.366731920834898695e-01
-5.179201098273231718e-01
-1.608874900724285073e+00
-1.080413769161435500e+00
-5.213621192724908759e-01
-7.317197915403039765e-01
-7.746448554959965982e-01
-4.794113896083929682e-01
-9.999936880798405703e-01
-1.594740372642487802e+00
-1.292354981162997962e+00
-9.805349384932147139e-01
-7.448404747493637679e-01
-4.581737950344658139e-01
-6.110094006670476752e-01
-8.919305196243212386e-01
-9.127016970075101376e-01
-4.317452102356225674e-01
-8.888159255785237356e-01
-6.203221190123859863e-01
-8.575840369815321829e-01
-9.024915739766581346e-01
-7.707809621557939472e-01
-9.712661317812671946e-01
-1.079191245306539759e+00
-8.955506957353098763e-01
-1.369627298828956175e+00
-6.681408615935322537e-01
-8.621563222127943682e-01
-6.131301012663752381e-01
-7.494620298979737250e-01
-3.297518985252350654e-01
-9.955627423354624916e-01
-7.425521723872745561e-01
-7.338133262445052374e-01
-1.155155158205623867e+00
-1.114470741587787916e+00
-1.080494497028102518e+00
-9.418718569204540536e-01
-5.262815286442230622e-01
-8.268271547906711483e-01
-7.209890488688164289e-01
-6.811369412107421972e-01
-5.458011250151995064e-01
-8.206505604193918835e-01
-1.179855064267556930e+00
-6.928740407306119842e-01
-7.899642988755837258e-01
-6.780110963962155957e-01
-1.224415645260748864e+00
-1.404453995602825689e+00
-1.117951251477212526e+00
-4.062552965443484987e-01
-5.343030957606242914e-01
-1.066037635424376351e+00
-6.591209536393987101e-01
-7.441346260743313401e-01
-3.080330408755683202e-01
-9.431298156556633394e-01
-1.123425369578971544e+00
-1.207372101584745838e+00
-1.218573046207720001e+00
-1.406658428759599122e+00
-9.792823215414583338e-01
-4.702712185880107421e-01
-5.464923380192190372e-01
-8.184285398226376351e-01
-9.480821018608662776e-01
-1.180615811987145714e+00
-7.622231043665590455e-01
-1.218077136849399000e+00
-1.181506441960767706e+00
-8.257226462110698328e-01
-7.447681859264503323e-01
-9.371059658461899922e-01
-7.479419172691845752e-01
-1.471548596773331941e+00
-1.061405705304200087e+00
-6.095126676497284457e-01
-8.246731382007479461e-01
-5.977006565885365497e-01
-1.200324591565224086e+00
-1.096282227604913562e+00
-5.844272830072818614e-01
-6.217655312760794750e-01
-7.869427833691102769e-01
-1.130523229549141195e+00
-7.786121264372067863e-01
-5.287172120531136166e-01
-1.509777701714523079e+00
-4.886231322451740078e-01
-3.136401429550415565e-01
-9.537974321416133883e-01
-9.120304897479756256e-01
-1.336925217336013549e+00
-4.664055203566062624e-01
-7.559403149324634974e-01
-9.417500642446161585e-01
-6.363519695496830941e-01
-9.991761318688969773e-01
-1.055069417715412516e+00
-6.076239781353547365e-01
-1.114089901971031527e+00
-9.649863071929201119e-01
-8.207381769205785993e-01
-7.345710751462637411e-01
-9.073544427346544872e-01
-7.279753917610425340e-01
-1.359941417859371615e+00
-8.026814639539794349e-01
-9.767082509259688017e-01
-8.493340628716024021e-01
-5.135685223654860021e-01
-4.632907070169776653e-01
-1.098767266980600343e+00
-1.353696918460333354e+00
-1.012187253401731102e+00
-6.328196235531327041e-01
-3.851526422960796503e-01
-1.125576987053339639e+00
-6.999729199475699382e-01
-7.803731990171240973e-01
-9.836688175812722257e-01
-6.424643834442380630e-01
-6.825321207092369669e-01
-7.946322295972021443e-01
-8.389425892542985430e-01
-1.228245615961885751e+00
-9.125817725571434558e-01
-8.826974498819137871e-01
-7.068223259826820204e-01
-6.426964021526981874e-01
-1.280024723743235615e+00
-2.781367864663733536e-01
-7.750057535554550903e-01
-1.168290959701149934e+00
-5.572084044766261179e-01
-4.666435936910145466e-01
-9.008671486571171449e-01
-1.314259166840021198e+00
-1.269509997152678427e+00
-7.735453355721699786e-01
-5.373143743125443628e-01
-4.439557562729228857e-01
-7.024410093233846020e-01
-5.591141079791950297e-01
-1.085355469241712445e+00
-8.276910287617593731e-01
-6.353389926446273428e-01
-8.467549072264195509e-01
-1.144299237985361817e+00
-5.008440282191242154e-01
-8.436543728659384733e-01
-1.095623031720674323e+00
-3.350365070321968397e-01
-5.344357258963730040e-01
-8.794696841483866656e-01
-5.508760385557462946e-01
-6.590359468561186596e-01
-6.532380600711680252e-01
-5.789559067889098465e-01
-7.633636383602859787e-01
-8.559088313291050021e-01
-8.082844893171139411e-01
-7.966183342014141466e-01
-7.311645367067964862e-01
-6.562717766752514947e-01
-9.417531330547856960e-01
-1.093883835579408714e+00
-9.501976114043597654e-01
-1.123365631486575200e+00
-1.038655546021506115e+00
-1.098139996202573077e+00
-7.753965764977590602e-01
-8.926601178361299738e-01
-8.031596132658944676e-01
-5.502785895912478686e-01
-5.833393583027910445e-01
-2.023045244085080463e-01
-6.688223414923339938e-01
-8.123850759400785826e-01
-7.609347034691649192e-01
-1.138034199022666559e+00
-3.771015665677653339e-01
-1.026903058340519426e+00
-1.065833140502118415e+00
-1.125027777139177676e+00
-5.086588206406443824e-01
-6.526098689478794235e-01
-1.326629260302049307e+00
-1.113073409063006114e+00
-7.898098164268287924e-01
-6.180186938681946351e-01
-8.172258157496981035e-01
-4.159046771408508314e-01
-7.315966563802693834e-01
-8.157441973127430579e-01
-4.397362281475563628e-01
-5.572244474880787557e-01
-7.805645486306045377e-01
-9.365888560312929378e-01
-1.026541789906030733e+00
-5.453915383960077357e-01
-1.266767206334844520e+00
-9.049068464616465413e-01
-8.115213562737761954e-01
-4.422448549562472686e-01
-8.661559317096920729e-01
-7.105418127551605956e-01
-4.768653353112780047e-01
-4.847138985363881880e-01
-1.502754465059308320e+00
-1.018650863784781535e+00
-8.070185602530526303e-01
-6.379161579592396158e-01
-8.587498305709826418e-01
-8.251170604316340196e-01
-9.458142514847769355e-01
-1.009587534392597963e+00
-6.761866961980822488e-01
-7.360169317873510586e-01
-9.728062696697610257e-01
-1.004922319937648911e+00
-8.351423319988389160e-01
-9.779337755383719077e-01
-7.414470802985637654e-01
-7.553895659556535414e-01
-6.656373372165700353e-01
-3.476955831006134923e-01
-8.055349781259413255e-01
-7.183444908737866008e-01
-8.717416115021561218e-01
-9.329915939274013859e-01
-8.365899491341086680e-01
-9.207447435120710288e-01
-9.180950069131417202e-01
-8.582517188886318316e-01
-6.798952613486632934e-01
-5.769803188485878032e-01
-8.101576660840774657e-01
-8.281566296324709420e-01
-4.465682890383484982e-01
-1.324753450043708813e+00
-7.211812010695024533e-01
-9.950212248607255283e-01
-7.509897411820642965e-01
-5.567389366084296576e-01
-9.566938041551229510e-01
-7.591117381580105850e-01
-6.800486205764930681e-01
-9.471841680711929889e-01
-7.560133687793748614e-01
-5.946774048387379885e-01
-9.015400435160025872e-01
-6.662028510473345655e-01
-8.032562092122614850e-01
-8.002052852746541767e-01
-1.051918555465260585e+00
-6.298218387382985561e-01
-1.094180326425690186e+00
-1.251941916804018451e+00
-9.345175817865940537e-01
-8.964803076014615790e-01
-1.100086940619935394e+00
-7.423885069026359140e-01
-1.175934505683994491e+00
-8.255751969334323981e-01
-6.329370833292178311e-01
-4.172639344230835712e-01
-5.663780508284124160e-01
-1.502931251761158382e+00
-1.113306420983657841e+00
-8.175005249505535865e-01
-6.645677253465405165e-01
-1.211165875574000683e+00
-5.974061736126725641e-01
-8.134645090807812728e-01
-5.968009204504025611e-01
-5.992394514408592165e-01
-9.186589612624751489e-01
-1.044847536123097331e+00
-4.605597445290823821e-01
-9.097921069972056962e-01
-1.013221729981103270e+00
-9.540816037503216940e-01
-1.037507300651534070e+00
-1.094296743076573097e+00
-1.107289746414660048e+00
-1.051736279774353466e+00
-8.259519530541763466e-01
-4.793883345142800345e-01
-9.841604880523573406e-01
-7.148016266215972969e-01
-1.124357345014818765e+00
-6.664286963992407387e-01
-7.428916406065728673e-01
-8.639594740948877138e-01
-3.445405796871026660e-01
-1.099578655213715894e+00
-2.811361384359512550e-01
-9.611323462226946113e-01
-6.499841366551142308e-01
-6.777129698536978886e-01
-6.873098211542267855e-01
-7.307022254198192179e-01
-8.483233006954660205e-01
-9.246600942251217425e-01
-9.786596760848387255e-01
-7.345074557960065142e-01
-7.387262353594548081e-01
-1.015712244659209507e+00
-9.275093248629215914e-01
-9.950059829884989604e-01
-6.790035374406753199e-01
-7.160901826936627579e-01
-1.176468445502902416e+00
-8.984945605971401683e-01
-7.605548528788301788e-01
-7.016973085385296294e-01
-8.302658913421834264e-01
-8.738220426018910025e-01
-8.518013820946888082e-01
-1.116467815025292243e+00
-2.164949760766288755e-01
-7.642200355070163376e-01
-7.630451211661406496e-01
-1.236279173922508523e+00
-1.338703182781511902e+00
-9.971942199470906765e-01
-1.098096373476405763e+00
-7.481763590815373455e-01
-8.766543048052608533e-01
-1.340005387275164939e+00
-1.001632683095092791e+00
-1.288943498718197578e+00
-4.698117248478764219e-01
-7.511940773556173845e-01
-1.005095613823716594e+00
-1.089826443320884852e+00
-1.233301251495055428e+00
-8.395325457929421198e-01
-5.620599678643327657e-01
-9.798733092894598151e-01
-8.825177540932966913e-01
-6.993840664004857821e-01
-1.351471234885444961e+00
-1.055191196254807284e+00
-9.571472549784556527e-01
-6.905410355586369953e-01
-9.445165386237097671e-01
-8.426918892893877633e-01
-4.412864269730190636e-01
-5.801833292399689590e-01
-9.269253026002783891e-01
-1.080922727649895609e+00
-9.128853793142011064e-01
-1.313640293893755473e+00
-7.022319437837123424e-01
-7.833623428038802849e-01
-9.717180416818647082e-01
-4.169342363236033244e-01
-6.626840254849466483e-01
-8.152765271681592374e-01
-1.160939934817591723e+00
-7.293468490484511513e-01
-1.011187897857919626e+00
-1.010862136620094720e+00
-6.390444357836710942e-01
-6.902121174191901964e-01
-6.316816426591942424e-01
-8.961007468099961848e-01
-8.287452024137036410e-01
-7.729816441883028411e-01
-1.152724701708028210e+00
-1.147328368006260479e+00
-9.257017314320248325e-01
-8.990604601082314851e-01
-1.220225985970341487e+00
-7.940307640858148552e-01
-9.499833561931514403e-01
-7.551516981107124771e-01
-9.097217078132104895e-01
-9.235914458554899120e-01
-1.300236624329795365e+00
-4.754773220042350368e-01
-6.290557448275619912e-01
-1.277211224523061350e+00
-7.943596845113813920e-01
-9.455240250141021541e-01
-8.991104175264230669e-01
-8.857617821919494538e-01
-6.154984973929953362e-01
-6.216897351638839275e-01
-7.287531355574086156e-01
-8.587533999913756766e-01
-1.087911038944217257e+00
-9.920304763425886740e-01
-7.700888080874972452e-01
-1.006509309931761909e+00
-1.174355389196069854e+00
-1.002161697891495340e+00
-1.014032454481907042e+00
-9.306570587993800991e-01
-6.160085878723688957e-01
-7.738748037963074644e-01
-4.239085660765701813e-01
-3.538968301653234172e-01
-7.679346442470316170e-01
-6.728534453096490786e-01
-1.213972515213864956e+00
-1.072842918719481009e+00
-1.114333884858389911e+00
-8.024292029126987025e-01
-1.138943314918340111e+00
-1.038896128806169106e+00
-8.886829271175078482e-01
-1.106946701096017893e+00
-8.842770808491278167e-01
-9.050213922120033949e-01
-1.125685908018934089e+00
-4.790063780822362838e-01
-7.196387212941819378e-01
-6.257106835362802322e-01
-7.581931244533541836e-01
-8.597543036449022402e-01
-5.311075082688536675e-01
-1.073163561429236967e+00
-1.551834239203793708e-01
-7.127549755237407858e-01
-6.094276620700083136e-01
-8.260800707159181577e-01
-8.145131372848948281e-01
-4.686088645796898100e-01
-1.116372170526791496e+00
-3.912531917132438530e-01
-6.613600623140958312e-01
-2.702757632379194086e-01
-1.290521111726893100e+00
-1.181565702851412158e+00
-7.719138672278593738e-01
-2.054866890998111040e-01
-3.354510567104865282e-01
-1.032541992744189674e+00
-8.639651372784951100e-01
-1.085038866143950731e+00
-6.944099910322774072e-01
-7.525330977242536967e-01
-9.205519134597861530e-01
-1.025138812314690728e+00
-8.483506836978915722e-01
-7.308816467064915834e-01
-8.498299090077066076e-01
-5.773265737706627654e-01
-1.131261385942427200e+00
-1.104842248512284630e+00
-1.111329489289073269e+00
-9.424204962652038553e-01
-1.093702097078985691e+00
-8.605429144555043486e-01
-3.402703682915669270e-01
-5.880268595543793886e-01
-6.313541172243390953e-01
-9.219527371593128073e-01
-6.668684103794970675e-01
-1.036655007490332014e+00
-8.379533362912821026e-01
-8.138116403758641759e-01
-9.818065692674484701e-01
-5.119496989474652260e-01
-1.319944573411213629e+00
-9.624264188403910403e-01
-1.082609508913542573e+00
-7.482435552276140989e-01
-6.661600242730529864e-01
-7.501571013721748393e-01
-8.087524140993811450e-01
-8.332904832374556925e-01
-8.417880141122648929e-01
-5.366125331754116878e-01
-6.511947259612402839e-01
-1.230052977219497468e+00
-6.102823305718634295e-01
-8.865018193257268031e-01
-9.234147274191042420e-01
-1.427040083815406479e+00
-7.789053098665132957e-01
-9.674123324628145504e-01
-5.775770367322192733e-01
-9.082981403320045111e-01
-8.260438183716840577e-01
-1.035305333200579714e+00
-9.797974720121946923e-01
-5.729992409390018970e-01
-9.063094036931613751e-01
-3.969576329385842706e-01
-6.211559187176551866e-01
-7.260066733813030915e-01
-6.162072210525519900e-01
-8.362389930592315501e-01
-3.732275546467370142e-01
-1.098032750976724703e+00
-9.924374107310289794e-01
-1.138751886878335728e+00
-1.325231025612346958e+00
-6.632695305122209284e-01
-7.630402883258118329e-01
-7.893923911221780720e-01
-4.553975323315105350e-01
-4.882177555454672579e-01
-4.848807026658055741e-01
-5.051881949216050494e-01
-1.253325702694230603e+00
-1.023316794164112142e+00
-8.080328350298668916e-01
-7.144509402369902951e-01
-1.099704682760599628e+00
-4.468045350785315173e-01
-9.489145837193899702e-01
-1.022235540227850681e+00
-1.146102558362109836e+00
-6.002834194542505664e-01
-9.100538264982387382e-01
-1.419440703997662201e+00
-1.233515465524942289e+00
-6.362626910952295933e-01
-1.417508722296770163e+00
-7.046022840381280794e-01
-8.975031938463993164e-01
-5.856152396082561218e-01
-8.322722406988742883e-01
-6.351710182557686046e-01
-8.115337789457499618e-01
-7.092383769597003784e-01
-1.076499868916397151e+00
-9.099609184702228681e-01
-6.731575311074355916e-01
-8.764911890735125333e-01
-9.586101386942940117e-01
-8.264352356595208171e-01
-6.765967982727976171e-01
-7.041425512228056682e-01
-1.061618236612361432e+00
-5.493963428875212607e-01
-8.347322481752397216e-01
-8.149263851118857538e-01
-4.460071308229314746e-01
-7.117747497381921029e-01
-1.140403338146356749e+00
-8.990977676216087566e-01
-4.603834864045813213e-01
-1.131552156518840224e+00
-1.008836119685466048e+00
-4.575874564251490306e-01
-1.143141259900233297e+00
-8.668479407373905765e-01
-8.054826988420242806e-01
-1.110805389953157363e+00
-6.577499687948944462e-01
-7.783824488454027524e-01
-6.669573676217450675e-01
-9.422986831063409063e-01
-4.473418471832571464e-01
-9.412457972952776863e-01
-4.828780775887052124e-01
-8.834829370983965369e-01
-6.110867462051179366e-01
-7.080978402082220846e-01
-4.547290755922000494e-01
-1.233134209481992816e+00
-9.453792302113197543e-01
-1.245025952992439233e+00
-7.965780815063010500e-01
-7.509224731700112621e-01
-7.476404563568732620e-01
-6.509449480238722607e-01
-1.087235302171212670e+00
-4.744702227876885225e-01
-4.329611571970315986e-01
-9.334698254688160723e-01
-1.284553461994651702e+00
-4.140597487360460627e-01
-1.044813022313360040e+00
-6.656567634187315896e-01
-1.217783691758083098e+00
-7.381085902099830953e-01
-6.402274157455143389e-01
-1.332615690254622454e+00
-1.252765537737584811e+00
-1.247087813705438197e+00
-8.008955118980307653e-01
-2.236049859341489587e-01
-1.262324874667358987e+00
-7.855022683768138059e-01
-8.030496508998621330e-01
-1.406501951206490464e+00
-4.560911357390523002e-01
-9.120923631409216803e-01
-1.138630519391246043e+00
-1.026932144999918695e+00
-6.706305703144050945e-01
-7.232407931576916305e-01
-6.753995698667840664e-01
-6.539846330171923405e-01
-1.227938964342325523e+00
-2.689746895318170794e-01
-6.153089285378521289e-01
-4.415983644420600762e-01
-7.199667013289432482e-01
-1.159046178768669666e+00
-7.438462003944619205e-01
-6.030668301179056279e-01
-6.598073903846324306e-01
-6.452239690964955976e-01
-1.022616427867771183e+00
-1.013715059478581981e+00
-4.096374407347558866e-01
-9.457445689490637797e-01
-9.823024942395446324e-01
-1.206858904261537635e+00
-3.911280604623859625e-01
-6.223213011305106512e-01
-1.036571836987925099e+00
-4.073062008106345666e-01
-5.112503224664277646e-01
-7.808648944494653854e-01
-7.926454961459694637e-01
-1.123949708675379799e+00
-1.326110347949484680e+00
-4.445691110761385567e-01
-4.223731969123992180e-01
-3.766861665592853847e-01
-5.412536946081485389e-01
-1.062175337588247448e+00
-1.292909086268946073e+00
-8.018094540260531922e-01
-8.622349850702275553e-01
-3.139312337992455348e-01
-6.743506661537179703e-01
-6.787877492294716042e-01
-6.583771137816722963e-01
-6.765611825975192950e-01
-1.287732518415272143e+00
-1.091377420681347576e+00
-1.088359574851527345e+00
-1.220916671348686311e+00
-2.255793112686200197e-01
-4.561308976320722075e-01
-7.347082618503013585e-01
-8.150183317905015379e-01
-1.174581107461512008e+00
-9.723069716231909076e-01
-8.313047149763588273e-01
-9.454540402127702414e-01
-6.992266212137363546e-01
-5.508844656593265832e-01
-8.001354918833532004e-01
-8.148252921450951369e-01
-8.552694483455565155e-01
-1.314106706736002383e+00
-8.954894844489875716e-01
-1.416266019477913307e+00
-1.106053727355385430e+00
-4.855092816418005719e-01
-9.473055413700106620e-01
-9.617824298421244755e-01
-1.030969386480233840e+00
-9.250062306228383768e-01
-2.742872816718998075e-01
-8.423384464253271808e-01
-5.045781238289248627e-01
-1.124557745711069590e+00
-4.371288959470339130e-01
-1.420419020468916660e+00
-2.750826695170550118e-01
-1.331609409928408372e+00
-7.967567159474708838e-01
-1.212503184081854091e+00
-1.094543529091432266e+00
-6.596093856419824597e-01
-4.995828934896669460e-01
-1.076999860604108239e+00
-1.050374854602989405e+00
-7.807268014989188210e-01
-9.115454747994076179e-01
-9.142727430132961963e-01
-7.993554082304759056e-01
-6.561792790868481440e-01
-8.506460814993066499e-01
-6.329248383068315498e-01
-1.148024497973974878e+00
-7.654209580670507940e-01
-5.361466565741483947e-01
-1.190278640562720813e+00
-8.427641485756613982e-01
-1.079449001443901768e+00
-6.689340601515127993e-01
-1.323555133839193321e+00
-4.424517568169262227e-01
-6.978678702526157629e-01
-7.035843659400353722e-01
-1.044781021392371390e+00
-8.755529571205440398e-01
-1.092138919166150135e+00
-7.505058946579237222e-01
-5.779137921897192776e-01
-5.327623767096096863e-01
-7.978919942621129913e-01
-1.041573390843922642e+00
-9.328759051467199193e-01
-8.621950794360597747e-01
-6.591604272849598267e-01
-1.033655152390731136e+00
-6.248400236362710025e-01
-1.221882515713862194e+00
-1.416525457246873732e+00
-6.052916133983043956e-01
-1.357989563729820492e+00
-1.097190702282280217e+00
-1.340166220111268292e+00
-7.667101764877028991e-01
-1.363260815920963598e+00
-7.713375206449453181e-01
-1.062559263937633336e+00
-6.457555501069873749e-01
-7.020522507935393897e-01
-1.464270353335717534e+00
-8.939631145894790798e-01
-1.130399271413488282e+00
-5.950494303230056126e-01
-5.769572457668386001e-01
-7.868805312340243496e-01
-4.926243322652266721e-01
-8.397486481183631390e-01
-1.050806448060850773e+00
-9.033183259880641636e-01
-5.158462578964955192e-01
-6.306825424422979331e-01
-5.602690391609681519e-01
-7.686069838782079167e-01
-5.269201201936337675e-01
-7.275526692362137560e-01
-1.015292809945262054e+00
-7.646541610868138328e-01
-3.780793250020786922e-01
-7.245158665707660539e-01
-7.601726749650308257e-01
-8.783064702172507232e-01
-5.019735147676889220e-01
-9.484417602158328187e-01
-1.068466504880686063e+00
-1.024871403687808158e+00
-1.166448979048663848e+00
-4.935959131271202005e-01
-8.285850457687797821e-01
-8.944482484598279548e-01
-9.142040528650814402e-01
-6.558659049151285281e-01
-3.217695747503382386e-01
-8.700574735701427365e-01
-1.432374415211925101e+00
-1.065538068149220141e+00
-7.997100553962650515e-01
-7.605782549151212102e-01
-1.264507061620211648e+00
-1.332957934969652758e+00
-7.112525826591888922e-01
-7.702876367172248884e-01
-1.362283119056716618e+00
-1.179003991997803258e+00
-5.269619256609030522e-01
-8.712533648383424811e-01
-3.948203883117318846e-01
-4.666547550037810077e-01
-9.723304248294089014e-01
-5.942309548170467970e-01
-1.097850615582558920e+00
-1.000777438043411127e+00
-1.146654841297522598e+00
-6.626788192214490003e-01
-5.205812081254346246e-01
-5.809874213700934042e-01
-1.421974919606825427e+00
-9.583411138592663470e-01
-8.530178132580599204e-01
-1.472995780410895628e-01
-7.560635465048624049e-01
-6.479957053315108517e-01
-1.199292656529888479e+00
-1.603474896811335260e+00
-4.544482278026441002e-01
-7.358179671902829178e-01
-5.462361181491144357e-01
-4.490004555454772395e-01
-5.294186440909709468e-01
-6.618287853749440508e-01
-7.161637705415881960e-01
-1.164935008597471455e+00
-6.426309962246716800e-01
-8.722177229067438198e-01
-8.776343608947780872e-01
-7.435087918597607093e-01
-5.724556135843283933e-01
-7.015346225966010429e-01
-9.984134676319773583e-01
-5.750269284099194245e-01
-1.442060596500635672e+00
-4.223168352570998985e-01
-9.750994782776207792e-01
-9.670049710345662852e-01
-9.766565950094521220e-01
-9.444285550241251492e-01
-1.212066320652656959e+00
-1.159801786379244692e+00
-2.228079699247521028e-01
-7.730483434245400964e-01
-7.157901665075994124e-01
-8.311106202246887342e-01
-8.359179167882122563e-01
-8.165153522164243505e-01
-8.624203884186099067e-01
-5.049740153974269230e-01
-4.089400431000159153e-01
-6.564471493847645611e-01
-6.561978382308653046e-01
-1.164819519733136577e+00
-8.035180131093206946e-01
-7.137071623730730785e-01
-3.648904925075329708e-01
-1.016751468054849727e+00
-5.852970948474855994e-01
-7.231430082109899793e-01
-1.208637020489110814e+00
-8.477469499827745558e-01
-4.851318149623123355e-01
-1.254239723305030640e+00
-1.098948938956777699e+00
-5.984818285383046721e-01
-4.801502809892289059e-01
-9.202285303273893824e-01
-1.161188147811064386e+00
-5.422236617425206795e-01
-7.033977591510134353e-01
-6.772092584560209794e-01
-5.921043409048079020e-01
-7.234053537957163549e-01
-7.653488819440394941e-01
-1.204077271522834724e+00
-4.434001109471777391e-01
-1.065312438129514039e+00
-5.900422537151368552e-01
-7.505297430932142966e-01
-9.954203459166959256e-01
-9.700362173403829225e-01
-9.718523786655706154e-01
-1.054661803208415183e+00
-6.347914511449244124e-01
-5.211308593943049239e-01
-2.610744633230913103e-01
-3.576638455383647774e-01
-6.377692263938397055e-01
-6.742550246733851615e-01
-1.058186566359385683e+00
-7.761152488314135844e-01
-1.035223698692238958e+00
-1.552439849795338223e+00
-9.070768572701024546e-01
-1.114384433825457155e+00
-9.693438689791276097e-01
-5.658878710060375461e-01
-1.150447880656575439e+00
-8.113021103559305836e-01
-9.104875269209569133e-01
-9.526364987699591502e-01
-8.392970160779609223e-01
-1.220192660043860844e+00
-5.061450370983249236e-01
-1.875765095495940948e-01
-7.592309781308803629e-01
-5.775082241426514607e-01
-1.021061889989481219e+00
-5.794144872774302790e-01
-1.125523017424985728e+00
-6.256225800138293103e-01
-1.035605523037088194e+00
-1.069204781777596924e+00
-1.175248287054710961e+00
-1.233430989181857118e+00
-6.322736669451747282e-01
-1.026301119003122597e+00
-4.368895587615183040e-01
-9.332726557712729409e-01
-9.189451220941049492e-01
-9.492352662017506937e-01
-7.711654991040615137e-01
-6.975091471841854407e-01
-1.116585538409545553e+00
-6.359691526762465408e-01
-7.214181555673673252e-01
-8.113364414988724072e-01
-7.990105488864220895e-01
-7.144523034423539976e-01
-8.405832163513307087e-01
-1.519016848347892523e+00
-1.109712084918119235e+00
-9.585474103015347858e-01
-5.006073963499066970e-01
-9.325732685524354970e-01
-6.903039726691244660e-01
-8.864747477227763461e-01
-3.562011691345117748e-01
-8.109614714565691607e-01
-1.331876724480377749e+00
-9.116092155459338819e-01
-9.187649743747958730e-01
-9.026949044163044000e-01
-1.089753335220420727e+00
-8.570569716441736041e-01
-6.820313580392647346e-01
-7.698331020069173469e-01
-8.716598770845576105e-01
-1.828699617290579504e-01
-6.695411030233207050e-01
-6.750119925199098425e-01
-9.879064839791085184e-01
-1.317060487429213556e+00
-1.125417019054762324e+00
-7.506048660318263011e-01
-3.697618767367783499e-01
-1.130255514132873618e+00
-1.245946062332397464e+00
-9.498414059157878064e-01
-9.557266679968248191e-01
-8.404253011576128252e-01
-5.371235019747868655e-01
-8.884194751221063946e-01
-7.254894645269627240e-01
-1.498099711879033458e-01
-8.555433338862923343e-01
-1.218414985822097396e+00
-9.149739029744847763e-01
-6.882225826696921622e-01
-7.764846327977843465e-01
-1.333975266265863713e+00
-1.036904361930336638e+00
-8.436201612871276900e-01
-9.819069772528092876e-01
-5.656485081297835116e-01
-5.664311897204119539e-01
-6.752083506443935512e-01
-7.641377502889139528e-01
-1.256574838775844416e+00
-1.155958660908663393e+00
-7.123331408949735710e-01
-5.674610876992258746e-01
-6.745432604774888041e-01
-8.092355017971581965e-01
-7.758192999745880947e-01
-9.073994627713752870e-01
-1.089663985563515514e+00
-1.089082343068069836e+00
-9.268296199838315097e-01
-1.141342117452833538e+00
-6.069106291775594464e-01
-9.803833300712097021e-01
-1.832054172215638932e+00
-8.569262434081363899e-01
-4.980042057695644453e-01
-1.072360390034230893e+00
-6.061962266044678138e-01
-1.112572652265882756e+00
-5.917417928996475673e-01
-8.443320022698466154e-01
-6.726291033736129243e-01
-8.033452928814228677e-01
-4.936944636551055532e-01
-1.131220244834676425e+00
-9.607634297075233754e-01
-9.383338700927628118e-01
-5.459978483104142022e-01
-1.042360002598453850e+00
-7.799503852300229134e-01
-5.384634960285379357e-01
-6.372680422838894465e-01
-7.929017727460103693e-01
-1.086717050625726433e+00
-8.432342835127717429e-01
-3.732082273482758006e-01
-8.267339450364095121e-01
-8.161798285182908508e-01
-1.242747212533459322e+00
-1.258704255453669152e+00
-6.992122084247367475e-01
-9.935958122217258826e-01
-3.567428181810493037e-01
-6.185372518108107620e-01
-5.715330401693070606e-01
-5.000822839419254429e-01
-3.245091934337094863e-01
-1.054188701092055869e+00
-5.824852893367720164e-01
-4.891237067839964703e-01
-1.035396013616104671e+00
-1.009205877509588678e+00
-7.778084556742652644e-01
-6.135498037006255068e-01
-5.939895832941357590e-01
-1.008731511489504573e+00
-1.193621022434240064e+00
-1.012039669144759291e+00
-8.270499952094678697e-01
-1.436657722916981350e-01
-8.508221307468315509e-01
-7.070596641558588580e-01
-1.092283073348835121e+00
-1.187054498091918209e+00
-7.121875854216352941e-01
-8.547873184839649419e-01
-1.080740685945987156e+00
-4.460712770214781409e-01
-4.740179162862686035e-01
-1.097365708098735571e+00
-1.132362442255012258e+00
-2.214584076703088322e-01
-6.863842368168211472e-01
-9.720296453474799314e-01
-7.861760759532328002e-01
-5.859957778047157895e-01
-6.497164875239005433e-01
-9.436702942333305977e-01
-9.680952355989700386e-01
-3.326895326772862371e-01
-4.711717017688533127e-01
-1.073309081842662938e+00
-9.182848573446436014e-01
-6.099651938163970222e-01
-1.048465878352321301e+00
-1.210777750192886248e+00
-1.151861900647320969e+00
-4.487968618000660048e-01
-8.156472535763232834e-01
-7.242801338406068545e-01
-9.400347335242451585e-01
-9.255062286852617781e-01
-6.384066093074669546e-01
-1.154047905873934798e+00
-7.415930947089397485e-01
-4.603145842596246262e-01
-7.150985463520496133e-01
-3.890213147112829284e-01
-7.579728486114842845e-01
-6.339147712366188792e-01
-9.200915894983698884e-01
-8.842626510592919153e-01
-1.225782186113150818e+00
-1.261344565959892083e+00
-8.637487591741170867e-01
-7.430527898400183240e-01
-8.619424504671582277e-01
-8.280229427430438882e-01
-9.162576378250375519e-01
-6.447218422445222252e-01
-2.721133688748982871e-01
-2.209328928639001099e-01
-8.481714144731751226e-01
-1.201325990445387237e+00
-4.596752777847581961e-01
-7.903785483855458871e-01
-7.575093281033962178e-01
-8.972753377642885830e-01
-1.303363884149363106e+00
-5.879646015545074711e-01
-1.105993833500310775e+00
-4.957209384941348440e-01
-9.070962434700970967e-01
-8.615351040515126790e-01
-8.133802511368704025e-01
-9.764085322195907857e-01
-7.086923845401860156e-01
-9.293951909925977084e-01
-1.032637359119310094e+00
-8.411332315006672111e-01
-2.972771647709647191e-01
-8.606043166037271597e-01
-1.006269519223576214e+00
-1.115956652797838178e+00
-5.932155384168287249e-01
-9.646501936811593403e-01
-8.427874640953985086e-01
-1.024366435192721969e+00
-9.274964934336833444e-01
-7.362423799621393705e-01
-9.583422863389796653e-01
-1.107620522939374741e+00
-1.433874496266458909e+00
-8.777509237074885284e-01
-6.649859722222299929e-01
-8.165430601508032460e-01
-5.677096957703402502e-01
-1.032310746983212457e+00
-1.164360513603533764e+00
-9.519308924239457959e-01
-1.038713312299325953e+00
-1.062112688693670481e+00
-8.075402383318075472e-01
-1.088859472493016955e+00
-1.169261360333248678e+00
-6.260408958209393582e-01
-1.045447298118429291e+00
-8.692773185895643628e-01
-1.236918191001290968e+00
-1.071708377694513326e+00
-8.486601652942629137e-01
-1.042015559029073390e+00
-1.130821632101384200e+00
-1.439404163537500114e+00
-7.895756512153977447e-01
-1.252096127201792530e+00
-8.632038530009364941e-01
-1.000669976354647606e+00
-7.925254022946863763e-01
-7.711449741357330190e-01
-9.122312474771914204e-01
-8.711886347483823734e-01
-6.237917409463915597e-01
-1.046938755331052295e+00
-8.532968974270827012e-01
-1.341981950578624794e+00
-7.055908904095926637e-01
-7.266487235682714818e-01
-7.596456870929952920e-01
-7.634228417918262899e-01
-7.522912259815979219e-01
-7.728351570393425796e-01
-6.064630754025981396e-01
-5.641966256295103399e-01
-1.019136495808222964e+00
-5.477546718441286266e-01
-1.024479783266781130e+00
-8.573509244712700372e-01
-8.217823284777234782e-01
-9.321735659866843271e-01
-4.044301140357125512e-01
-9.726221505438457093e-01
-7.431159650676844031e-01
-8.020282891739651809e-01
-7.533544333903923196e-01
-1.095833998328086256e+00
-1.055826394495057219e+00
-7.887973697063732637e-01
-1.458687598145094189e+00
-8.015098666651181425e-01
-3.554780454625619535e-01
-7.916841402099037417e-01
-1.016767213763625666e+00
-9.236598878436912408e-01
-1.024515560758999744e+00
-9.198471090081494772e-01
-8.345522380086092262e-01
-8.009098053284415819e-01
-7.039948982440304981e-01
-1.020414840318718763e+00
-8.041947274506182630e-01
-1.028287764019669925e+00
-5.852917647933506551e-01
-1.073038343056250898e+00
-7.329076468186674909e-01
-9.213016534375033650e-01
-2.184809784090569473e-01
-1.202005831250414492e+00
-7.451250606175858771e-01
-8.001469124525084631e-01
-4.841043855787004468e-01
-1.239991733545803942e+00
-8.272870455688274838e-01
-9.159892041066126644e-01
-7.725524948115247703e-01
-1.270944748657023116e+00
-1.220270338706317848e+00
-1.115392316766059100e+00
-5.272243391453206307e-01
-1.053460051243420015e+00
-7.298275036835595309e-01
-8.482597127479931665e-01
-4.481441466921479155e-01
-1.178051474642701546e+00
-7.180795762167275775e-01
-3.709038394708206732e-01
-8.048089794907267169e-01
-1.147824389537323686e+00
-8.265032239611938003e-01
-1.168193492198215555e+00
-1.168851302869523767e+00
-5.680475706190759588e-01
-9.077582972434012909e-01
-8.659543752052847321e-01
-6.242326636794364170e-01
-6.578982844691911858e-01
-8.281470873748131289e-01
-1.146221090591073466e+00
-1.299632414628132171e+00
-9.993366600811666167e-01
-5.510792625992491089e-01
-5.742409517407911501e-01
-4.579690452254970290e-01
-9.108162481135448907e-01
-7.197600315936480975e-01
-9.098934136329757116e-01
-1.205566425416489285e+00
-9.321467995856278499e-01
-3.126162255212965868e-01
-5.163463185951120415e-01
-5.538040274422191267e-01
-6.662023216613772725e-01
-1.021279627207331675e+00
-1.374468374871796517e+00
-8.871668865328410369e-01
-6.287883498782922409e-01
-1.028268890336221819e+00
-6.421218972754183518e-01
-6.349566428270034812e-01
-5.536884846109324521e-01
-9.780814773414481245e-01
-7.418985301275253796e-01
-7.710691145871035879e-01
-7.527832673401815278e-01
-7.035933360976440731e-01
-1.146523521588666217e+00
-4.074838525356417329e-01
-1.097396630748268098e+00
-9.405865196531775219e-01
-1.071801312082695024e+00
-3.902665244192574101e-01
-7.808563094605358579e-01
-7.257285240592996622e-01
-9.750447432798066139e-01
-7.621000654853316014e-01
-9.958831681915829570e-01
-6.639693732110107938e-01
-9.735655812311603263e-01
-9.147001987092946429e-01
-8.637288214039640089e-01
-3.820254491203419200e-01
-7.829935220408228425e-01
-1.123013727080526269e+00
-8.912385918511174232e-01
-7.959872952699922344e-01
-1.109257620559429558e+00
-5.373354930935314577e-01
-1.017158236244303016e+00
-1.240857106934637688e+00
-7.476882534624889054e-01
-8.982468272296899592e-01
-7.508169911110003092e-01
-8.094693305457849597e-01
-9.825292669102201337e-01
-1.133615705737515800e+00
-1.124626255540623010e+00
-9.498505388613343037e-01
-1.015607345123819005e+00
-6.145634628718075199e-01
-1.068100096652795816e+00
-5.308422065905245013e-01
-1.086132004149963581e+00
-1.037796873646823048e+00
-7.327205797570397472e-01
-7.536969178260837232e-01
-9.187995551689351892e-01
-9.376716345511106887e-01
-7.991075597664054619e-01
-8.303163205329195939e-01
-1.098531270684457883e+00
-8.767974877771895770e-01
-8.875050095547085682e-01
-7.686052317308420534e-01
-8.136972637033701439e-01
-5.384609626913072766e-01
-9.342265710260311273e-01
-9.790921410498563127e-01
-6.559890898042124441e-01
-8.231188428845155336e-01
-7.779571339962321197e-01
-7.927253981259245741e-01
-6.244524294839277623e-01
-8.450620273810440786e-01
-8.322319314498867193e-01
-7.721374765712867294e-01
-2.915545204565970772e-01
-6.446991764070273412e-01
-8.583958653959418150e-01
-9.241446434074700456e-01
-5.204379008850890109e-01
-1.046307577173980707e+00
-8.064704915227101090e-01
-2.848966896994551967e-01
-9.288763279053111610e-01
-6.941851852341724971e-01
-1.011244257875401065e+00
-1.162120017987810616e+00
-9.484920831207763747e-01
-1.092823107836494945e+00
-7.182391931267493312e-01
-8.425596491856706116e-01
-9.346141362259960950e-01
-7.282633427942184490e-01
-7.183541761519625091e-01
-9.520077278922838282e-01
-1.241996340945715094e+00
-1.030576105634640971e+00
-7.215018264104853252e-01
-6.896156060959843792e-01
-1.460408393098964641e+00
-6.635349414047806427e-01
-7.095033513734105846e-01
-5.269768831206396165e-01
-5.808421052427594766e-01
-1.299350550476806365e+00
-9.878898414414192253e-01
-6.194681318623200816e-01
-6.863331862856694165e-01
-1.067704845744831932e+00
-1.111982364570833770e+00
-9.914634898036180921e-01
-8.051879901096374859e-01
-7.942633766555400321e-01
-9.580680694604919445e-01
-8.761178889029754835e-01
-7.417389044703806000e-01
-8.934401903849118476e-01
-1.271302724943066398e+00
-9.700069328867582108e-01
-1.079340228465792695e+00
-5.662037720473356295e-01
-8.395349408749699371e-01
-9.021987701817661964e-01
-7.399704993606754933e-01
-6.762530929605330421e-01
-8.446818792446895152e-01
-9.213831238502092624e-01
-4.290578932622151620e-01
-4.447064561350698164e-01
-2.630253558453330975e-01
-1.525417446563299695e+00
-1.010628719711654799e+00
-4.536824611652155448e-01
-8.626152670704922976e-01
-1.019349070306468708e+00
-7.853161664900913941e-01
-7.826472291015247329e-01
-7.023977434225838756e-01
-6.517966592851931473e-01
-1.192926483328272003e+00
-1.312091503025034189e+00
-1.116076889999160660e+00
-7.492535376915196998e-01
-9.374257124566196531e-01
-8.454599281684953560e-01
-8.596654144089765914e-01
-5.555676429087452739e-01
-1.299298614907233418e+00
-8.476944517272184676e-01
-5.719246146308933909e-01
-1.048618877292256446e+00
-7.710547138170338322e-01
-8.162017010424453822e-01
-1.033696542597145385e+00
-7.971359490314324781e-01
-1.013746624992780898e+00
-8.871079849911365223e-01
-5.002962604021452542e-01
-8.276126943234740629e-01
-8.082283302385815382e-01
-1.150109410222669215e+00
-6.773042800707504973e-01
-7.606026007211892370e-01
-1.153526887659598987e+00
-9.223689790703528679e-01
-6.041673371086067057e-01
-1.336131927798004160e+00
-8.134494324886074601e-01
-1.040746332777321204e+00
-1.075809628037316390e+00
-5.958021471355476884e-01
-1.252125598379720817e+00
-8.398126904010028149e-01
-5.609324949185574560e-01
-1.003198959703315740e+00
-8.468346508750248525e-01
-9.883056521147506324e-01
-7.033656874632865375e-01
-7.298523241255865379e-01
-7.385455375415532764e-01
-7.380187733157623775e-01
-8.688618601472453129e-01
-9.411738025394744689e-01
-7.567692924473772287e-01
-7.532185661802190957e-01
-1.025663429424636508e+00
-6.665926050471875364e-01
-5.979391160270037808e-01
-6.936973034328741683e-01
-5.482354451663167261e-01
-8.106171977897571601e-01
-7.939254964046260632e-01
-6.833217535138023102e-01
-6.344903767792051674e-01
-1.189364541077612802e+00
-7.032852628259238514e-01
-4.482234711851487696e-01
-1.034827238303844599e+00
-5.059163727378650499e-01
-1.137697185872058814e+00
-9.500549553350521315e-01
-6.255291105613847158e-01
-1.098839614061500658e+00
-9.057750913905526780e-01
-3.807209879293869670e-01
-7.300865215613705494e-01
-1.082105403791036924e+00
-1.379827307121811675e+00
-1.086782170404675174e+00
-1.015648380431553921e+00
-7.772172601749365306e-01
-1.028689046266283658e+00
-1.329000181246787538e+00
-1.154965609623868961e+00
-5.320221290565716465e-01
-7.738867064252663575e-01
-4.642923431754942265e-01
-8.132894307862827965e-01
-8.561329227113394502e-01
-1.046916051025640559e+00
-6.277870210791793859e-01
-9.918708545150569655e-01
-1.212708826177216981e+00
-6.916646986049213019e-01
-1.036740667559574280e+00
-6.949634971849900644e-01
-8.958499533235699808e-01
-8.715796027382762823e-01
-9.903704438897062978e-01
-1.182949386393329139e+00
-9.559008799158346115e-01
-8.637542833738014458e-01
-9.164489393952490737e-01
-7.012969207657673287e-01
-1.181266701869863045e+00
-2.894768450345002742e-01
-8.614405602733481437e-01
-8.615053372425660605e-01
-4.799486904123467235e-01
-9.292875471624921779e-01
-1.149388910249808493e+00
-5.650737445518463353e-01
-5.462484144413308762e-01
-6.856220165524402610e-01
-1.156015685322572484e+00
-4.449614225449285976e-01
-1.077242178436428777e+00
-1.005356732445712442e+00
-8.109293664866794593e-01
-1.098753867222765468e+00
-1.343872976828177190e+00
-8.733195706707346240e-01
-7.610659521565250607e-01
-1.056264773974121329e+00
-1.034546578465575184e+00
-8.695561771356037362e-01
-8.963409142607301483e-01
-1.081463259557452705e+00
-6.679953551074899742e-01
-9.853917905361169183e-01
-8.906026943190359368e-01
-9.067674477733089766e-01
-8.545993436277510291e-01
-7.713173733915117403e-01
-3.488842460971964266e-01
-6.325312941817142764e-01
-7.319908453590966424e-01
-9.757537678658683156e-01
-5.338023978241932532e-01
-5.938887948905713365e-01
-7.573992487654561678e-01
-6.017093364241898890e-01
-6.790410016432315565e-01
-6.002488444049856042e-01
-5.854977526017255407e-01
-8.218665995151082093e-01
-9.828930424168160762e-01
-5.066579272691691394e-01
-7.775307088623404361e-01
-8.927345969963558225e-01
-9.482206548114437972e-01
-6.359823390069725413e-01
-5.973486259216405081e-01
-8.031799062383027099e-01
-1.002580178613169171e+00
-9.903784229955161500e-01
-1.030324831117131357e+00
-9.564016023775399056e-01
-1.329993475788715518e+00
-9.455055475190171643e-02
-1.118028239503854326e+00
-7.070473494927367319e-01
-9.910830842266062923e-01
-1.161664135605768866e+00
-9.263140836825312086e-01
-7.671754261959837784e-01
-1.172114991877434509e+00
-6.064694446257985483e-01
-8.567800833054950438e-01
-5.996899584119437243e-01
-7.096924501378247818e-01
-1.087599647963103155e+00
-7.310868972699791080e-01
-7.148361777853549093e-01
-8.880721412573149287e-01
-5.538803404364611715e-01
-1.057367394838682362e+00
-8.567984913977153560e-01
-1.046057303308695285e+00
-4.970200392482487239e-01
-7.801327696183695259e-01
-7.801641076565855037e-01
-1.010908317030168480e+00
-8.983508336910941416e-01
-8.363483506438709192e-01
-1.075066250859763262e+00
-8.419636375885208857e-01
-6.053760869931079647e-01
-4.055179662510935423e-01
-8.173916883699043900e-01
-8.032385744107384262e-01
-8.346047239769984749e-01
-1.040851310292361109e+00
-8.409074845350343885e-01
-4.548600065281829807e-01
-6.039044818836747375e-01
-1.200818766159511330e+00
-1.106535261308458917e+00
-5.352546782697271688e-01
-1.064628737386543289e+00
-7.224693788957883278e-01
-9.571407223310619550e-01
-1.082314803722011498e-01
-1.244329204971329705e+00
-1.352048741398047316e+00
-6.793901200915937189e-01
-1.300897556828044532e+00
-6.824170738789274715e-01
-4.997594667653886824e-01
-8.304985556971584693e-01
-1.105745961944450517e+00
-9.150869910009729047e-01
-8.074306652856422239e-01
-9.342591204716303999e-01
-8.902752865400711535e-01
-1.043854356151900920e+00
-8.559208709692822659e-01
-9.484548219267670000e-01
-8.115135610472035133e-01
-7.887825896152409477e-01
-8.653127910270836942e-01
-7.663704806436055783e-01
-7.415911673178450236e-01
-6.086672272840485398e-01
-7.373246476295887142e-01
-6.889352187378858794e-01
-8.377587259097691863e-01
-8.153751957238601911e-01
-8.452194666361489972e-01
-9.435028664785645169e-01
-8.779384609263627404e-01
-7.070086598886242690e-01
-1.115061921001427425e+00
-9.736897596215183803e-01
-7.352803491901522825e-01
-8.767448413739098445e-01
-8.539362344821133100e-01
-1.000772415343938793e+00
-6.818864166592701892e-01
-4.929944643099415935e-01
-4.048207113461939621e-01
-7.395964862368775705e-01
-4.303525131853170316e-01
-6.019414682835297903e-01
-8.391736639215676696e-01
-7.273918012823625823e-01
-1.097781957470129743e+00
-6.291988440826874474e-01
-1.005593344014491297e+00
-8.637067761065009286e-01
-9.094624722982840304e-01
-7.100035289437696129e-01
-9.026140425879671803e-01
-8.858828918535013308e-01
-9.626797140216472037e-01
-4.240485650195223166e-01
-9.523352422198052558e-01
-6.948057767014472752e-01
-6.102740630535685717e-01
-6.499893380515548991e-01
-5.590414415454181274e-01
-7.525282792840948254e-01
-1.020682256143424116e+00
-6.833669935063615419e-01
-8.587886940072064768e-01
-6.666331786647430313e-01
-5.886625881848464026e-01
-7.517266495732575216e-01
-7.734188273486712895e-01
-9.768795741796592047e-01
-5.430110026488370600e-01
-6.904753798210703231e-01
-1.116838019330867571e+00
-1.207142408286170809e+00
-7.950505225885007299e-01
-1.187797195594481270e+00
-1.138068406665635468e+00
-9.095402023443210915e-01
-4.452487834346397499e-01
-9.518374009567591720e-01
-1.018176604063750990e+00
-7.413152622244330026e-01
-9.724506521685616356e-01
-6.674588055576546886e-01
-7.604188765205539546e-01
-5.604337712881339861e-01
-2.611793511291967129e-01
-1.034471222570815474e+00
-8.141127395910214837e-01
-5.203833898019323279e-01
-5.402704711173087482e-01
-9.409473643538537324e-01
-1.117245973181905772e+00
-6.878908282510214356e-01
-1.252656363659293337e+00
-7.006432986810122721e-01
-5.856355411297795577e-01
-1.204807954748787768e+00
-3.468398629855440896e-01
-6.857241675683138915e-01
-9.155330892851591962e-01
-9.674874891800553378e-01
-6.874832538613273591e-01
-5.321643064433598802e-01
-7.312102376185003472e-01
-1.140778563157223591e+00
-5.845790709584517408e-01
-8.240134672246850478e-01
-9.865240477922889717e-01
-1.273005225237714644e+00
-1.073454583405063278e+00
-1.152038699448642678e+00
-9.822769771689263685e-01
-8.798955852599559257e-01
-1.126801927188954000e+00
-9.246253560349910749e-01
-8.416968608380810402e-01
-9.708807662615943634e-01
-6.979038956458869514e-01
-1.053454646971602404e+00
-6.991000113193757137e-01
-9.427946807929044049e-01
-1.063021416156388899e+00
-1.095233296703672199e+00
-6.798114241352100073e-01
-1.261366156053423726e+00
-1.203744177532943826e+00
-7.768905115682511742e-01
-5.458470864971096681e-01
-5.206200717739304373e-01
-1.071325794047933488e+00
-7.582993982329111482e-01
-1.202432687662057464e+00
-5.870057946459366072e-01
-3.858839485969594585e-01
-1.232487134165741072e+00
-8.379377369750646842e-01
-9.142838272841946612e-01
-9.419729037831801044e-01
-1.261611032035699242e+00
-8.030682938497641921e-01
-1.055213930737722183e+00
-7.846085152449160383e-01
-7.966290139363185752e-01
-9.474323383761427131e-01
-7.646644882153137424e-01
-1.256486408538127098e+00
-1.205738203776618445e+00
-8.076696719936760083e-01
-6.063780544129682148e-01
-4.073271665112697115e-01
-1.385386241116006278e+00
-3.338353201087725375e-01
-6.431913406812310718e-01
-1.000293262387348836e+00
-6.981442157400086224e-01
-7.191724565629837862e-01
-7.606501407156724959e-01
-1.036827249909029636e+00
-8.120536336412613743e-01
-1.309899805177242360e+00
-1.222283315826591110e+00
-9.143707741087223617e-01
-8.146259253168541825e-01
-1.008062964199556877e+00
-7.094913047514492810e-01
-6.122589332291465958e-01
-8.310893310124032318e-01
-1.032188489146133481e+00
-5.823463995460947951e-02
-9.348231756365668055e-01
-5.829441450818753090e-01
-9.431419789297952327e-01
-1.172087382874277939e+00
-6.363977464052621436e-01
-5.139912100518668758e-01
-1.322615726336512143e+00
-9.975188297630919187e-01
-7.605575174925331972e-01
-9.259568719237134538e-01
-9.109974206359692239e-01
-1.215300535497210621e+00
-1.244784345012828641e+00
-8.486354311263935024e-01
-1.212971998188241418e+00
-4.268109139356580095e-01
-7.423649111437495840e-01
-8.273477388911243402e-01
-9.863787623970989848e-01
-9.626734606507736380e-01
-6.105547381471585489e-01
-9.465526030919773071e-01
-9.383216265884297691e-01
-1.034917194685359920e+00
-6.538658631297420420e-01
-7.677413192424631383e-01
-5.215972945646538683e-01
-6.024905711710215606e-01
-7.708154875535719874e-01
-3.581238089868148955e-01
-9.097731834621538560e-01
-8.549659946166419111e-01
-7.279967068430761579e-01
-6.648823312671692243e-01
-9.867166301963803399e-01
-3.602004294165160325e-01
-9.054152472848042699e-01
-1.133232456802272470e+00
-3.705076896828641275e-01
-1.026293410117130822e+00
-5.298293781728475871e-01
-1.156561463104282428e+00
-9.614669094512007241e-01
-7.268255307260429454e-01
-6.986656343315584827e-01
-8.075488056666668690e-01
-7.355875516233614242e-01
-5.983649096243230936e-01
-8.210643126660994717e-01
-1.153918479910803985e+00
-1.088248786110586952e+00
-8.554226611606066122e-01
-4.189904900915384922e-01
-1.144178494912108324e+00
-6.294995957939364395e-01
-9.574751142427087025e-01
-1.115320296190219995e+00
-5.661309038241548741e-01
-9.932666317573723980e-01
-6.231314521673252393e-01
-1.120905891894173667e+00
-5.642226112090500401e-01
-7.148470994457878369e-01
-1.137494781643693664e-01
-8.804408218559456323e-01
-9.372159850456154295e-01
-8.215692992156076180e-01
-3.587860707295474350e-01
-1.228644483353605654e+00
-5.700138684721332005e-01
-8.371251667541526054e-01
-8.936600938052134957e-01
-8.893666215218201110e-01
-1.116681106440087223e+00
-6.393403083917204022e-01
-7.144339983142313777e-01
-6.567643510862137823e-01
-6.059586860458847646e-01
-1.049403220508839940e+00
-8.030995681133483721e-01
-9.494353388991467746e-01
-1.163947234136842201e+00
-9.664442881183075151e-01
-6.705882748814073757e-01
-7.065368079994276407e-01
-1.205629715584411787e+00
-9.591153130559431084e-01
-1.146517852056512243e+00
-6.493923687068385853e-01
-1.057091609522445186e+00
-5.406009483440574748e-01
-1.108270394234683653e+00
-8.586490979715972749e-01
-7.632581816143155784e-01
-9.105016278746984604e-01
-9.782619687847398104e-01
-7.723955028989775151e-01
-1.352663368831809709e+00
-8.104018186136063839e-01
-9.290196592944224285e-01
-5.796671729418947372e-01
-1.065010836120361848e+00
-3.402850097706733856e-01
-4.388201381563737180e-01
-6.413163977603777433e-01
-9.407692799425260155e-01
-7.544399319577022034e-01
-7.850615215264267199e-01
-8.448772638908867982e-01
-7.541739843292600831e-01
-8.735668692285476489e-01
-9.356773988759425897e-01
-1.187911941319580666e+00
