-2.428065052491300002e-01
-5.476487682458217598e-01
-1.304324518616827522e+00
-2.166779272635086517e+00
-8.477164479202525804e-01
-6.227990760338255605e-01
3.106946361894275532e-01
-2.611703131698424607e-01
3.799154980778668977e-01
-1.014643034739311833e+00
-1.149529018211954412e+00
4.046943860960391937e-01
-1.464220484876257888e+00
-1.009820466465594979e+00
-7.771771603208716961e-01
-3.074619770970597465e-01
-7.042488061735707738e-01
-1.095104595336679143e+00
-9.931141232378287720e-02
-4.510554791575285827e-01
2.927661627158885671e-01
-1.880406036015199067e+00
-7.515019921114896029e-01
-1.949763400305361660e+00
-2.875587954779789346e+00
-9.508954491260976916e-01
-1.770356993834664383e+00
-5.634432035004671713e-02
-1.220224582224379350e+00
-7.685230698154055240e-01
-1.549680594603126682e+00
-8.517098940266945029e-01
-5.107598654866909449e-01
-1.670239668491067864e+00
-8.833565631129798312e-01
-9.011294128083862098e-01
-1.487234447559917516e+00
-1.098079552890912414e+00
-9.836019675180804889e-01
-1.588198753794554552e+00
-2.378052244702939522e+00
-3.579073502686164199e-02
-2.146612414712377181e-01
-2.043074807261821224e+00
-1.039869310990955587e+00
-1.395516331648231745e+00
-1.327254140248844028e+00
-1.565682226729056215e+00
-8.182117472574188533e-01
-1.960096663758742697e+00
-1.526495021261869756e+00
5.039301950021929377e-02
-1.179390835138825810e+00
-3.434432660351736666e-01
-9.551501544345453176e-01
-1.182827738265278317e+00
-8.488743622423382540e-01
-7.939965828678006154e-01
-8.145876467966144396e-01
-1.342066008900478113e+00
-1.355546550626531843e+00
-1.140377114871203634e+00
-1.068214099175595511e+00
-2.493422581368603397e-01
-2.830064405993125143e-01
2.016791738216866525e-02
-1.489388427459457653e-01
-2.378904859886848744e+00
-1.701318944001415923e-01
-8.756818829875183674e-01
-8.815947847463729836e-01
2.126881311514411954e-01
-1.735653433350023978e+00
-7.286858457571239178e-01
-5.830331802123009943e-01
-1.824711077651202107e+00
-9.793942012857930202e-01
-1.367986549463174217e+00
-1.225205300540594511e+00
-1.227955318373187499e+00
-7.916286074709302234e-01
-1.403889713132081329e+00
-3.620906874542169640e-01
-1.525579344932016301e+00
-9.808819499004184372e-01
-7.429318862892526631e-01
-3.457171695831360858e-01
-1.630277878203739039e+00
-1.826557931050974748e+00
-7.452238697252409061e-01
-1.303242738377833110e+00
5.402357597457370098e-01
-8.620257747614172850e-01
-8.140274615804909963e-01
-7.440129733166611636e-01
-1.953070401351322705e+00
-2.140324703913752291e+00
-1.026076334676414792e+00
-5.923881078963383340e-02
-2.111984865679748413e+00
-4.766422473384790970e-01
-2.490969073574531567e+00
-1.443355807015262560e+00
-3.008723066581645011e-01
-8.716199023688955272e-01
-1.377912837306415117e+00
3.032739802158803122e-01
-1.627285071295578422e+00
-1.198319190940570156e+00
-1.204640270463518181e+00
-1.072484354206832524e+00
-1.414813093627789176e+00
-1.523365006503067054e+00
-1.673578701831655469e+00
-3.617836144911872887e-01
-1.828723373499013594e+00
-9.298652978981576389e-01
-6.302952823173169072e-01
-1.659328127604503544e-02
-6.911006562399699682e-01
-1.640850568228515716e+00
-1.156537452043207015e+00
-1.835271665672824515e+00
-8.918675890310905352e-01
-9.032874659177339005e-01
-1.401108333332697686e+00
-8.065022112384014896e-01
-5.612211630221364267e-01
-8.483989096690618403e-01
-5.377319519486793986e-01
-9.188298262730962840e-01
-8.526159858527244673e-01
-1.347081399404256974e+00
-2.874541241161741589e-01
-1.002238169799972933e+00
-1.396578011245470652e+00
-9.829496647465920667e-01
-8.508352187914742792e-01
-8.453514604821426026e-01
-9.582741032166066653e-01
-1.048675158645071992e+00
-6.054954934557099655e-01
-4.871293280606897036e-01
-9.584353160038330266e-01
-2.929703636417469448e-01
-1.127286682248718197e+00
-1.101244910605498450e+00
-1.849855059547213632e+00
-2.908910007908243944e+00
-5.754989029896990793e-01
-4.400627661239622790e-01
-1.643854264744631255e+00
-1.284448597993627761e+00
-2.030576300759954211e+00
-2.178989052595725173e+00
-1.962145096958970658e+00
-6.367533923058030787e-01
-3.457066555157273791e-01
8.379806659510208311e-02
-3.802264203640298712e-02
-2.458751568487159478e+00
-5.079292753503321656e-01
-2.330929996446298724e-01
-2.162420228966855706e+00
-2.917213818432941697e+00
-2.758337780699027797e-01
-1.106097354736288896e+00
-3.098005266391977153e-01
-1.139877686910655274e+00
-1.056532558888463758e+00
-3.794069465910304695e-02
-2.479868814111700903e+00
-1.011993982701373529e+00
-8.023446174387998120e-01
-1.132303162431423704e+00
-1.643825224245432981e+00
-1.870612868378302540e+00
-4.108577841138092990e-01
-1.566967910870797898e+00
-9.802026430491364017e-01
4.270874232283480842e-01
-3.580223401749163537e-01
2.634680745448280681e-01
-4.015890629527150701e-01
-1.264211862271523490e+00
-2.390323345784278519e+00
-1.188029981790304834e+00
4.135981130737981237e-02
-3.706844656541333216e-01
-3.914726933909631890e-01
-9.517691255090778846e-01
-1.373971723108053045e+00
-6.728957801319218612e-02
-2.390101265624804960e-01
-1.266027331661530031e+00
-1.930541442136620156e-01
-1.263743298541183169e+00
-2.082757345195386467e+00
-7.691559476262850303e-01
-4.224133764473845809e-01
-1.609001548970902196e+00
-1.580488874276838818e+00
-1.154180464725751865e+00
-6.132854629701012250e-01
-8.442354059525851717e-01
-1.258944848290280749e+00
-1.012615753178057521e+00
-1.959215677927273469e-01
-1.226818079370698644e+00
-1.042254932093453323e+00
-1.495608589080636097e+00
-2.408359251246573240e+00
-1.344154091772829407e+00
-1.727146476658885654e-01
-1.138066172956325506e+00
-6.718790070308853224e-01
-1.284618857673003323e+00
-9.984322775739404854e-01
-6.782541046613812519e-01
-4.564678006940214861e-03
-7.525420919728387226e-01
-6.764506979485109817e-01
2.382313973007969543e-01
-1.666272684279727745e+00
-2.881814919731025548e-01
-1.089839396426711904e+00
-1.967867455689220169e+00
-1.315095769995811015e+00
-5.202078481848713132e-01
-3.710103728194736328e-01
-1.923606336728820754e+00
-7.068408193488946445e-01
1.857013221042502216e-01
-1.716636215327410064e-01
-3.817364413347488772e-01
-1.780623750532076333e+00
-2.073054371068586921e+00
-1.376792474814291456e+00
-1.135991697375445586e+00
2.644707976466550980e-01
-4.848007207359903981e-01
-2.233179894927830866e-01
-1.446071047260123255e+00
-1.038416119103505952e+00
-7.087848338540612136e-01
3.020312797311350272e-01
-2.572288180188035955e+00
-1.766220838843868268e+00
7.975202698045030791e-02
-1.859532889473212713e-01
-1.560986350895877894e+00
-1.314209698234702461e+00
-1.468680587606045140e+00
-2.447036876013730211e+00
-3.404154548676570635e-01
-7.438922933921482405e-02
-5.364011498435918845e-01
-1.908887995040406071e+00
-2.188832681520378021e+00
-1.293453109837666037e+00
-4.991548472227092526e-01
-1.240899096388826894e+00
-1.224841596123525722e+00
-1.553134875138863169e+00
-1.302655703387433750e+00
-2.778009585449620733e+00
-8.329117457064048047e-01
-1.262367592088549650e-01
-5.633302444362873196e-01
-8.545602054333714115e-01
-1.726171200649244231e+00
-1.332751480171286307e+00
-1.105201017899066773e+00
-9.073916778663719818e-01
-1.023561729416119892e+00
-1.013552402656476392e+00
-1.323607763714289565e+00
-9.513506805099791741e-01
-2.362220588388457276e+00
-1.098160303474504662e+00
-1.284970231994400525e+00
-7.259088167818252835e-01
-9.761721511663066231e-01
-6.894393730304320123e-01
-9.020981973904409479e-01
-1.582998509092397033e+00
-1.529494638707193932e+00
-1.174878407483728626e+00
-1.570260165714299161e+00
-7.604202267932405057e-01
-5.999540681878685611e-01
-2.507473575667678478e+00
-8.691052530919987085e-01
-1.671322555618644845e+00
-1.592341550556911844e+00
-1.747284532392971546e+00
-1.461796625994040699e+00
3.152326023269255706e-01
-1.323969126732916113e+00
-6.415529182539816411e-01
-1.463018236979831688e+00
-7.250558732313874266e-01
-2.172711661335239075e+00
-1.699775820397907200e+00
-8.897732594305236553e-01
-1.499898926897355711e+00
-8.308840784803916968e-01
-1.665934558468681548e+00
-2.023427897470764680e+00
1.977220153050640028e-01
-1.606809961894235972e+00
-9.955146241832690812e-01
-1.224028032894068918e+00
-1.008548345986139072e+00
-6.982397139371738781e-01
-2.175176761283001969e+00
-1.754571756358242585e+00
-1.652898529330958599e+00
-8.720931888083929273e-01
-2.511169323496838524e-01
-7.486639959654630694e-01
-1.374130125570627303e+00
-2.623005824850260570e+00
-2.108784136524658681e+00
-4.965589826563321929e-01
-1.153226805185874060e+00
-7.086388436356370057e-01
-7.852220658592483638e-01
-1.549747927399192537e+00
-1.612856853976222471e+00
-4.876144045164037544e-01
-6.524391689449378084e-01
-9.320851046096660930e-01
-8.975041868659201505e-01
-8.239960745265020314e-01
-7.269612567984826690e-01
1.007598451019435237e-01
6.960012658246972350e-05
-9.699416293863287741e-01
-1.614916817504447710e+00
-2.575175968529495041e+00
-7.972846752287066074e-01
3.917871347394762949e-01
-7.751353770738345084e-01
-5.962591702944064487e-01
-5.908834055899885307e-01
2.288868958754223804e-01
-2.653587963374480996e+00
-1.904883370897206607e+00
-4.234157265275269588e-01
-1.464876101910903561e+00
-1.239602685279738825e+00
-1.617380209792135037e+00
-2.683567531828968122e-01
2.021865088155680446e-01
-5.575761744300433698e-01
-9.381802185173957476e-01
-1.348131490048789960e+00
-1.699169462356775018e+00
1.014213336705048984e+00
-8.193774765869759058e-01
-1.220197832889507783e+00
-2.403801445009332571e+00
7.527717566202087873e-01
-1.136414056746220869e+00
-1.001193412207364464e+00
-2.205868013541519179e+00
-7.214694388871305541e-01
-1.470595208526461750e+00
-5.161464128973602961e-01
-1.410305886418690147e+00
-5.056386657098745907e-01
-8.490443320385208104e-01
5.940542686879797252e-01
-2.875629724041571245e-01
-4.304987550380945382e-03
-4.207612354562831336e-01
-1.307300903045569118e+00
-6.852867456960223258e-01
-1.148618709946714223e+00
-1.561996239114425311e+00
-8.021819795963591737e-01
-2.747841485893737223e-02
-1.122793597814926603e+00
-8.096577509685052298e-01
-5.668171489665394525e-01
-3.316465987071706700e-01
-8.385279341664610975e-01
-6.653540311576158217e-01
-2.200194082499163262e+00
-9.277642922678812631e-01
-9.164578595177457210e-01
-1.385683935030496361e+00
-1.091064707911997278e+00
-6.997213319262969300e-01
-8.116031508563801289e-01
-1.001348440740418955e+00
-1.832298479930884572e+00
-2.903154379335198820e-02
-8.757478079773481916e-01
-2.162918878026470981e+00
-4.136175755177978197e-01
-2.570151962791605849e-02
-8.901203598081548485e-01
-2.987514283586106267e-01
-4.638364255890868315e-01
-4.870868578160220119e-02
-1.774895977108652989e+00
-1.329674738352370600e+00
-1.473181487613587581e+00
-9.659175408912941130e-01
-5.975173273087297510e-01
-1.171996980682060485e+00
9.549589049841800126e-01
-9.586530661996914837e-01
-7.149990893493023414e-01
-1.566972401366168999e+00
-1.703436248493071847e+00
-1.772643173906935932e+00
2.372450411904440393e-01
-2.407685919765559124e+00
-1.570635508912954226e+00
-5.455933239317239947e-02
-5.360312094779264847e-01
-1.568594240854038535e+00
-5.667010857045018390e-01
-9.591580356874271907e-01
-1.264800988964023265e+00
-9.866646749182855780e-02
-1.253779034754212152e+00
-3.093270992718016310e-01
-3.061867532939258063e-01
-1.538324328015090448e+00
-1.797399203263364331e+00
-1.482881374531434648e+00
-1.277516703459046443e+00
-9.275221315548987100e-01
-1.017622801963142809e+00
-1.086802266401502681e+00
-9.889590086787802825e-01
-1.225491252984476365e+00
-1.911617459783496731e+00
-1.907153280661777917e+00
-1.266276587424365108e+00
-1.045976216289479788e-01
-9.862279198511676448e-01
-2.312667825317778370e+00
-1.621548839043238655e+00
-1.875689694124155427e+00
-9.694220584125727846e-01
-1.948234679400333125e+00
-1.996760635463954991e-01
-8.362623020242740957e-01
1.146642365284721854e-01
-3.901918065356189680e-01
-1.177061112060949544e+00
-2.193964908202769681e+00
-5.984022042709519207e-02
-1.919190110269714200e+00
-2.345304293644746019e-01
-5.465786371626362161e-01
-7.377887852506792576e-01
-1.392588344966587233e+00
-5.634238505546087517e-01
-1.983540037050055549e+00
-1.187200430087035574e+00
-1.315900183737650497e+00
-1.595609137781384579e+00
-3.619956021694475390e-01
-7.870641101600495126e-01
-9.324749603732169767e-01
-1.156444874679451562e+00
-2.447867532474146679e-01
-4.977182142326027070e-01
-8.641124169628509044e-01
3.872719090394442509e-01
-1.755917447961547584e+00
-2.142114273665290392e-01
-3.954212174050977802e-01
-1.076809975586880075e+00
-1.914271527908468773e+00
-1.012979923952553651e+00
-3.324958306566015431e-01
-1.109367962239297345e+00
6.112903028139264894e-01
-8.981821765327464568e-01
-1.029733590478667526e+00
-1.611271959623036043e+00
-1.293311951224080492e+00
3.317376324904086626e-03
-1.172763212228730811e+00
-2.664467247904664493e+00
-2.172260166315066687e+00
-1.666158825070614302e+00
-5.520461889634469266e-01
-1.358725026243843836e-01
-1.472335697621705908e+00
-7.815683441847594004e-01
-1.144434213211728224e+00
-1.707329212211701752e-01
-9.601463290945067008e-01
-1.165069728199267463e+00
-1.736626704902033413e+00
-7.366075045870386084e-01
-8.465403719131647797e-01
-5.055577254470020598e-01
-1.342586625194837513e+00
-9.325397571658595730e-01
-1.647059485553678204e+00
-5.457043158685590534e-01
-2.063675047993399847e+00
-1.130527876277836463e-01
-6.752128439344723398e-02
-2.154640425853206143e+00
-1.329938772172749584e+00
-5.836071899984802691e-01
-8.799807305706299765e-01
-1.084397513772036081e+00
-9.252809239040833411e-01
3.204579207614730030e-01
-1.017926407851833748e+00
-2.447933676683839099e+00
-1.455585262852789885e+00
-1.044979175472410038e+00
-1.296252851407770468e+00
-2.241951791468644206e+00
-1.196136887104974011e+00
-2.538714431889813050e-01
-1.021356488194794299e+00
-1.036065778857658604e+00
-2.107478983910742176e+00
-2.453360784360637314e+00
-1.318682872719606269e+00
-4.228908111344336640e-01
-7.161831173725343724e-01
-9.494864041025121715e-01
-6.438258732147992269e-01
-3.905900449363436389e-02
-5.311068690854559016e-01
-9.751425772460184938e-01
-1.441417336204321220e+00
-8.993818562941240380e-01
-1.953469012398077798e+00
-4.483996401092552042e-01
-9.769624478370073639e-01
-8.347832713633267510e-01
-1.182585316654102048e+00
-1.103817485944493360e+00
-6.261772061393000577e-01
-8.447226994954672996e-01
-5.800108088182196475e-01
-3.308119634911120266e-01
-8.693328515984295457e-01
-1.653519140893717765e+00
-1.264609760559519902e+00
-1.338291231690199812e+00
-1.971763523611589353e+00
-1.238224901270533085e+00
-7.432459541574272244e-01
-2.183249284220277975e+00
-3.536442824594812628e-01
-5.399245844018590867e-02
-2.140962511914157762e+00
1.435510800892408900e-02
-8.863911596695932538e-01
-9.265578844882260690e-01
-1.842679192636652363e+00
-8.072077726949413723e-01
-4.678781125495992677e-01
-5.272717552415123743e-02
-1.691898607484919825e+00
-1.266767294020642698e+00
-1.665995823311132273e+00
-7.275459704541060724e-01
-1.331081821390644127e+00
-1.263126840725807387e+00
-1.437499576696098291e+00
-1.062543352784672823e+00
-1.623911296315082797e+00
3.315790392252497276e-01
-7.147268242246451742e-01
-6.705819751426040920e-01
-6.965922369575117123e-01
-5.533600606110096187e-01
-1.044361418461086988e+00
-1.300470554488239561e+00
-1.362241549144322494e+00
-1.323743164157896945e+00
-5.943374035878510320e-01
-2.133277805411541994e+00
-1.467445265529800924e+00
-9.237721923747916897e-01
-3.095181220999944305e+00
-1.359527552328412714e+00
-1.217770348063110242e-01
-1.117905764994614248e+00
2.964868286701078381e-01
-6.541495653844369151e-01
-3.710000219915028929e-01
-7.973802394187976539e-01
-7.078962545101856740e-01
-8.197303581641129933e-02
-2.538478972028269443e+00
-2.648631769857218154e-02
-1.134934124948405287e+00
-1.551112793385815980e+00
5.367831897196562174e-01
-1.232539036102981544e+00
-3.988154533801915869e-01
-1.040346568524217918e+00
5.088229351945900980e-01
8.874822455754077799e-02
-2.355026735688220407e-02
-1.096718985208216868e+00
-3.021154940532551070e+00
-1.158137940492516282e+00
-5.516821994926286443e-01
3.238666822199535722e-01
-1.852655363067914340e+00
-2.106217118674788669e+00
-8.482070938654584502e-01
-1.594453950329640879e+00
-7.247019471184192874e-01
-2.045152092717654302e+00
-2.126642829838129689e+00
-1.555250665171616919e+00
-1.226718373342335244e+00
-1.326889674025818255e+00
-1.043445327260471789e+00
-1.180574698609863749e+00
-2.211561743370964894e+00
-4.718093530515941603e-01
-9.843102900863596183e-01
-1.789701277009353664e+00
-1.064999272262025176e+00
1.707510831566198539e-01
-2.668780944315086168e-01
9.699083378344525164e-02
-1.343220359402100161e+00
7.886249303535310951e-01
-1.225084737934445389e+00
8.867553010768908228e-02
-1.491258406584368590e+00
-2.232954043496349517e+00
5.783471534390076663e-01
-1.759158599113981314e+00
-1.439205220674761865e+00
-2.223228040837789354e+00
3.000537361924985880e-01
1.264892065039346369e-01
-2.253030977130443535e+00
-4.304318910246185959e-01
-5.813566429866701135e-01
-3.060943330628132508e-01
7.999387641510113944e-01
-9.925161835492777307e-01
-1.324585775375748842e+00
-1.192149517835332961e+00
-1.692555791635382167e+00
-9.923422549954108440e-01
-5.139231636771701694e-01
-1.472591359263060173e+00
-2.243271662025805302e+00
-4.199292954085476759e-01
-8.827378237041156872e-01
-1.480562827955193672e+00
-1.933761998516768887e+00
-8.921847573150789579e-01
-7.158077644314784216e-01
-5.610259442813583242e-01
-1.072167015495697928e+00
-6.222482130769511066e-01
-5.316105807498527902e-01
-1.253942142986322228e+00
-1.257750201664583845e+00
-1.426088914837682520e+00
-1.185500170827051836e+00
-8.021865388874833691e-01
-1.456882617203600905e+00
-2.528829103353736674e+00
-1.398527029499032626e+00
-8.557394856264015637e-01
-1.904602294742048674e+00
-3.536766820839081782e-01
6.464855554673323290e-01
-4.913823882291131206e-01
-2.816269953263810799e-01
-1.524900948785063992e+00
-6.216019817815330306e-01
-1.130097577557945265e-01
-1.179541547509931565e+00
-1.630444806284228054e+00
-6.211904016994549416e-01
-1.265574048276168373e+00
-3.695306173644011261e-01
-1.745547598573431447e+00
-3.666410542919825155e-01
-1.342414492393669168e+00
-1.003709701398275644e+00
-1.948789125955454171e+00
1.608313715219800155e-03
-1.176549143453212043e+00
-2.719723105114551509e-01
-1.880890096648466514e+00
-1.930703070121180809e-01
-1.094862076143710561e-01
5.166976515484783539e-02
-5.617666388538737898e-01
-1.460839537763302776e+00
-3.827578173785864402e-01
-1.340541145201985973e+00
-8.725657106252673323e-01
-4.764520280578286582e-01
-7.925012037015588540e-01
6.258589254276176739e-01
-1.039947469870825092e+00
4.736094083743175309e-02
-1.403601125677454764e+00
-1.435908662046105011e+00
-1.436521627095115883e-01
-8.981650962736975607e-01
-8.291532943602075711e-01
-5.415694967314217401e-01
-9.618087067010354652e-01
-9.475561391849649517e-01
-2.717760928018298494e-01
-2.074009041538805054e+00
-1.892892476280079728e-01
-1.963859826003858888e+00
-2.521622924078031236e+00
-1.340806454264968028e+00
-1.192816512170065568e+00
-1.445077780138263268e+00
-7.770872191656850170e-01
-5.465838481675544536e-01
-1.407268937968165989e+00
-2.563043950162265383e-01
-7.770330032711041390e-01
-1.111036660918625518e+00
-5.945877335169851285e-01
-1.909733859653787835e+00
-5.993732823415744981e-01
-2.381420627912232413e-01
-1.260005239712841618e+00
-1.081273512793647473e+00
-1.598875434020346820e+00
-1.160618921397219783e+00
-7.925291372586582561e-01
-1.371667455684236092e+00
-3.597782507644048389e-02
-5.924542058179818049e-01
-1.109485471722383654e+00
-7.018563992351416481e-01
-3.788129075610311980e-01
-7.499977317947892352e-01
-1.380893488426441440e+00
-2.780484883150308173e-02
-5.140811317422273596e-01
-1.900559126333867699e+00
-9.951004604590676372e-01
-1.036714580216348214e+00
-5.003027071879135868e-01
-1.628003594368417684e+00
-8.377412709865237339e-01
-1.191098324774774841e+00
-6.978485390409301381e-01
-2.096759170051752386e-01
-8.696617212036295008e-01
-3.902664463625851732e-01
-4.245152108299917182e-01
-2.081986217717866072e+00
-8.144831407404580226e-01
-6.002265993812518907e-01
-1.400425934287160334e+00
-2.204333195832405057e+00
-1.669650536750613146e+00
-5.708379031191612718e-01
-8.577582950433115805e-01
3.720164202511812568e-01
-4.342105557703744290e-01
9.497523911243912487e-01
4.328505358141589432e-01
-7.602807980913746100e-01
-9.709642945815208925e-01
-2.542792931158139869e+00
-1.456041059802107629e+00
-1.102532787214068666e+00
-8.169161999298393262e-01
-1.965796729185780856e-01
-1.310459131800027155e+00
-1.772740727851978892e+00
3.735791851220108817e-01
-1.538011079180247709e+00
-1.380038856611687681e+00
-1.942713865128155692e+00
-1.173650342201360552e-01
-9.503215675999272527e-01
-6.486387840544485250e-01
-8.116319226463102332e-01
-4.955799553186506778e-01
-6.262073851387559564e-01
-7.456230577261249159e-01
-1.059669077028072781e+00
-1.064650121762984458e+00
-1.320054633895783258e+00
-1.151337009816056689e+00
2.352771687807932444e-01
-1.289867027247778020e-01
-2.213966758562652348e+00
-1.590249347074813802e+00
-4.053762603065221293e-01
-2.013806322903274992e+00
1.811362075806423610e-01
-7.776889060792240294e-01
-5.975973178221498650e-01
-1.515970494458134699e+00
-1.237236983707925564e+00
-6.810258024380471120e-01
-1.592222724034464409e+00
-1.256108953823602992e+00
-2.205022382821379967e+00
2.982120004193808405e-01
7.555916970160363455e-01
-2.013548483076192941e+00
-1.450525454115681345e+00
-2.456198347859248177e+00
-1.672074573897295857e-01
-1.672807945989081890e+00
-1.498030742316803998e+00
-4.841526339460214268e-01
-9.921272381185173295e-01
-1.527744055893128228e-01
-6.812800525349378411e-01
-1.299574632212174397e+00
-1.791984168938743682e+00
-1.170676610130940265e+00
-9.307929793849294420e-01
-7.368708238661105803e-01
-6.124907175688645289e-01
-1.395875425374779599e+00
-8.995025450549936075e-01
-8.378394556540169624e-01
-9.652689215077399076e-01
-2.663135958603786713e-01
-1.174472834659735287e+00
-6.632830818764898773e-01
-1.477817013095670706e+00
-1.227508046917272555e+00
-1.473287925938866483e+00
-3.889568403161907661e-01
-1.475981811589211379e+00
-8.785414034990606247e-01
-1.527576476934811911e+00
-1.823037718040730670e+00
-7.241634899895432742e-03
7.333725924012308717e-01
-1.936466277610950915e+00
-1.066429289617655929e+00
6.511285556025420140e-02
-8.744001147984303834e-01
-1.836795880393108593e+00
-2.276955879276137740e+00
-1.412043309462808427e+00
-9.887396311051621645e-01
-1.884854341827218338e+00
-1.456760591630054780e+00
5.616019886186357502e-02
2.073009179525779344e-01
-2.344034086309985998e+00
-9.411300913281412939e-01
-2.298069763044847225e+00
-1.204895588287398400e+00
-1.124889290284329935e+00
8.512727026030648680e-01
-4.399660587037251269e-01
-6.373962765737286595e-01
-1.149206968212272972e+00
6.751114164471821999e-02
-8.823542306839908811e-01
-2.184132289148753348e+00
1.267025400937024648e-01
4.419929509389989852e-01
-1.648362187892030040e+00
-1.469845116942878338e+00
-1.369538826688657895e+00
-1.372804177692796390e+00
-9.528889540191447516e-01
-9.629353969846143890e-01
-9.391754444440363336e-01
-1.726771454713361909e+00
-1.462374382069040468e+00
2.913864842633019925e-01
-1.748466435520999784e+00
-2.336425785717513026e+00
-2.552389970545800413e+00
-1.287410960404866689e+00
-2.700129363723587250e+00
-1.083479086582908923e+00
-1.848717142807377645e+00
-1.913624416563562414e-01
-1.242765933576546633e+00
-1.296774922379239303e+00
-1.018119816424114976e+00
-2.207743696674832723e+00
-1.530032548015757943e+00
-5.610461883691226781e-01
-1.026163952859511230e+00
3.845521275392189131e-01
-1.494461281265845987e+00
-1.632372316491594422e+00
-3.719441928210725501e-01
-9.377371161311853776e-01
-9.787975928125089986e-01
3.146722226907771591e-01
-1.452168421827928046e+00
-5.043623366286991150e-01
-1.213901805594271632e+00
-6.527613634804620979e-01
-6.408276602376230535e-01
-1.442814603160394449e-01
-2.378631065946704148e-01
-1.187801596217138655e+00
-1.909614566197217034e+00
-1.170520222327160464e+00
-3.550710499204297599e-01
-1.505238044871472614e+00
-1.065836988186998457e+00
-2.489944381891700420e+00
-2.138778466446465409e-01
-7.788617338060999096e-01
-9.490880553780312034e-01
1.091580279957251043e-01
-1.446516408266699916e+00
-5.925386534807199901e-01
-5.084905803312556039e-01
-2.322786999501986305e+00
-1.557719761430274463e+00
-6.511185243169461678e-01
-1.305351281696861765e+00
-1.210520612871083035e+00
-1.862376233647790702e+00
-4.615903443927789618e-01
-8.112696922136675148e-01
-1.972398593944323597e+00
-1.401586952944768871e+00
-1.130745372847873131e+00
-1.187453968993370967e+00
-9.404213820423907855e-01
1.471379043849885715e+00
-5.861268167530515605e-01
4.405592564441777603e-01
-1.053320588511781342e+00
-1.406617304661363921e+00
-2.329244772828833465e+00
-9.591694024914345640e-01
-1.340389834415901316e+00
-5.386881196841497577e-01
-1.485698019462276864e+00
-7.179355969179295194e-01
-5.894740930864768025e-01
1.088138220506901899e+00
-1.395051012478831343e+00
-1.775137572818181741e+00
-1.454846349629388857e+00
-3.416083802073430764e+00
-2.796725480991005264e-01
-5.512312911098118384e-01
-2.063827173134673121e+00
-1.115623698742394532e-01
-8.901456430333049008e-02
-1.464978348609399905e+00
4.942739089348111015e-01
-1.078540550530537434e+00
-1.330192059319768583e-01
-1.044115623071566024e+00
-9.313108316615097415e-01
-5.656609274674271326e-01
-1.122646502039618799e+00
-1.735199381293487608e+00
-2.027344724838954892e+00
-5.955838934210864188e-01
-1.963770142318975065e+00
1.618408663255261337e-01
-1.580475068147329853e+00
-8.024947458899984731e-01
-1.953651665861351194e+00
-1.261332625440183097e+00
-1.095917903151258366e-01
-1.108798176662145085e+00
-6.853139139178004990e-02
-4.388267772626535668e-01
-8.596052393582565010e-01
-9.513802649400244782e-01
-9.726657719451670125e-01
-2.174128114671543432e+00
-1.389932809325142404e+00
-2.414049939390750521e-01
-1.048616873684919515e+00
-3.341965607854331943e-01
3.617855238366146642e-02
-2.732481086915904189e+00
-1.264161788504376549e+00
-5.418630012729477308e-01
7.580389166201795259e-03
-1.160146925768572590e+00
-1.269740295297945298e+00
-4.128828711021844122e-01
-1.423902357686817499e+00
-9.100280773720439420e-01
-6.791339559310716201e-03
-1.826491689929238493e+00
-7.754041889862262060e-01
4.355189617372085542e-01
7.342676543196752226e-02
-1.713673068854117520e+00
-2.170793587195423147e+00
2.828195936570003233e-01
-3.375990768391799457e-01
-7.734009921200208915e-01
9.457031801962503259e-01
5.336316708168840073e-01
-1.351631139856483532e+00
-4.694557342119485832e-01
7.937924331226073882e-01
-1.180342841951006694e+00
-1.852802068487560683e-01
-8.938181816772368116e-01
-1.531162148379021648e+00
-8.018201572800518484e-01
-1.526087207697454762e+00
-9.890529118746198556e-01
-1.247240598033063197e+00
6.714106877149056407e-02
1.506432552115550272e-01
-1.738943741771446394e+00
-1.013597504064119637e+00
-4.314353544542935404e-01
-8.400335529781881583e-01
-6.429635142921168445e-01
-2.321262209413721411e+00
-1.618986251339994187e+00
-1.277844748967244204e+00
-1.296952590691184515e+00
-1.136916082164976860e+00
-4.363459360779811669e-01
-9.247352015173970763e-01
1.876423416715140013e-01
-1.047826336671829228e+00
-1.011420931732015749e+00
-1.094503109998566703e+00
-1.756368372292993474e+00
-1.249012503019660603e+00
-9.389941589751988893e-01
-8.400352685931911090e-01
2.118098841728043857e-01
-2.554834002261246462e-01
-5.458002003078070707e-01
-2.139432141423914135e+00
-7.728770753935926274e-02
-1.100859251140034467e-01
-1.576267658883051315e+00
-8.631000217523987494e-01
-1.127796404532733110e+00
1.972703212740820056e-01
-6.352500918314523126e-01
-8.056937223693378947e-01
-2.190226197800623442e+00
-1.912523038850626467e+00
-2.030709558601185183e+00
-2.541444875606413967e-01
-7.698257957118888051e-01
-2.677939901853115590e+00
7.624776313044701048e-01
-6.955363110210197597e-01
-1.049621957893953184e+00
-3.560133728404300535e-01
-2.393428879035323309e+00
-1.091104184931861898e+00
-2.963932625216476158e+00
-1.704074103938598927e+00
-1.506511862965098647e+00
-8.240782587867134801e-01
-2.311188480853591631e+00
-5.010950711459085660e-01
-1.210899703597523303e+00
1.013396228458258275e+00
-1.279270851808452125e+00
-2.361574852412911429e+00
-2.614385433571553841e-01
-1.763885287159070447e+00
-2.935063542435015216e-01
-8.324925114004870785e-01
-1.909628635616858805e+00
-1.485992923325764270e+00
-1.125962887553189962e+00
-1.642663381278243850e+00
4.621872902266192518e-01
-3.133740788567683233e-01
-5.247374797899034826e-02
-1.477633412186909911e+00
-1.332659057924271639e+00
-1.564539185512981323e+00
-1.064868100446792365e+00
-4.799183420508268960e-01
-8.989624454289111277e-01
-2.475687097589063246e+00
-1.692264936481717275e+00
-9.791130736185746919e-01
-1.829090295447660441e+00
-1.500969394132707913e-01
-3.030641995025507018e-03
-7.690952198121334682e-01
-1.819620203708721129e-01
-3.767157982253804271e-01
-1.634246949940394433e+00
-1.640562726657078252e-01
-6.879471624855395540e-01
-6.598689170947786842e-01
-1.883021499613189764e+00
-2.169064430954730671e+00
5.940233702634806212e-02
-1.918217769720147903e+00
-1.823280516547077235e-01
-5.852003140806449899e-01
4.398253085614312052e-03
-7.694713833586814822e-01
-1.375514931134415253e+00
-8.298997565756960348e-01
-1.360526592499102794e+00
-5.684417881868424338e-01
4.756682081836660081e-01
-5.724241679841921560e-01
-2.127431092490917330e-01
-1.348154778296086764e+00
-1.585137009689628673e+00
-1.625908094115742220e+00
-1.174630185044574393e+00
-1.767446524989933487e-01
-1.468754256667193392e+00
-1.951514404706405248e+00
-1.943129250494739058e+00
-4.034839599441082947e-01
-1.482477379084673696e+00
-1.950244323152258819e+00
3.235385693416925057e-01
-2.178963253112826681e+00
-9.185339174475690704e-01
-1.086303550774653903e+00
-1.595999867827306407e+00
-2.110189650188574739e-01
-1.367494122514068544e-01
-2.468768620267692615e+00
-7.605330320978933578e-01
-1.243348287222645343e+00
-6.285890696417273382e-01
-8.186177056332977209e-01
-7.614730156649609505e-01
-4.332376132902422960e-01
-9.437438648553180265e-01
2.639241430729798998e-01
-2.039681655628033941e+00
-1.477126023778197794e+00
-8.345473437746664391e-03
-1.306345847688277662e+00
-1.587829313958611710e+00
-2.291004342827136941e+00
-2.826369675917196123e+00
-7.232432923050748919e-01
-1.023070251209287296e+00
-6.622137173018338707e-01
-3.228081482689942328e-01
-8.435747486453881727e-01
-2.920562237017532703e-01
4.238465122618911840e-02
-1.098423342357403687e+00
-8.204872626297388116e-01
2.038734025219101631e-01
-1.769215833695693352e+00
-9.651806290905136088e-01
-6.634766361947623814e-01
-5.726599699210237482e-01
-3.900929140129148487e-01
-9.419168060865286130e-01
-1.586077946661856419e+00
-2.953876922770394930e+00
-9.413327715968944354e-01
7.455315964756290548e-01
-1.200918698529033879e+00
-1.034500801450813245e+00
-2.348028022934113057e+00
-1.999192945262955323e+00
-6.322521577842974416e-01
-1.761058662845322420e+00
-1.616844736671940286e+00
-7.359960141056984817e-01
6.972846136628478853e-01
-2.837172804300010842e+00
-1.497397798611214359e+00
-1.165395806278195057e+00
-3.808757722185923678e-02
-6.077356956743966698e-01
-8.598712777555985731e-01
-1.238714953446345413e-01
-1.395984396979739750e-01
-2.233171394712792357e-01
-1.964506059023382267e+00
-1.531976166402634898e-01
-1.749284005157823452e-01
-1.379563596118341895e+00
-1.245929699500747834e+00
-1.203988831880697052e+00
1.282216422248398380e-01
-2.306927937795574923e+00
-1.071992314170012173e-01
1.047584404481757825e-01
-1.122831271138485243e-01
-8.350022512072868830e-02
-1.369263437466289535e+00
-1.199141565288354361e+00
-3.258970835405300415e-02
-2.030936515578045221e+00
-1.126176329000252441e+00
2.548880673113375628e-01
-5.516380195875112413e-01
5.196514145184099043e-01
-1.156397510174724363e+00
-5.932900089134141020e-01
-1.064160387358569881e+00
-1.559009019770517757e+00
-1.539459342825552302e+00
-1.871677563388378207e+00
-5.904389586908416199e-01
-1.287952624322767026e+00
-1.527358641973291520e-01
-1.225397171409693176e+00
-1.949859565611586465e+00
-1.149970645516547041e+00
-6.667608811005725222e-01
2.194750957921338119e-01
-3.242912214645668478e-01
-1.509560205335422456e+00
4.605101950596650062e-01
-1.468297196161215457e+00
-6.729514672933594177e-01
-1.629520900965847563e+00
-1.164153766200812345e+00
-5.664111139811791595e-01
-1.640633858745009110e+00
6.350805586198862152e-01
-1.326105854863545819e+00
-1.082411938826084441e+00
-1.070296785681286611e+00
-9.322057571772686124e-01
-7.146321697757547220e-01
-1.041198403041978526e+00
-1.429376319761634040e+00
-9.419886974108391264e-01
-7.237992326076505556e-01
-2.292779238923700280e+00
-1.205570873293151823e+00
-1.163028303023527332e+00
-1.331155408664657092e+00
-1.729018319638548906e+00
-5.510001981622179024e-01
-1.498029840476054364e+00
-5.254248605036093700e-01
-5.518500680949256498e-01
4.688967536925292001e-01
-1.817104801917754475e+00
-1.356497676575532996e+00
-5.387668682383339736e-01
-4.565567315974204399e-01
-1.321246484212320826e+00
5.548478977819776281e-02
-1.851881866610411098e+00
-1.863541198646835984e+00
-1.240358451212278390e-01
-1.556556414168273950e+00
-9.847864229296843241e-01
-1.009975605464046300e+00
-1.824159978564342754e+00
-1.726219976191341932e+00
-7.696156050810043503e-01
-1.521277622105313032e+00
-1.024084044315412445e+00
-1.440585051806533290e+00
-1.775934430561001864e+00
-8.288895945739516158e-01
-1.273003198684341530e+00
-1.221067518259229434e+00
-1.385175762107490716e+00
-2.088796423935616264e+00
-1.359771988941855358e+00
-1.466062580999800691e+00
-1.848554867303182636e+00
-8.289615672460262097e-01
-2.617414302437839901e-01
-1.262039113000153367e+00
-1.199192006985999814e+00
-7.626431695809441358e-01
-1.079997690043069003e+00
-6.086221854923334895e-01
-6.115365222508128973e-01
-1.282897060387011567e+00
-1.450623309182473286e-01
-6.725449787865156459e-01
-8.178683689851919958e-01
-2.816764752361718416e-01
-1.051620509347092725e+00
-1.464811087304451309e+00
-7.942284475095147123e-01
-1.648921039744007278e+00
-8.983000398632126071e-01
-1.241994975333238660e+00
-4.228880660668115632e-01
-9.871654174690713823e-01
1.030318053114770982e-01
-7.158529870621710423e-01
-1.085281832696584292e+00
-1.800918188985943136e+00
-5.543824885390375989e-01
-1.305689843371816483e+00
-1.675050115619339142e+00
-1.936278930850790392e+00
-1.145151738405076447e+00
-1.530189644233520330e+00
-1.497791215923815589e+00
1.642727551951636666e+00
-1.059559526289726161e+00
-9.563913086581234957e-01
-9.390227310215455425e-01
-9.493247271284137589e-01
-1.400263431469373376e+00
-1.389739939913351652e+00
-1.154707567006366009e+00
-1.197966077291253151e-01
-1.231079858395926596e+00
-5.075484367927001195e-01
-1.145112945312949382e+00
-1.321608140124066910e+00
-4.176593137115927612e-01
6.888224756691481154e-01
-1.935274508589636344e+00
-9.668947683478088528e-01
-1.550986249072036305e+00
-3.667132138860620949e-01
-6.682874290255296224e-01
-7.140401241691844980e-01
-1.357988268119907804e+00
-1.081236776346831352e+00
-1.499624253673122798e+00
-7.680701537302678794e-01
-1.560358684886744118e+00
-1.318631066980064492e+00
-1.225169066358642755e+00
-9.342261583854427620e-01
-2.600590707727534312e+00
-9.494491537801015291e-01
-9.459251120877962826e-01
-5.773290890463340652e-01
-1.561349001138141457e+00
-7.112731193667554130e-01
-7.203318390228834467e-01
-5.636839267222879535e-01
-1.403481911462382659e+00
-9.130616797223720660e-01
-7.730083838702648258e-01
-1.830257635642891234e+00
1.021242565429178462e-01
-1.217395996713559914e+00
-9.072575659972350604e-01
-3.931725000217061727e-01
-7.688251493639275402e-01
-5.804703083731195257e-01
-1.777300282256395025e+00
-1.277468857686227199e+00
-5.283458165464023359e-01
-2.236003027784225328e+00
-4.312391357684935422e-01
-3.381482307567301171e-01
-1.488886373419089915e-01
-1.315193251012840125e+00
-2.003640880520155765e+00
-2.493729385503482110e+00
-1.776734431799770864e+00
1.482542601937803517e-01
-9.404125791243420629e-01
-3.498049103858638653e-01
5.826334769526044788e-01
-3.954591451026315263e-01
-2.547489258498373932e+00
-4.797292396689863403e-01
-9.433529413264857277e-02
-1.420679182710955946e+00
2.865889325927048481e-01
-1.318631734203247863e+00
-9.622855119880733277e-01
-1.060856510701569722e+00
-1.338059330889234122e+00
-2.460895217777446242e-01
-6.121818888138830239e-01
-1.284098808305925155e-01
-1.941003509754797296e+00
-3.917859990100614476e-01
-1.435697514031677446e+00
-9.250859406666021023e-01
-1.940724014731810332e+00
1.227632757930496421e+00
-5.971558286324705200e-01
-2.063698903513305760e-02
-2.354820538835551980e-01
3.151072794940107946e-01
-1.220819131134746716e+00
-7.413405344574575118e-01
-1.811958380408360103e+00
-6.063294037516127055e-01
-2.003135796709483163e+00
-5.056748579037635416e-01
-1.393575237083649387e+00
-1.397895227119172024e+00
-1.557678000476255153e+00
-7.975774461268199111e-01
-1.155093995178259281e+00
-8.682265503603923129e-01
-2.780168526667137763e-01
-2.319454347060510901e+00
-8.325632565277243380e-01
-1.224794073417291518e+00
-8.820686736178999787e-01
-5.843739155881348957e-01
-1.568314919832133558e+00
-1.893625157649598822e+00
-1.167785912732231868e+00
-1.843023461086283010e+00
-1.136687329564076254e+00
-9.688607363780978865e-01
-4.760079711117382595e-01
-1.260254761878105700e+00
-9.351157601850315082e-01
-1.467040319688532879e+00
-7.377806544161100710e-01
-1.406777395559594357e+00
-2.705240563201739001e-01
-7.611027729182517909e-01
-8.895287208741753382e-01
-1.037227480129599422e-01
-1.166688399019318201e+00
-1.461215574396924399e+00
-1.167361118358578143e+00
-9.317154037353501117e-01
-2.238644108096986773e+00
3.565843336873614766e-01
-9.168932973224603877e-01
-4.517074889862252030e-01
-3.180669237507812164e-01
-2.343464153329524624e+00
-4.575275420403604465e-01
-3.168380727459526036e-01
-4.242660031523440289e-01
-7.568773228107770201e-01
-4.748747903144062144e-01
-3.029285202844663183e-01
1.807681039002833057e+00
-1.417883511038450894e+00
-5.032888710144836075e-01
-1.715597159588054144e+00
-1.026652843854197972e+00
-2.073213705919375816e+00
-1.374068849298005990e+00
-9.208412546499329387e-01
-1.351974885990113950e+00
-6.278590933544286878e-02
-6.070372208975780559e-01
-7.880491243251772637e-01
-9.786660161237468181e-01
-1.673822959840919555e+00
-3.969931471663704081e-01
-1.623862001539702948e+00
-1.942978957886503100e+00
-8.335331610858358609e-01
-2.314498763626323119e-01
-1.218068296868080602e-01
-1.735641105912745008e+00
-7.360506326043787517e-01
-1.018278899347205613e+00
-5.771264422922546267e-01
-1.550750668611476701e+00
-7.986516545676960455e-01
3.095734023135626733e-02
-2.879010397996784598e-01
4.386264927436011596e-01
-2.395156358573690358e+00
-1.646577073842995009e+00
-7.093962836636795721e-01
-1.245814007320082073e+00
-1.117238649278736506e+00
-9.454585280418386084e-01
-1.418035681323499109e+00
-9.083807676330555303e-01
-1.322260294058100971e+00
-1.044612209596803343e+00
-1.732924421580158469e+00
-1.359692452759659442e+00
-1.500646300082383977e+00
-1.485051694471817729e+00
-2.392873110544155413e+00
-1.997586094919409749e+00
-4.621534572179580858e-02
-1.456119393684062846e+00
-1.981290457300982855e+00
-1.087042015060229350e+00
2.005441288573907577e-01
-8.511612310819320903e-01
-1.174098080718412707e+00
3.821451290929149258e-01
-1.698971771061057456e+00
-4.690898598106635342e-02
-1.213364044396915364e+00
-9.858296311220660080e-01
-3.788610217504247424e-01
-7.894615783394383079e-01
-2.364169997239166765e+00
-9.643694754266367575e-01
-1.208436255409918392e+00
-6.426455643065804857e-01
-1.264618659467370509e+00
-3.351285728977807299e+00
-1.658355621401927937e+00
-1.522226582165015163e+00
-1.438520779606396349e+00
-6.204982790397974846e-01
-1.569399539033313307e+00
-6.277557198532517369e-01
-4.902720817383579566e-01
-3.122260792383035000e+00
-1.041796533893400767e+00
-6.439099355297668303e-01
-5.166096087066311959e-01
-8.961438708523243868e-01
-4.560056684679386074e-01
-1.010400533326365480e+00
-1.123814679973126562e+00
-1.942442725687568150e-01
-2.110678146174624903e+00
-2.240973417504954490e-04
-4.331885028324761744e-01
3.878700724608158401e-02
-1.645497850168269327e+00
-9.327394383142224576e-01
-1.734742356157870535e+00
-1.469008589487192484e+00
-1.086747076290276670e+00
-7.389416184695396517e-01
-7.734084599102684088e-01
-3.821912051640308783e-01
-1.352760239768845185e+00
-1.046032412765637520e+00
-1.517148070879504207e+00
-2.405622954345276288e+00
-1.446679128266508574e+00
-1.036158786313859270e+00
-5.597181672188367152e-01
-2.348233524587812315e+00
-2.444034852797877244e-02
-7.253882885020570548e-01
-2.674088821471927724e-01
-1.664934452714091240e+00
7.689079958609243981e-01
-2.502784953248747279e-01
-2.098479161817345062e+00
-8.307194644027799946e-01
-3.372715105903512645e-01
-1.064598234722322179e+00
-1.481520389043341712e+00
-6.802587986779067286e-01
-9.955402650580374990e-02
-5.857121873835393622e-01
-1.470345851151283245e+00
-8.686644370297647022e-01
-1.065019161556584937e+00
1.778208397645708039e-01
-2.704573588507902304e+00
1.564547671582333654e-02
-5.278389054362304655e-01
-6.547135237591672485e-01
-8.471854754228808071e-02
-8.061995897395370925e-01
-7.869260250650751409e-01
-1.067134497701428320e+00
-1.293431172140583119e+00
-1.515404606110479779e+00
-1.661479000963273500e-01
7.619967183365949914e-01
-7.869686897642975687e-01
-1.744228436677329075e+00
-1.552675019405072465e+00
-1.763050638319196839e+00
-1.519755263634622100e+00
-2.109965833359713105e+00
-2.761449679548836134e+00
-1.412418529791321209e+00
-8.664525322780893823e-01
-4.392851034834640012e-01
-3.364920432666951289e-03
-8.787643069211683589e-01
-2.321588401595993667e-01
-1.593583792263438159e+00
-1.367451187883866215e+00
-9.076005569708489595e-01
-1.126646568778536750e+00
-1.575043235683363907e+00
-1.087911616515615965e+00
-9.180305234038041995e-01
-9.552152975837562288e-01
-3.983771960707796489e-01
-1.699578534542898200e+00
-1.736581305493882343e+00
-1.553873818980964661e+00
-5.605684211116757076e-01
-1.627416897195015810e+00
-4.374352528495504822e-01
-1.884907655480237754e+00
-5.369068362018372120e-01
-1.587363035279321100e+00
-1.109243927229986770e+00
-5.327271442547396596e-01
-9.944819051062023796e-01
-3.828282952071729306e-01
-2.288771813688801893e-01
-1.211835247022415185e+00
-7.513926597890869807e-01
-7.250100615761856382e-01
-1.600689048532238923e-02
-1.094629299085319918e+00
-1.328596081039855381e+00
-1.364516842512902617e+00
-2.083403482543215279e+00
-1.549215562064571561e+00
-2.381325589538546006e-01
-1.160707646418370320e+00
-8.723090571504461543e-01
-1.340458554688917392e+00
-1.018413844599348028e+00
-1.308382750623917179e+00
-9.748531766876600280e-01
4.872293499052510191e-02
-1.560828301493959902e+00
-1.385846437058866787e+00
-1.136686852270049730e+00
-1.504868200407326828e+00
-7.359348941564438640e-01
1.886722425145025972e-01
-1.243893622618994943e+00
-7.731749580956699397e-01
-1.677344183957771850e+00
3.809244570078038072e-01
-9.291711836640925704e-01
-9.998318711898385169e-02
-8.357016985544558629e-01
-1.052977507649661693e+00
-1.101953841726880157e+00
-7.899381610139362131e-01
-1.990683470428468826e+00
-1.147541999754065234e+00
-2.198639933325324813e-02
-1.103728492817307671e+00
-1.415087574965504746e+00
-4.546724935458362205e-01
-1.395126875369755215e+00
-9.214671600681048069e-01
-1.121953954704214329e+00
-7.927362419654113701e-01
-7.615560136287311543e-01
-6.861009010145875386e-01
-5.426228633793503953e-01
-1.473413056771196938e+00
-1.373611634911751644e-01
-1.190246913102253945e+00
-2.580068215470104342e-01
-2.065146535808293771e-01
-1.550207486492489739e+00
-1.784353865043716514e+00
-1.387111578308115600e+00
-1.672165046934706911e+00
-8.725205367392558919e-01
-3.905779170889052687e-01
-5.392421776613791629e-01
-1.478483873205677757e+00
-1.105615279679128538e+00
-1.317277551796923962e+00
-1.262194949742433625e+00
-1.569065387415637947e+00
-6.375797088910926114e-01
-1.741005883230034801e+00
-5.423095523949297281e-01
-1.559573716106948726e+00
2.939391469214264196e-02
-6.714315833723891735e-01
-6.539958875931941584e-01
-2.935295516600829324e-01
-2.031629110532659599e+00
-1.517161078393851614e+00
-1.508877148519659261e+00
-1.738683283385995981e+00
-7.077962189141158156e-01
-1.259611986863629074e+00
-3.273092453470192731e-01
-1.025290047023940776e+00
-5.740879933505209642e-01
-1.012689394255481989e+00
-4.979583799537406485e-01
1.083607178777543090e-01
-8.980120931293105180e-01
-1.508906398388728309e+00
-1.947835738902363278e+00
4.914804361864634763e-01
-2.090670171665850230e+00
-8.012462660381278745e-01
-1.091774259625183152e+00
-6.751222675067265477e-01
-1.309548901591135905e+00
-1.972627778949626265e+00
-7.986776007477058847e-01
-1.029177957765409435e+00
-7.204051189980913428e-01
-3.716891063503938164e-01
6.906723247475404781e-02
-1.576490636958425728e+00
-2.015771999384125213e+00
-3.734025756548278729e-01
-1.745033862945398528e+00
-7.572298748104171473e-01
-1.695628889620497848e+00
1.440548264843094506e-02
-1.168957794794728944e+00
-7.667047440434626715e-01
-1.346717662829834961e+00
-4.604881099590625859e-01
-1.676310190091886643e+00
-7.534024666319489860e-01
-1.888320302381988558e+00
-2.182669709677679482e+00
-3.878222861040520053e-02
-1.929619396015352373e-01
-8.220400578302506922e-01
-3.258226945700469224e-01
-1.028155606874105121e+00
-6.085281203429997454e-01
-5.161939588973560866e-01
-1.870110326993483785e+00
-1.181499552803668696e+00
-7.154965177317262892e-01
-4.257045490933147325e-01
-1.341168697383033237e+00
-1.321287511234580325e+00
-1.569912036053326965e+00
8.998325560243664034e-02
-3.726912949077082482e-02
-1.183421154431215871e+00
5.782798740005952176e-01
1.573036080234948009e-01
-1.239701903411653650e+00
-7.464571094459526712e-01
-1.709497838676366843e+00
4.717993204291057174e-01
-6.460891813436178133e-01
-1.292256142587139056e+00
-1.078890878080866589e+00
-7.871937790757194131e-02
-1.491729309302965323e+00
-6.767706652464684502e-01
-7.004510709847413530e-01
-4.576863394647188721e-01
-1.167564568640090616e+00
-5.316094717810995185e-01
-6.879940339595145282e-01
-4.742343391295525401e-01
-3.542924186156999888e-01
-1.617737362799994139e-01
-9.186535313054595697e-01
-1.174058128249915733e-01
-1.422182239479742538e+00
7.368949748482367390e-01
-5.035179695550628942e-01
-1.037021249864566119e+00
9.381668964752019058e-01
-2.486912510460936421e+00
6.916247542521819502e-02
6.745859191625487306e-01
-2.385558039527137186e+00
-1.883053156745216672e+00
-1.358634575156433488e+00
-1.311607006291165778e+00
-1.097542037896684253e+00
-1.000350207043372297e+00
4.942358494961313631e-01
-8.477408516896898227e-01
-1.645400283906451211e+00
-8.557010967604843366e-01
-1.681227789025513619e+00
-3.732823125561677835e-01
-1.044029943287761331e+00
-5.655254259514436166e-02
6.579176213314963384e-01
-1.211805094147920148e+00
-5.388525148454417213e-01
-1.456987321247393385e+00
-7.417824184094556905e-01
-1.493458890255390248e+00
-2.399255431117506721e+00
-1.246553206441568751e+00
-1.109736894508382310e+00
-5.306709562251907819e-01
-1.031152025919329862e+00
-1.475945110131136051e+00
-1.320701739698361354e+00
-9.987926509542188747e-01
-8.724810481473608270e-01
-9.696173255202009678e-01
-8.129477755604139766e-01
-2.382197637628676312e-01
-9.394718442971723427e-01
-7.546156151902008169e-01
-1.326934973770957260e+00
-1.659697517267940459e+00
-1.752406535315218949e+00
-1.852408692503079823e+00
-1.834046015234261251e+00
-6.864270589864855943e-01
-1.186001539021976914e+00
-8.646334163484792334e-01
-1.185999021856023905e+00
-3.592760930691807908e-01
-1.643742608066102395e+00
-1.992116624734952546e-01
-7.256276063555638922e-02
-1.089965983935087923e+00
-1.064282189133324952e+00
-1.286287539320856599e+00
-1.268604966189613936e+00
-2.342835635616328904e+00
-1.897136937428745562e-01
-9.148978811325432225e-01
-2.491183575568474584e+00
-3.711886788470449283e-01
-2.986632142749151009e-01
-2.641409245675388484e-01
-1.738623283827163579e+00
-9.052015507546724571e-01
-1.793309496108012713e+00
-1.481466002428849738e+00
-1.741033245902810500e-01
-2.859974876502338947e+00
-1.256395353471291276e+00
-1.593059470440963299e+00
-1.316264082564229998e+00
-1.824116043364238937e+00
4.587871905682283091e-01
2.498461022652515573e-01
-3.814702875104996616e-01
-1.620956844093790483e+00
-1.446572373798130418e+00
-1.438051723139434745e+00
-1.207889690397838667e+00
-1.683526839482240245e+00
-9.007714959362371765e-01
-2.470824750705529760e-01
-1.000867745512952656e+00
-2.005892085395256874e+00
-6.750481175433091785e-01
-1.213884247693702623e+00
-6.689364293446300458e-01
-5.372043969220574589e-01
-5.292574310123936421e-01
-6.208682749568947834e-01
-6.313926825928235509e-01
-7.237563644439490851e-01
-1.654991872711339074e+00
-2.147395201639430429e+00
1.875981555216798546e-01
-1.770726515772459653e+00
-1.307638605007700239e+00
3.807359539867464782e-01
4.893971519306766771e-02
-1.255796967749315041e+00
-2.440947209058462186e-01
2.664930419787724936e-01
-7.821389385061512378e-01
-6.291281785106197511e-01
-1.269002073552180310e+00
7.934258943368227568e-02
-1.234311936041731617e+00
-9.875150670603410896e-02
-3.138692859621546649e+00
-1.306564141872538887e+00
-8.457992585535873964e-01
-1.553914733449996977e+00
-5.433849375514836488e-01
-2.087344735735844115e+00
-2.549872863815960233e+00
-1.390792571116148957e-01
-2.135287822473092678e+00
-1.259468946115891885e+00
-6.458272112331084891e-01
-2.185649872709266806e+00
-1.394734892798088044e+00
-9.928235657133837044e-01
-5.871658675237374503e-01
-1.205747744032369173e+00
-1.461511290267634156e+00
-1.228853026185671826e+00
-1.597281579905431403e+00
-3.684558620640126514e-01
-1.074801639821001964e-01
-1.281587707876898907e+00
-4.697043788846522738e-01
-8.246598434652097076e-01
-1.133607648076964569e+00
4.493091526276695169e-01
-5.103498707195268658e-01
-8.026286578570460684e-01
-1.181762740366931741e+00
-5.873774226991987923e-01
-1.452156687769570187e+00
-1.626722934437804913e+00
-4.166111994730364865e-02
-7.329808991650392791e-01
-4.021987444970123726e-01
-2.324547566927578135e+00
-2.205869765319630194e+00
7.931783693554765868e-01
-1.303368583622100396e-01
-6.738497979346189659e-01
-4.083618027349663060e-01
-9.828776614723016003e-01
-1.066385414162401180e+00
-1.908337994935241699e+00
-1.144414729950501641e+00
-2.268939648744141113e+00
8.610084082827493823e-01
-6.760627593986154871e-01
-1.001055680856757224e+00
-5.953800094976142709e-01
-1.999746710390553961e+00
-3.432131078886820341e-01
-1.745560531126678416e+00
-8.054017717272867749e-01
-2.087265867013931686e+00
4.732771398921724049e-01
-1.132723983175847327e+00
3.478449713905535368e-01
-1.260692483431075761e+00
-8.413622520494681289e-01
-1.377210468783542030e+00
5.888940040324999181e-01
-1.364855175143589339e+00
-1.288639756232500932e+00
-1.341108963082309646e+00
-1.482184268453441423e+00
-1.110041552074652049e+00
-4.432789192284372626e-01
-5.408278690336740802e-01
-4.750780722447385807e-01
-1.119203991029327216e+00
6.522351384654306861e-02
-1.966930744496995676e+00
-1.698258632544375590e+00
-1.775042586627475050e+00
-2.083352951909703155e+00
-1.051110317719374354e+00
-6.125245430738286423e-01
-4.379942530186871630e-01
-1.191209929784538435e+00
-1.523776127523913448e+00
-1.749002704192115676e+00
-1.138803164488461750e+00
-1.731550451433009119e+00
-1.196141127442409857e+00
-9.209488633168132488e-01
-2.062145931271647914e+00
-6.917161986903974658e-01
-1.340387381159605429e+00
-2.096689533226379631e-01
-8.433150928434014482e-01
-8.148685238113384521e-01
-1.131493299083992543e+00
-1.045280963157634080e+00
-5.955723185701615741e-01
-1.088848479272908509e+00
-3.527497919323737130e-01
2.131753776600783801e-01
-8.992976369150135207e-02
-4.674918360439730969e-01
-1.707119275497715472e-01
-9.685051936238093795e-01
-3.117813111665346804e-01
-2.098706263072177780e+00
-9.740343483105466937e-01
-1.757099559967447266e+00
-1.070054697331070503e+00
