-1.011777792855875990e+00
-1.055776437201516149e+00
-1.207025493202341426e+00
-1.835761086531239261e+00
-1.322537812483720376e+00
-1.039443137699290975e+00
-7.064864024208330484e-01
-9.997721581290908155e-01
-7.842450760882226923e-01
-1.274718736874139058e+00
-1.369266090077392750e+00
-8.382642389851615583e-01
-1.592643519025394472e+00
-1.520591989292466639e+00
-1.296762031970712048e+00
-6.184864253861772632e-01
-1.129042399669476726e+00
-1.573203510678567785e+00
-7.896069371230223233e-01
-1.083249174031859940e+00
-6.269874474312655543e-01
-1.757188965981083317e+00
-1.112524376953761607e+00
-1.799026158177927659e+00
-2.150362907555049663e+00
-1.051988419726445745e+00
-1.614909577725282208e+00
-7.536475182560136155e-01
-1.467295509548254717e+00
-1.254636195820826305e+00
-1.308177231451248534e+00
-1.019260189834053865e+00
-9.203457088832895927e-01
-1.554232841841131307e+00
-1.374013335508803113e+00
-1.263378834709124821e+00
-1.590616675569567651e+00
-1.339202733506344334e+00
-1.497241308585654185e+00
-1.496146873925650045e+00
-1.958396177643532798e+00
-7.451223927543506598e-01
-9.121404576034888301e-01
-1.819893178868899231e+00
-1.431511115766145981e+00
-1.285452184054101554e+00
-1.373735317402808409e+00
-1.500930311978497134e+00
-1.146209585111091389e+00
-1.677506506197625757e+00
-1.393063168955084752e+00
-6.868554083105355978e-01
-1.334988914740357746e+00
-9.340245168282668153e-01
-1.367239972386482538e+00
-1.358261618215838684e+00
-1.031083731878777332e+00
-1.091447996878765370e+00
-1.214458226371850191e+00
-1.386750800982558207e+00
-1.378117860432685138e+00
-1.358400630298579603e+00
-1.380748979992706627e+00
-8.718538991771791480e-01
-7.923583245191747615e-01
-8.499535894405014780e-01
-1.006889731456038550e+00
-1.727625000434205749e+00
-8.948939855417976652e-01
-1.206361074492232621e+00
-1.222859603318572130e+00
-8.415674595108098011e-01
-1.831572476340796118e+00
-8.749122999204215212e-01
-1.133213620372903296e+00
-1.567272390853915898e+00
-1.187574479066477284e+00
-1.452619233191674741e+00
-1.477752607612430769e+00
-1.453383558866971459e+00
-1.237637256410299091e+00
-1.483610631040243266e+00
-9.579589670732429063e-01
-1.856876574341545183e+00
-1.074583484948260281e+00
-1.131713114563890787e+00
-9.301549626142926464e-01
-1.759333262375545548e+00
-1.680593922346834024e+00
-1.115480421805959299e+00
-1.470397173168351390e+00
-7.453629942394042196e-01
-1.344722774669474763e+00
-1.377943169589553651e+00
-1.486198193781878008e+00
-1.497394962037486454e+00
-1.701549215795598702e+00
-1.200353587409833001e+00
-7.986261834451622299e-01
-2.022070749691753822e+00
-8.243792562311154093e-01
-1.961711992116177417e+00
-1.560786398463545499e+00
-7.503349955010782946e-01
-1.180736929903180243e+00
-1.588974472126868154e+00
-5.937738096742859462e-01
-1.576280848837801063e+00
-1.230982507207759813e+00
-1.378350568447264113e+00
-1.430399653995888531e+00
-1.433738741531204841e+00
-1.411560122791965188e+00
-1.560321720866039374e+00
-1.052961043194400315e+00
-1.762660404133765457e+00
-1.346485719613991439e+00
-1.297134834133654824e+00
-7.057285445510790289e-01
-1.012277605933578517e+00
-1.612900873659882439e+00
-1.446440421948804289e+00
-1.668654833761227696e+00
-1.268580479687198892e+00
-1.002711435680217367e+00
-1.482833000172516069e+00
-1.009735532870925656e+00
-1.032346922387486376e+00
-1.043327415894158339e+00
-8.720975695298496255e-01
-1.247683980389566738e+00
-1.083007830135346072e+00
-1.563823075297247289e+00
-9.673346128571655989e-01
-1.171731123462059099e+00
-1.751745589199277919e+00
-1.057669297427218158e+00
-1.067585644611711349e+00
-1.291845715556555252e+00
-1.519366726774731280e+00
-1.160610100519623433e+00
-1.084166844066676294e+00
-1.100679943983266629e+00
-1.324261653031844066e+00
-9.321592263939817435e-01
-1.368369257051251342e+00
-1.320404311948902620e+00
-1.821645575788285232e+00
-2.213439011686741953e+00
-1.296578429991319670e+00
-9.337857590872471469e-01
-1.529919264049921512e+00
-1.627475986206331715e+00
-1.797689110338418050e+00
-1.761317794387068592e+00
-1.567616936977679121e+00
-1.024676517724895763e+00
-1.081523389858461304e+00
-7.419169465997925705e-01
-5.579135515156790071e-01
-1.985822983753323445e+00
-8.493563446291116925e-01
-9.182899538208926238e-01
-1.796811945153511392e+00
-2.226259128395981168e+00
-9.756407448792221437e-01
-1.149619327671029811e+00
-6.672108015485957999e-01
-1.359528210088843725e+00
-1.360238166978704033e+00
-7.217511745376055110e-01
-1.866683471198389288e+00
-1.254388647915224642e+00
-1.312746387163266970e+00
-1.389443078997271375e+00
-1.682201573298556685e+00
-1.670178152710704911e+00
-7.648411400813663885e-01
-1.557452316107909684e+00
-1.456069510762330044e+00
-4.325220538494059519e-01
-8.647869561676952976e-01
-7.719978464262919893e-01
-8.818229131990649172e-01
-1.319466198038654614e+00
-2.135131431545457037e+00
-1.273912261715804295e+00
-8.251219497919142221e-01
-1.045068713625479706e+00
-1.039471099394543518e+00
-1.197548188157146587e+00
-1.208582383899948542e+00
-8.339237709175404412e-01
-7.623935405469279836e-01
-1.133553173956965754e+00
-7.111808384099878033e-01
-1.400453604378779193e+00
-1.698694125032215840e+00
-1.184776980198574581e+00
-9.983873459041388010e-01
-1.414139424199313044e+00
-1.481439465424486901e+00
-1.382343597484461117e+00
-8.734852636674657056e-01
-1.152174306737432818e+00
-1.217422394449709788e+00
-1.376701904314292069e+00
-6.398314272957645876e-01
-1.395296254887310017e+00
-1.142519742280580619e+00
-1.251839812434643040e+00
-1.894072489231355849e+00
-1.514721710815969846e+00
-8.156146845798315503e-01
-1.307483436144832201e+00
-1.041786482971521099e+00
-1.368464704411089361e+00
-1.075808258290110064e+00
-1.093302360898622982e+00
-6.948500917159745605e-01
-1.063597629460684590e+00
-1.093999616511681428e+00
-4.587000224632445389e-01
-1.602535477130596409e+00
-7.513641808580016068e-01
-1.583748625568702995e+00
-2.008257621733055220e+00
-1.410043181047445859e+00
-8.546590088381873507e-01
-8.549086751413779162e-01
-1.735918392974721502e+00
-9.506404460519886079e-01
-6.667655135702408309e-01
-7.279033682360815938e-01
-1.034319781388046255e+00
-1.953108705017829738e+00
-1.942104160802749835e+00
-1.524011359173354396e+00
-1.591321481226075196e+00
-7.460862049986727307e-01
-9.421399313841054557e-01
-8.765500950523787971e-01
-1.523537732045700199e+00
-1.354547643874259411e+00
-1.177608805749351228e+00
-4.875249195579738903e-01
-2.126377082106966743e+00
-1.489124796526188010e+00
-7.793396300849413372e-01
-6.980288034844943645e-01
-1.647543703645329760e+00
-1.489330053517772701e+00
-1.563484479376015646e+00
-1.913349465583682463e+00
-7.677257403417070414e-01
-9.185738522767334935e-01
-9.656967263467284290e-01
-1.802688300044739567e+00
-1.846076862938187180e+00
-1.226353391807644133e+00
-9.427743570371345250e-01
-1.356055181458711179e+00
-1.403835083984660503e+00
-1.472751102966963987e+00
-1.152808008676121876e+00
-2.196700008902592760e+00
-9.653852669461220337e-01
-6.016461166981525999e-01
-9.382612679106334674e-01
-1.287957347999407975e+00
-1.629215571994703016e+00
-1.204907262920646094e+00
-1.250676479001317620e+00
-1.280391869341429345e+00
-1.323618676514375370e+00
-1.310865813746293629e+00
-1.573763753649427333e+00
-1.109435266092380079e+00
-1.894495185594653908e+00
-1.336398982811932701e+00
-1.341291415693696809e+00
-1.046693782280485596e+00
-1.122662379408236877e+00
-1.068477938827577578e+00
-1.218892659562297087e+00
-1.639792891816489462e+00
-1.480487809985890468e+00
-1.327083062097298427e+00
-1.403525233979817655e+00
-1.154253219087575832e+00
-1.080625617910824676e+00
-2.067367140631791944e+00
-1.165886625033959678e+00
-1.555325577505314971e+00
-1.444588514674651325e+00
-1.718348507988797014e+00
-1.342404890862483047e+00
-6.554339893089786706e-01
-1.352855203984998145e+00
-1.100909029301763820e+00
-1.460367939068572429e+00
-1.147992404282096590e+00
-1.925113658561354857e+00
-1.471329347424206180e+00
-1.105485762306682052e+00
-1.505322387957118924e+00
-1.234520477119656068e+00
-1.562703075644269024e+00
-1.854088836113487293e+00
-4.836890684355493186e-01
-1.741760464767616146e+00
-1.256967060362452759e+00
-1.300728380730845846e+00
-1.249619301639040447e+00
-1.061188452696033568e+00
-1.890472004326330779e+00
-1.771007860828600844e+00
-1.611673922246826596e+00
-1.198331596894221196e+00
-7.690957853996374105e-01
-1.268701041134382645e+00
-1.440156576961908019e+00
-2.017785588087953830e+00
-1.677842736931264955e+00
-9.638176582705075823e-01
-1.368026678096463389e+00
-1.068531600560274075e+00
-7.945042314277412920e-01
-1.341700531663189810e+00
-1.696335981074366561e+00
-9.467583314111434056e-01
-1.168466235610111870e+00
-1.434080473770233954e+00
-1.050717933076132926e+00
-1.077191353976257648e+00
-1.111391570634247206e+00
-9.684242271459919671e-01
-7.861772744827502102e-01
-1.218893725708556364e+00
-1.442327996837914572e+00
-2.070654502557771171e+00
-1.314071744295756350e+00
-5.163736137514236546e-01
-1.108921946941532344e+00
-1.019254872667961553e+00
-1.107587795297217514e+00
-5.968596083797987895e-01
-1.988900051851193229e+00
-1.736683319956338512e+00
-1.053644939569256866e+00
-1.458707834735577524e+00
-1.475349412708443442e+00
-1.554931798410255528e+00
-1.018544018750898505e+00
-5.916924450692460091e-01
-8.207643391062373617e-01
-1.232014535990679338e+00
-1.468493949280518240e+00
-1.639402563394622536e+00
-2.462638984877033033e-01
-1.230520919069146846e+00
-1.284913708157628509e+00
-1.973834350746994648e+00
-5.508920629501656840e-01
-1.599395829714298944e+00
-1.521069546826972374e+00
-1.747131363023115558e+00
-1.072163422476411387e+00
-1.559484338455164210e+00
-8.015224232545006267e-01
-1.441198533146042404e+00
-8.867381614274099100e-01
-1.122734237941504620e+00
-4.073900253925769044e-01
-7.595708572259352032e-01
-7.520169146706163765e-01
-1.123160270207407496e+00
-1.457189449889181976e+00
-9.617417302934438972e-01
-1.400495810354624115e+00
-1.485342439377465684e+00
-1.249199201233356593e+00
-8.114950438098316177e-01
-1.174645984767231699e+00
-1.122901191169909385e+00
-6.610543275210614134e-01
-7.025248694484571566e-01
-1.375160278587838736e+00
-1.078375682906820288e+00
-1.667447301613517840e+00
-1.205957725312515993e+00
-1.017797483058043628e+00
-1.546242185732748187e+00
-1.386213631298929716e+00
-1.136996082046036083e+00
-1.025547144630517327e+00
-1.254051561467083520e+00
-1.698933687921269087e+00
-8.042281412063663204e-01
-1.121829296501744455e+00
-1.787385781931629669e+00
-9.436575070938819643e-01
-7.308716874462395374e-01
-1.367006755294799536e+00
-7.389665833950229690e-01
-1.099697808356957740e+00
-8.876918877768358307e-01
-1.562398705186577974e+00
-1.363753336296614993e+00
-1.429426836490606423e+00
-1.283493989402043400e+00
-9.781907769166413580e-01
-1.417771366415572221e+00
-3.266089673303738672e-01
-1.175827565194755397e+00
-1.120822424187562394e+00
-1.659728581738530995e+00
-1.496751383183218653e+00
-1.734048768999791879e+00
-6.411218326105978527e-01
-2.013600556577135325e+00
-1.596655873342723186e+00
-7.912481260207084865e-01
-9.569162608270862513e-01
-1.551357236708538867e+00
-1.019852104457989572e+00
-1.060738341066656876e+00
-1.211463442037736815e+00
-7.606962533408005989e-01
-1.400382808849395477e+00
-8.459808589932902301e-01
-6.647538778439892049e-01
-1.478127184720773091e+00
-1.694804669245865814e+00
-1.267151437429920424e+00
-1.466697358231418225e+00
-1.223614339449060839e+00
-1.270372452206146807e+00
-1.458458169017160078e+00
-1.330743907422534011e+00
-1.404996484924332822e+00
-1.657569780430162343e+00
-1.703534537213517996e+00
-1.196364203582654273e+00
-4.715358389485052037e-01
-1.022123202595090152e+00
-1.936670592705315830e+00
-1.567190800411676133e+00
-1.540251428368826669e+00
-1.278447470939380270e+00
-1.818854428826047087e+00
-6.846600881211100109e-01
-1.045288977292706978e+00
-6.181245379974709131e-01
-9.037182701725545719e-01
-1.329761929132895037e+00
-1.820392539950671296e+00
-9.335493178494016497e-01
-1.657656638937400562e+00
-1.028722485948526444e+00
-9.659918150698811878e-01
-1.070512265668050578e+00
-1.512479282787442703e+00
-1.170450544666545856e+00
-1.898179799814692092e+00
-1.466797601003567042e+00
-1.400425695822943073e+00
-1.560972762175215411e+00
-8.731120415055966255e-01
-1.262209261162202001e+00
-1.220385271904949054e+00
-1.396473804104531258e+00
-8.331074098405832906e-01
-9.588498656409254473e-01
-1.278120336036888904e+00
-8.018885414031697856e-01
-1.603557597527907053e+00
-8.012054709372411487e-01
-8.854595166337699830e-01
-1.371556044909735039e+00
-1.581173034971371738e+00
-1.424784097427146623e+00
-7.746829039706182307e-01
-1.416908837880236138e+00
-6.353274120766634336e-01
-1.359678726785123803e+00
-1.433282343765608591e+00
-1.655862953494260825e+00
-1.456127946239160753e+00
-8.532242713695805669e-01
-1.198896135012930575e+00
-1.824875384328148886e+00
-1.752566877202337725e+00
-1.681643701267820479e+00
-9.288118064143753294e-01
-1.134431873381832379e+00
-1.448892669053524873e+00
-8.843260295214148137e-01
-1.420542172454564156e+00
-7.571870525474335700e-01
-1.050049540998181374e+00
-1.135947148703888576e+00
-1.783793280038576956e+00
-1.209886675370409836e+00
-1.370797173936666002e+00
-9.144188080171855582e-01
-1.345867937895729671e+00
-1.020342144668366036e+00
-1.749157903190758478e+00
-1.483371170258149352e+00
-1.993824268667538480e+00
-7.405151439586359352e-01
-5.108069432407913446e-01
-1.851719127868666437e+00
-1.434140425793043239e+00
-1.248378598700361497e+00
-1.322396066502485201e+00
-1.487614053091637079e+00
-1.297396080854796185e+00
-5.115166208664416736e-01
-1.428412398605788614e+00
-2.208465696006748136e+00
-1.395322140156193047e+00
-1.168637334879069289e+00
-1.347782719051009881e+00
-1.980765359056484431e+00
-1.443696693158206035e+00
-9.227771194633160867e-01
-1.223432838087444186e+00
-1.200468252566491589e+00
-1.832628934124305164e+00
-2.159474339269462195e+00
-1.519858015000196350e+00
-9.563299524874619983e-01
-1.138573496007407204e+00
-1.194295972806625361e+00
-9.366761283487980982e-01
-8.214897415665345370e-01
-1.039103280170543986e+00
-1.229119003545250610e+00
-1.327259043099328739e+00
-1.218685042774407368e+00
-1.786329757494318660e+00
-9.342281700698547020e-01
-1.215176253580733334e+00
-1.426954886028730218e+00
-1.392362264228584667e+00
-1.282318386117769382e+00
-1.145761984212594786e+00
-1.103626405775319785e+00
-9.594374648610437539e-01
-1.004242095414508373e+00
-1.467078632112717163e+00
-1.452444331162791702e+00
-1.287817314502003985e+00
-1.233733793148112046e+00
-1.438493591980222863e+00
-1.393398616211234842e+00
-1.155651242721941419e+00
-2.026172669456013598e+00
-1.105436345738962434e+00
-7.062978330793128201e-01
-1.953251127074626670e+00
-8.855267582109047630e-01
-1.030602046684699236e+00
-1.205051516078434748e+00
-1.802043353096806744e+00
-1.058178038393866149e+00
-8.124395994329209891e-01
-8.089777684923231682e-01
-1.423058387509801737e+00
-1.546431926554792557e+00
-1.505514552978493459e+00
-1.240184644811382686e+00
-1.472029523383316718e+00
-1.491685468195545372e+00
-1.395362488010448931e+00
-1.320270302494549686e+00
-1.628125939976808656e+00
-5.796394760787220157e-01
-1.075317961115989096e+00
-6.972106847750090264e-01
-1.090418493923463128e+00
-9.934086458994326740e-01
-1.090354623456825767e+00
-1.394749593329035253e+00
-1.376784924920877007e+00
-1.662050576660114576e+00
-1.127556310514173266e+00
-1.861537780950545784e+00
-1.557373550432981535e+00
-9.836659094850905838e-01
-2.452257346265792837e+00
-1.307862070891584683e+00
-8.479308206024680494e-01
-1.547066211402946312e+00
-6.421727236786733961e-01
-8.566194687671715435e-01
-7.036627604027754224e-01
-9.593547516608658121e-01
-9.800432944780621547e-01
-8.023549738515431962e-01
-1.870309120399678893e+00
-4.712648881446051541e-01
-1.305431208141773158e+00
-1.469804409639611453e+00
-7.475806091198795578e-01
-1.537893314278836687e+00
-8.753818765274243852e-01
-1.269180867941703372e+00
-4.421599317353722136e-01
-6.519884416629868618e-01
-4.653764941141394496e-01
-1.549637784646737959e+00
-2.149652037495297652e+00
-1.273859651559697159e+00
-5.933521969849917532e-01
-7.709686372826820566e-01
-1.707120172297653671e+00
-1.640048469053720925e+00
-1.248712264387141335e+00
-1.637018123986142104e+00
-1.163377654681980733e+00
-1.942864438527504678e+00
-1.775174068584857157e+00
-1.090770571179792814e+00
-1.488484222965651416e+00
-1.477965511153155109e+00
-1.404913772569600372e+00
-1.259457405640834526e+00
-1.752918069130771972e+00
-1.070370622371410452e+00
-1.245220087347679527e+00
-1.447554616961806762e+00
-1.154173881272140267e+00
-6.954958621158309207e-01
-9.702970846261860238e-01
-5.993093247788352507e-01
-1.522300167341715582e+00
-2.483845983185842266e-01
-1.475092438523994520e+00
-9.394504423697935813e-01
-1.513556493744293352e+00
-1.785747773078739886e+00
-3.429122012131853858e-01
-1.733258734153843239e+00
-1.609602694593217809e+00
-1.870825313136088131e+00
-5.669783862838042587e-01
-7.214844954967376545e-01
-1.900020868793440787e+00
-9.853078794550857999e-01
-1.014815557994702022e+00
-7.477611136472686049e-01
-2.790822656558700765e-01
-1.140528884939876253e+00
-1.490361339988635070e+00
-1.258713221050584696e+00
-1.556390759786804967e+00
-1.197166161999949185e+00
-1.192737534165168700e+00
-1.281476988375015669e+00
-1.874540213563492319e+00
-9.973807238418257448e-01
-1.235038953452982202e+00
-1.647181602810772194e+00
-1.529860322779807991e+00
-1.146490236727971013e+00
-1.262605869285839066e+00
-1.138921507334420102e+00
-1.110682975698101149e+00
-1.184716681584128128e+00
-1.053473863813647160e+00
-1.320428106760406894e+00
-1.404059187060573866e+00
-1.404062096084989886e+00
-1.471429361103016920e+00
-1.128654918478489311e+00
-1.248249348131221570e+00
-1.920124816352917652e+00
-1.542081985759719220e+00
-1.279304685433800604e+00
-1.736370685802044012e+00
-7.345226512315936596e-01
-2.074196722482538058e-01
-7.670809969597489619e-01
-7.169649736519869698e-01
-1.594905940001656308e+00
-1.177459284970292064e+00
-9.120616978963380639e-01
-1.252068668238341065e+00
-1.782867897398770385e+00
-8.986202517629817699e-01
-1.333930368266639466e+00
-9.303910199581904017e-01
-1.780919125129877489e+00
-8.325573548655360590e-01
-1.385262783397462005e+00
-1.530656855699345176e+00
-1.864915683095386800e+00
-7.406057650389394897e-01
-1.485643929341858627e+00
-9.736143867734878832e-01
-1.728082795579633402e+00
-7.765385897551877470e-01
-8.176841195514481520e-01
-6.701248536387898191e-01
-9.224360158668560850e-01
-1.400816073738650136e+00
-1.035385556642648641e+00
-1.299118705380568617e+00
-1.215460250112400775e+00
-1.085083792268996650e+00
-1.336629502796622848e+00
-4.873318560734714588e-01
-1.338154691469711555e+00
-6.937532456580197682e-01
-1.564419760506411183e+00
-1.442629925205866304e+00
-9.544373228430029776e-01
-1.300782191238778029e+00
-1.196130007376563942e+00
-9.805263284247254241e-01
-1.292660170062376768e+00
-1.233821138079659097e+00
-8.048528587359133901e-01
-1.813397709365265786e+00
-7.519123926626574139e-01
-1.487194571257437037e+00
-2.280622958594733962e+00
-1.496398383107991226e+00
-1.334068927905900370e+00
-1.549242083722447649e+00
-1.055764314917075897e+00
-1.063783917274829793e+00
-1.348025904216211490e+00
-7.172018892228462228e-01
-1.063105495857403771e+00
-1.423867430208201501e+00
-9.099449514950745943e-01
-1.569465435638339290e+00
-7.477233893465187187e-01
-8.337465747490679924e-01
-1.122509357571930710e+00
-1.528657869281066173e+00
-1.587810795572540901e+00
-1.339252508031752331e+00
-9.151257926520668384e-01
-1.522831944308780994e+00
-7.104493724933829135e-01
-7.660158267181409464e-01
-1.471872921790055688e+00
-1.037881035826587972e+00
-9.425513504506750628e-01
-1.015519083737669082e+00
-1.422793838016364720e+00
-7.804412576154313719e-01
-1.068167270081471276e+00
-1.711580952663446897e+00
-1.441410264051225187e+00
-1.317711822552418699e+00
-9.915339822742201825e-01
-1.652894001842194260e+00
-1.170307851661644083e+00
-1.521463551272863146e+00
-9.978993958034121370e-01
-8.437346351113643728e-01
-1.337934095251585465e+00
-9.679046922244478601e-01
-1.093506470757216409e+00
-2.080414347317099288e+00
-9.972074534049624184e-01
-1.145361317148065883e+00
-1.595237101724980011e+00
-2.025577726840183335e+00
-1.376884419963734008e+00
-8.799071120927437484e-01
-1.385392383502619840e+00
-4.208283357140528147e-01
-1.107150373140580957e+00
-3.388043625633803679e-01
-6.451129601180221051e-01
-9.720627370077488116e-01
-1.170671493765170101e+00
-2.158113689572467297e+00
-1.675012598886230553e+00
-1.049224964151699968e+00
-1.116244223236610100e+00
-9.579816860053864680e-01
-1.373821330085203574e+00
-1.592978763404371723e+00
-3.657938244762282687e-01
-1.617001849481763731e+00
-1.446992225636446694e+00
-1.926150787715926516e+00
-6.010080327808897671e-01
-1.151706488074010881e+00
-1.206378064095908531e+00
-1.078806750132170311e+00
-8.782611487614002677e-01
-9.911790641201752017e-01
-1.066040464287671075e+00
-1.395655163508334073e+00
-1.425136313475864558e+00
-1.484006220970517820e+00
-1.363832141219158967e+00
-6.856924557067043402e-01
-6.355044377893404040e-01
-1.849573659007252235e+00
-1.737236970771800504e+00
-8.051191187336113053e-01
-1.854266250114943393e+00
-7.858936223049899361e-01
-1.112982887814272903e+00
-9.897753769500501342e-01
-1.433634980177477036e+00
-1.314677443343379881e+00
-1.045668120883068486e+00
-1.640367833900036931e+00
-1.509954228742206528e+00
-1.776534931767127734e+00
-3.118793582998909408e-01
-2.942011978353709645e-01
-1.739690633531609354e+00
-1.408156110887152312e+00
-1.905100392563275680e+00
-1.085731818146421279e+00
-1.699384484811635065e+00
-1.641981956749806404e+00
-8.841253632245096306e-01
-1.357635824300448935e+00
-1.069739537099409166e+00
-1.298515929808225611e+00
-1.320319373265651297e+00
-1.907452871213227485e+00
-1.561318799887815079e+00
-1.594928471689851524e+00
-1.213924839372550135e+00
-8.271767654381005919e-01
-1.597145251828660850e+00
-1.066128270148575030e+00
-1.202638101416692695e+00
-1.355915090547622714e+00
-6.968109042503098927e-01
-1.333959013904330693e+00
-1.132515404467359321e+00
-1.523397355468557368e+00
-1.465296854917732094e+00
-1.561762531448739555e+00
-6.702352110338911650e-01
-1.408162038635258018e+00
-9.549659489883777219e-01
-1.403153342251628022e+00
-1.694393559017961071e+00
-6.985071879148958551e-01
-4.455612179837023512e-01
-1.641774161669080190e+00
-1.284243718514073596e+00
-9.268579746180205525e-01
-1.189923129661150103e+00
-1.824814781371767669e+00
-1.926241377618716388e+00
-1.256720229795198041e+00
-1.339360694485848047e+00
-1.401504429972743271e+00
-1.807520627349813669e+00
-6.709466446417704510e-01
-7.268551431293435172e-01
-2.069892642031956331e+00
-1.192394627726280465e+00
-2.081481554263316713e+00
-1.299461758376536213e+00
-1.559780825558903405e+00
-4.918265859097102344e-01
-7.153852544629661914e-01
-1.123356308925796743e+00
-1.458580562103268807e+00
-9.495359898962303369e-01
-1.315096706034541985e+00
-1.742084179842724456e+00
-6.825234829918547241e-01
-4.297793545456838893e-01
-1.615461412759554793e+00
-1.556200930758194989e+00
-1.431118373989083370e+00
-1.369143664474631539e+00
-1.192665652649211427e+00
-1.426417810810500786e+00
-9.781824889541081980e-01
-1.523781013373611604e+00
-1.350735739080530795e+00
-6.598149076314538952e-01
-1.551654893838890548e+00
-1.906355841324586908e+00
-1.999769619181233526e+00
-1.237861971866021538e+00
-2.089153799732681893e+00
-1.372255298428197268e+00
-1.660845197408467033e+00
-8.475280654097514521e-01
-1.080211396646344912e+00
-1.388702334769089664e+00
-1.329677244865916652e+00
-1.917189249564352327e+00
-1.330432198953250822e+00
-1.095223042710362638e+00
-1.364503458480035736e+00
-5.130114541007100293e-01
-1.482818325470649956e+00
-1.458320691592146279e+00
-1.000590142402896010e+00
-9.961746672533959845e-01
-1.266702785820268407e+00
-4.924998880181843952e-01
-1.318579296121179301e+00
-9.167793484821484817e-01
-1.409606154949581747e+00
-1.047661320550500097e+00
-1.013842909967256123e+00
-7.898110139862972723e-01
-5.955860034198505737e-01
-1.371648585020818434e+00
-1.865825842238120646e+00
-1.251963696686436034e+00
-1.142101693805802842e+00
-1.685449502882417239e+00
-1.359378691694342667e+00
-2.054504450322110376e+00
-7.296854914281820648e-01
-1.001965047300093392e+00
-1.172984219422194219e+00
-9.108023963191063110e-01
-1.300933999208620850e+00
-7.717187848009285922e-01
-1.119472619049731055e+00
-1.788400371162751856e+00
-1.498905734665680445e+00
-1.164684051997558090e+00
-1.235345496919312058e+00
-1.297680425914482516e+00
-1.755059429334249632e+00
-9.587307587485054405e-01
-1.247498424153658636e+00
-1.953837503460651437e+00
-1.560965429798585991e+00
-1.150615265301344170e+00
-1.435263050448814415e+00
-1.278080380330070209e+00
-6.339809563234460876e-02
-1.109147123996365725e+00
-4.555274232775699539e-01
-1.344961319826382340e+00
-1.380021337197245845e+00
-1.995978257008819146e+00
-1.092725017224247974e+00
-1.325951807275003613e+00
-1.120020647710600503e+00
-1.510101753373917166e+00
-1.217123325785966603e+00
-1.168811237371568001e+00
-1.836435562360532736e-01
-1.388152739646699718e+00
-1.528368430787083287e+00
-1.393084326171429854e+00
-2.458371649998739361e+00
-7.246720703494280436e-01
-1.118709412841977002e+00
-1.568781405930270711e+00
-8.254740132874514025e-01
-8.350983293698175380e-01
-1.517002297030210389e+00
-3.975187579684456574e-01
-1.344315700174096850e+00
-8.584054877039659637e-01
-1.448001007450575361e+00
-1.424601124322695700e+00
-1.026586871394095102e+00
-1.101683072105164474e+00
-1.491917170714860408e+00
-1.771653104546672797e+00
-1.093812942182090797e+00
-1.974280394012606354e+00
-5.295886879509841272e-01
-1.665228642803463277e+00
-1.216736309587485909e+00
-1.799597174542221456e+00
-1.519332555477113988e+00
-1.032893580565787506e+00
-1.433672388810333320e+00
-6.750178192143541089e-01
-8.757368512845062902e-01
-1.234168403041462359e+00
-1.194431013943966224e+00
-1.132854193288885813e+00
-1.757636529526803049e+00
-1.593473240259623669e+00
-7.594215333171703275e-01
-1.044575253523531533e+00
-9.430094311936341178e-01
-9.267479775072033910e-01
-2.096030126346740463e+00
-1.655891407350433386e+00
-9.908275421878056655e-01
-8.364291101988272636e-01
-1.256446024542242856e+00
-1.222657233168613633e+00
-1.029773431600823574e+00
-1.475352633133586000e+00
-1.217453452815061343e+00
-7.365775565673513547e-01
-1.760651040395199818e+00
-1.272790586006590008e+00
-6.651396484617255744e-01
-6.838198289929739992e-01
-1.430904459580400800e+00
-1.918559874506574392e+00
-3.479459262277893594e-01
-9.148020331887178891e-01
-1.060041936701925369e+00
-4.018861734761967619e-01
-4.101174555915361730e-01
-1.340102585809138436e+00
-1.046066375616334643e+00
-1.960656750366892020e-01
-1.460599678776635546e+00
-8.643923251042449074e-01
-1.037659341364563392e+00
-1.505077778216414419e+00
-1.213112025958797080e+00
-1.582374610583937358e+00
-1.377462790377972812e+00
-1.108784098050496159e+00
-5.419219290888013241e-01
-5.156181525982153069e-01
-1.615374696800710108e+00
-1.122352937251872351e+00
-9.001862241435953926e-01
-1.330602066476334944e+00
-1.141540989783973448e+00
-1.838478043977734178e+00
-1.726971992570544234e+00
-1.419304705327693927e+00
-1.537761554320845381e+00
-1.306741059865022425e+00
-8.527751194160768655e-01
-1.373447124979211953e+00
-7.677678852037872481e-01
-1.504376200431221111e+00
-1.204346744223937282e+00
-1.556376199905042501e+00
-1.820967822502236988e+00
-1.252788257388804727e+00
-1.062282156446578529e+00
-1.277533368387274937e+00
-5.940180254984750441e-01
-1.032532239163968857e+00
-9.074057521487737255e-01
-1.815475415422316718e+00
-6.224154043160763372e-01
-7.416167931826973536e-01
-1.619458575395736677e+00
-1.306727240124001543e+00
-1.330473465937034749e+00
-6.148450593468983705e-01
-1.128536235302661783e+00
-1.205520221382098800e+00
-1.876350995490750240e+00
-1.727691712821528558e+00
-1.821841650922462197e+00
-8.166866421321157254e-01
-9.675683590286401348e-01
-1.998464065987555660e+00
-3.623950052202720706e-01
-9.870865056518920433e-01
-1.221830255425095491e+00
-9.045634685092456273e-01
-1.979660435260680362e+00
-1.320801876790608009e+00
-2.114000390646797900e+00
-1.725679957736208525e+00
-1.284370470551025267e+00
-1.113663617852026722e+00
-1.997487109165807073e+00
-1.100582809197629519e+00
-1.475959181070710446e+00
-1.008107380774175277e-01
-1.331419742884282886e+00
-2.161570660306449287e+00
-9.201843426849447560e-01
-1.545469239399978267e+00
-8.180766733001942903e-01
-1.258203420600720879e+00
-1.585138136266554643e+00
-1.461555489467198488e+00
-1.332694698258340527e+00
-1.514553745593066214e+00
-5.770667652091572286e-01
-7.063233443392253896e-01
-7.350426791880519950e-01
-1.449915802434864620e+00
-1.596340285265565928e+00
-1.386506079875030384e+00
-1.309453346881573221e+00
-6.292683552140840852e-01
-1.290999101705015750e+00
-2.116391420544634361e+00
-1.670296745276357075e+00
-1.179932143483366946e+00
-1.663871201506428310e+00
-8.096283581289580589e-01
-9.829778231404877609e-01
-1.125637257853558726e+00
-9.682610265198374755e-01
-8.072344045988057992e-01
-1.772819239881233688e+00
-8.629639685196122123e-01
-1.117283051022564866e+00
-1.072836953545712735e+00
-1.948343801505782569e+00
-1.787445316840657217e+00
-7.845985369017047795e-01
-1.708997441684776408e+00
-7.644448422884981831e-01
-9.433780439443002486e-01
-6.054398380437899796e-01
-1.117788570371207602e+00
-1.355918711337647853e+00
-1.131403820482273392e+00
-1.286381106340944047e+00
-8.921823362385024048e-01
-5.454376007073133970e-01
-9.528254581124397937e-01
-6.877622319953808905e-01
-1.387244154126003881e+00
-1.464025128491652783e+00
-1.808562595284341601e+00
-1.369306170007743351e+00
-8.755288456862868607e-01
-1.369907507058837570e+00
-1.639501514382164959e+00
-1.797775177215616527e+00
-9.563401679403367162e-01
-1.411432865312224560e+00
-1.707632029941617891e+00
-4.406954844640016966e-01
-1.916602528616679013e+00
-1.026312512078441319e+00
-1.198276119274704232e+00
-1.371030184107969507e+00
-7.537635075882378466e-01
-6.770506322326803605e-01
-2.194392389310760638e+00
-1.215287872656855672e+00
-1.564464602663108383e+00
-9.388366871716944395e-01
-1.480311538438965346e+00
-1.192986143878698169e+00
-1.007886468914233280e+00
-1.315787667547450912e+00
-7.648194787156552543e-01
-2.013525682941168515e+00
-1.408125038240229276e+00
-8.085766442039568069e-01
-1.409431412295504504e+00
-1.612403830682599182e+00
-1.887674744549486139e+00
-2.146073165180443443e+00
-1.164084118972759985e+00
-1.308413219763977953e+00
-9.448315457153833030e-01
-9.684391768151709989e-01
-9.905391001842152043e-01
-9.442606502615729092e-01
-8.676710960877014323e-01
-1.355122488628734079e+00
-1.100981570255724851e+00
-6.621615787470571668e-01
-1.438943082211903590e+00
-1.098685738756716379e+00
-9.925563334541931404e-01
-1.103182090067566623e+00
-1.085875223283640612e+00
-1.107820017897001907e+00
-1.738495082684789583e+00
-2.277338608098251616e+00
-1.154118628447708961e+00
-2.182216041470757539e-01
-1.409219083935834949e+00
-1.434954824628912551e+00
-2.132215753780610346e+00
-1.762986357439665586e+00
-1.147116465875843705e+00
-1.521926390003124130e+00
-1.550523803182134674e+00
-1.063027063987651122e+00
-5.738573699185534061e-01
-2.233042807307086708e+00
-1.388446778519405900e+00
-1.034184954639624454e+00
-1.085676975508022668e+00
-1.054771354550017026e+00
-1.168656209731022688e+00
-6.971659662948934688e-01
-8.610027380903457761e-01
-7.870668182730207185e-01
-1.555948516962974981e+00
-7.126222755150952715e-01
-9.994952243949772885e-01
-1.420186918503614226e+00
-1.313896177089218131e+00
-1.249355051565335106e+00
-6.803171539947965307e-01
-1.902278874395545660e+00
-8.567269807216626454e-01
-5.729343132821222984e-01
-8.973776770337527076e-01
-8.595728172548704471e-01
-1.409171947634805466e+00
-1.444007832041787953e+00
-8.377193337406514395e-01
-1.795719838341878205e+00
-1.297301798943288009e+00
-8.443375433337974023e-01
-1.220888220899535970e+00
-4.906151051648178218e-01
-1.356184900928451231e+00
-9.328144061943253185e-01
-1.369050173120158309e+00
-1.617624594788911185e+00
-1.631274681159169848e+00
-1.727684902391932287e+00
-1.031839994995638055e+00
-1.424254480599526307e+00
-9.815886259579014173e-01
-1.568935317076718849e+00
-1.815630676695672907e+00
-1.288710520166205686e+00
-8.893736949273720604e-01
-4.495626313629804138e-01
-9.618549372021090171e-01
-1.511017783347800236e+00
-5.201790351166022397e-01
-1.620839871886032402e+00
-1.092832193090516046e+00
-1.659411450534638011e+00
-1.445866421211591035e+00
-1.009355205217947304e+00
-1.526967862541955601e+00
-4.799767972703717356e-01
-1.497711237470231271e+00
-1.370507784371369997e+00
-1.319376784663611080e+00
-1.125111877494088919e+00
-1.267475189861429374e+00
-1.197993011262458385e+00
-1.490077683976398948e+00
-1.093947216433467151e+00
-9.674001630018733700e-01
-1.985901589031542347e+00
-1.375585829941780691e+00
-1.388884834103198518e+00
-1.419925738894292966e+00
-1.762020378593029069e+00
-9.873193808377789260e-01
-1.592844514139731604e+00
-1.021809798938012381e+00
-9.962935023948813473e-01
-7.097159965834305417e-01
-1.437304992106124946e+00
-1.696660187375460982e+00
-8.725047826360499137e-01
-1.042809427174024695e+00
-1.385053812274332774e+00
-5.720504627990199431e-01
-1.616626222186069217e+00
-1.699976644134786330e+00
-8.413091189380002000e-01
-1.805153581973474974e+00
-1.398155641290142359e+00
-1.376345628727744685e+00
-1.821251856150514659e+00
-1.503187306510508581e+00
-1.089442586505743993e+00
-1.569967252730034790e+00
-1.187784010042531424e+00
-1.719773455310655397e+00
-1.765398925175823752e+00
-1.122948632352148923e+00
-1.562708302740793531e+00
-1.444905249684876214e+00
-1.550244878168694829e+00
-1.605057015090221473e+00
-1.601555906514175565e+00
-1.434341932147230825e+00
-1.801540848496433700e+00
-8.611802455451287308e-01
-1.072655349852776663e+00
-1.482697278048160872e+00
-1.628967521435374710e+00
-1.081316641259210787e+00
-1.155660658982764932e+00
-8.482983538217578889e-01
-1.139310879600512028e+00
-1.395089549080847480e+00
-1.012971344565724241e+00
-1.044819193087857645e+00
-9.742404903303492070e-01
-1.116838629576367925e+00
-1.312886305076834237e+00
-1.297525327224275049e+00
-1.002478077600816864e+00
-1.580697840910968655e+00
-1.061980026587431514e+00
-1.340208621587646309e+00
-9.923705946561445224e-01
-1.101245958750126430e+00
-6.538294613590349691e-01
-1.125677056074018356e+00
-1.394695263644682104e+00
-1.626163418212766221e+00
-9.189386092066951228e-01
-1.258456183919485216e+00
-1.706277421782939729e+00
-1.633887271518802198e+00
-1.035177922765143865e+00
-1.639375767195975886e+00
-1.454912828465684260e+00
1.140337850936953834e-01
-1.308543245270024524e+00
-1.369188000424867102e+00
-1.324380646961494268e+00
-1.281617310891278283e+00
-1.567520041254372831e+00
-1.322871240052745367e+00
-1.362782459088006437e+00
-7.301466995898349133e-01
-1.654338751207117486e+00
-9.299732872887997992e-01
-1.305689605212510873e+00
-1.491559352440912978e+00
-1.000775590598860010e+00
-3.214159465838482554e-01
-1.543652853235280009e+00
-9.949451799853457068e-01
-1.647556066398817354e+00
-1.096472065446807864e+00
-1.095671030425453996e+00
-1.193133410262941840e+00
-1.579843741822724912e+00
-1.330798878326622248e+00
-1.419674096389375695e+00
-1.390065855407219164e+00
-1.469402558074073273e+00
-1.345417335368214840e+00
-1.428360340049760868e+00
-1.148665450066616689e+00
-2.179264720720440085e+00
-1.119469306060914437e+00
-1.287918773923000249e+00
-9.452118581232480388e-01
-1.551970983521017811e+00
-1.303832604558583075e+00
-1.000350225407537597e+00
-9.626330372144278336e-01
-1.505750218490153447e+00
-1.180467087987321140e+00
-1.261658841214002624e+00
-1.771615189514858191e+00
-7.282250910607968031e-01
-1.401797271501106668e+00
-1.194316488116975661e+00
-8.882397609132799410e-01
-1.139337743466520170e+00
-1.046269480364966586e+00
-1.797248520335390953e+00
-1.722569437038356188e+00
-1.059833700842386595e+00
-1.987339058911491652e+00
-1.123038237997349587e+00
-9.780304028926427584e-01
-8.483165002104695596e-01
-1.490977520294233916e+00
-1.872718854458302662e+00
-2.052670075270978334e+00
-1.480749852388346444e+00
-6.662388703874602136e-01
-1.096120293934774725e+00
-8.047155137041035466e-01
-4.990624002155539807e-01
-9.257105995277012944e-01
-1.999096253837180814e+00
-1.084984720813454206e+00
-7.590253839146190451e-01
-1.435210653841750617e+00
-7.128618290467181318e-01
-1.138626848740298403e+00
-1.061549369391644237e+00
-1.144742364095919118e+00
-1.299432226536862078e+00
-6.903189064182382317e-01
-9.627716501943166527e-01
-8.426612876429016019e-01
-1.714099410396944467e+00
-8.962902227839539826e-01
-1.464456247454951399e+00
-1.348990482370961974e+00
-1.780986440334569654e+00
-2.489977665661169959e-01
-1.063802407440665565e+00
-8.546024579003774768e-01
-1.127296711625842551e+00
-7.651572867261831057e-01
-1.363942997688397885e+00
-8.792089285863302628e-01
-1.607147194644458654e+00
-9.572306994931634172e-01
-1.499446007108570900e+00
-6.372752376702597310e-01
-1.321071852681751313e+00
-1.355984693205848135e+00
-1.591947540102193859e+00
-1.128032292219654398e+00
-1.229044629801347543e+00
-1.026050148503229398e+00
-7.822516650855857456e-01
-1.983565573109555391e+00
-1.086141026824894329e+00
-1.204323264514477021e+00
-1.089693267245442687e+00
-1.069564658762051312e+00
-1.704924566578498446e+00
-1.867088630281064088e+00
-1.126094581369305292e+00
-1.678239145688472878e+00
-1.259141464576125191e+00
-1.355050983272001464e+00
-1.268448434946929826e+00
-1.344403021644258178e+00
-1.214861781013983677e+00
-1.547168171283612725e+00
-9.989503223157609746e-01
-1.536599636950733316e+00
-9.209033987851040770e-01
-1.191198554182607783e+00
-9.531488884393799488e-01
-7.467597659712095215e-01
-1.287039987256417550e+00
-1.650866198158660314e+00
-1.297647047349848481e+00
-1.426873154651300712e+00
-1.851595540313491828e+00
-5.872134724736963740e-01
-1.537045263655656857e+00
-1.111196124920164952e+00
-1.042985145971603078e+00
-1.903318613468446774e+00
-1.000769315282149297e+00
-9.078930971075469536e-01
-1.014975333802841551e+00
-1.293266721309390466e+00
-1.022461453443956447e+00
-9.788168474271956576e-01
3.197791703499350269e-01
-1.383538889000771821e+00
-1.004264664804104701e+00
-1.540323431725408643e+00
-1.155999847619558540e+00
-1.609073433167328648e+00
-1.065103158431107477e+00
-8.698330044393896010e-01
-1.358491543186357564e+00
-8.830246886162140818e-01
-1.094610513321381706e+00
-1.304434151292050093e+00
-1.202287051029792497e+00
-1.789192443499843410e+00
-9.604193679700192554e-01
-1.592473262805480960e+00
-1.862317162463846376e+00
-1.253163648694009868e+00
-6.811058579510533839e-01
-9.933826254738744588e-01
-1.632451039832684803e+00
-1.144663149775983602e+00
-1.350589448642903978e+00
-1.014545267862402955e+00
-1.684525066293167672e+00
-1.126790498318517297e+00
-9.635875740419632685e-01
-4.289556886208605868e-01
-4.961994130201721753e-01
-2.113215839035906374e+00
-1.501244322834513145e+00
-9.042408366524772312e-01
-1.259944629765091140e+00
-1.203192301920556151e+00
-1.394351608033032708e+00
-1.591233910556138387e+00
-1.296851726775124281e+00
-1.396295236000146378e+00
-1.291882158905505396e+00
-1.663920942439638839e+00
-1.634196080528468098e+00
-1.473510669632208891e+00
-1.444191857616001773e+00
-2.040288838215314815e+00
-1.732608098378972006e+00
-8.223239250896106078e-01
-1.411682459350473540e+00
-1.692759085819542708e+00
-1.326891518722983054e+00
-5.614607616958804392e-01
-1.151133398231394711e+00
-1.392249689976669647e+00
-5.427609624185874004e-01
-1.487828947592622075e+00
-6.956777716130670974e-01
-1.631379357404260322e+00
-1.315064016293796545e+00
-9.474394698829091688e-01
-1.097974875879213830e+00
-2.141377816006859280e+00
-1.227696720572865718e+00
-1.511783613494838807e+00
-8.491307365291089759e-01
-1.315921437555854556e+00
-2.274960522817189190e+00
-1.414915347642921706e+00
-1.309088190608374891e+00
-1.667381828665501775e+00
-1.148764594668368222e+00
-1.533625049515578542e+00
-1.096629961567071820e+00
-9.632356157992671974e-01
-2.367597294851524925e+00
-1.224285080674715420e+00
-1.079192566278809995e+00
-1.155117764100851208e+00
-1.523390896792375049e+00
-1.017415046045016869e+00
-1.370139970523642337e+00
-1.308964131716781498e+00
-5.849841851806911741e-01
-1.795742964780121742e+00
-6.553620014260634896e-01
-1.043623053442555904e+00
-7.215261119657054856e-01
-1.490280210752118695e+00
-1.231478005023057154e+00
-1.602027322718744262e+00
-1.450927223559109525e+00
-1.234890722670780594e+00
-1.276670907095081464e+00
-1.394796925004510246e+00
-8.905528452596169764e-01
-1.301275401059588166e+00
-1.088888620171385657e+00
-1.313909655670560728e+00
-2.097310853716849000e+00
-1.533990806220002501e+00
-1.384536497844561342e+00
-1.196193582493453977e+00
-1.949596445055903349e+00
-7.017816762235367101e-01
-1.048367149320750702e+00
-1.064023354139790545e+00
-1.504853284698596472e+00
-3.631547818667724692e-01
-1.100845729450139476e+00
-1.830600107872037530e+00
-1.268320592284187587e+00
-7.792961650208485302e-01
-1.101107635462082346e+00
-1.296713842713759224e+00
-1.128670500141021993e+00
-7.994839785408669464e-01
-1.037597830999690718e+00
-1.497318949774158359e+00
-1.087730628041044145e+00
-1.242186026368664375e+00
-7.085438691498997521e-01
-2.060915524959729073e+00
-6.101881873852139648e-01
-8.793021720168252564e-01
-1.241129539845499341e+00
-5.667303712112148339e-01
-1.389541799643995379e+00
-1.091253483242870193e+00
-1.395797820017488977e+00
-1.476150328348478258e+00
-1.573034721635196309e+00
-6.882620030229209540e-01
-3.396484076130926177e-01
-1.151664324072488643e+00
-1.934804612999212470e+00
-1.665456914003315081e+00
-1.664496067914893462e+00
-1.311726667428090298e+00
-1.751161601204178186e+00
-2.263119990280078486e+00
-1.552978399034000478e+00
-1.178781430468888392e+00
-8.636807977035023676e-01
-8.839796553928143119e-01
-1.327620342017182598e+00
-8.238812429790134395e-01
-1.706873533692509159e+00
-1.330992378149780553e+00
-1.183807727215409944e+00
-1.302352401820311645e+00
-1.721123729833646809e+00
-1.376828972902334858e+00
-1.031028411800225530e+00
-1.153549917086231336e+00
-8.678743863325704133e-01
-1.556937393619965082e+00
-1.710090716884178352e+00
-1.669250314924074718e+00
-1.010332055253293948e+00
-1.436249482911133857e+00
-8.585322600251541481e-01
-2.020086821489276208e+00
-6.900569469219992591e-01
-1.560438744183482829e+00
-1.290123668745114305e+00
-8.102006255587537176e-01
-1.255602594357331458e+00
-1.263247522699611824e+00
-1.009855164462969856e+00
-9.737431775860811989e-01
-1.143006132259540397e+00
-1.116468015836844518e+00
-6.057805566839751243e-01
-1.426006289342787614e+00
-1.458202031827064094e+00
-1.293757390493855741e+00
-1.850607256784567500e+00
-1.724110549616423516e+00
-8.203546484467705291e-01
-1.417626596131878802e+00
-1.032697034309635331e+00
-1.525420645773716277e+00
-1.213665330957195199e+00
-1.402932843311685662e+00
-1.162135075496693037e+00
-5.387263805715005738e-01
-1.545193531266680242e+00
-1.561050503297942260e+00
-1.239504478011003830e+00
-1.451347646342764808e+00
-1.195782990213544839e+00
-3.523410053514735574e-01
-1.218265214315576106e+00
-1.308087741720474373e+00
-1.486861307684663291e+00
-4.144415668571679867e-01
-1.043910422618918421e+00
-7.976634040834835737e-01
-1.314690482681069472e+00
-1.397763712325645447e+00
-1.268510588731841082e+00
-1.066583245747381614e+00
-1.650733191122146781e+00
-1.255675152846759790e+00
-8.126875101719073236e-01
-1.301443185255319879e+00
-1.482220962776786610e+00
-8.813333156654654665e-01
-1.453208430424496544e+00
-1.202867110728661704e+00
-1.500214182321134349e+00
-1.339056704471584869e+00
-1.256526749349202721e+00
-1.169192381709426076e+00
-1.086179991697193703e+00
-1.446145682830238588e+00
-7.085031333812250587e-01
-1.273729351917989749e+00
-1.134454973789584376e+00
-9.240201071713767256e-01
-1.558424315875435173e+00
-1.672576464213865410e+00
-1.482371510391196967e+00
-1.705545684554464092e+00
-1.124884360171261921e+00
-1.010628386366790199e+00
-1.087835993810984281e+00
-1.596092315389230354e+00
-1.233313736934647853e+00
-1.088933810630369425e+00
-1.289507030410231625e+00
-1.605665526441360402e+00
-8.549824777775651974e-01
-1.761325661532599174e+00
-1.226118998494005741e+00
-1.420022188779436423e+00
-6.775986021849651486e-01
-1.259113212748382171e+00
-1.132242355544715640e+00
-8.719951623344397440e-01
-1.744869739163160904e+00
-1.474198499698300413e+00
-1.645926353481045101e+00
-1.667247516142794428e+00
-1.174349018541267942e+00
-1.379341947111381916e+00
-8.498305813137769782e-01
-1.090408971115561787e+00
-9.722444998519574888e-01
-1.465610739453346856e+00
-1.059871549939213953e+00
-6.539707945000867717e-01
-1.072239209446835151e+00
-1.467230287157701429e+00
-1.918855042743239370e+00
-6.900359796364381459e-01
-1.871713111510972194e+00
-1.065824551295030620e+00
-1.337652313324881437e+00
-9.781608224704041454e-01
-1.544864323054291777e+00
-1.693147735504734630e+00
-1.237557316315215150e+00
-1.254566219361390456e+00
-1.132104058772942512e+00
-8.624878526113008981e-01
-9.762961976768562700e-01
-1.502569658350950466e+00
-1.699227047357564135e+00
-1.117810953588039613e+00
-1.545720330734490222e+00
-1.207658667479716730e+00
-1.565327045864382871e+00
-8.857816589387081940e-01
-1.375775372683798015e+00
-1.264305014367263613e+00
-1.443917566838681221e+00
-8.852608025313952744e-01
-1.572122067732312889e+00
-1.125387634379374280e+00
-1.669636870705279552e+00
-1.617918976649502572e+00
-9.321315525682689618e-01
-8.807987342621328430e-01
-1.363554676179334013e+00
-1.066172399600031628e+00
-1.224372389913849890e+00
-1.143530775625368978e+00
-1.168717907822492297e+00
-1.659820847968433544e+00
-1.474391454539070612e+00
-1.124107197353414467e+00
-7.179248563686437823e-01
-1.249138252838144059e+00
-1.480175519023426478e+00
-1.591844567156502244e+00
-8.736681953737215345e-01
-5.808960820469946107e-01
-1.189603542274852988e+00
-2.837067290211102155e-01
-4.757966782095076064e-01
-1.325572632597098011e+00
-1.058277602944951656e+00
-1.685171981294939503e+00
-3.472354596698399853e-01
-1.334117535837342050e+00
-1.300520578559844598e+00
-1.416147364395211827e+00
-8.919168011831684062e-01
-1.594265218015490593e+00
-1.221605187253547609e+00
-9.446172780020565263e-01
-9.995906118426245435e-01
-1.302095101677468225e+00
-8.170026034646764579e-01
-1.157665819352134751e+00
-1.115727238529061527e+00
-8.418226185279711338e-01
-8.210139308413340054e-01
-1.187525772556306425e+00
-7.616145542106740329e-01
-1.571368894555679407e+00
-3.450744467169540308e-01
-9.556118589398043817e-01
-1.248298851326481884e+00
-1.733597073102762232e-01
-1.930948176143286066e+00
-5.530466056859046908e-01
-4.631278754184831592e-01
-1.901796833370650308e+00
-1.870038937194447914e+00
-1.497947503101844990e+00
-1.639961359868590041e+00
-1.219477403603715704e+00
-1.043549067600285429e+00
-5.893298498981534017e-01
-1.219099983127347020e+00
-1.518863261646924645e+00
-9.933071697615365458e-01
-1.533216660501409923e+00
-7.839720781336123601e-01
-1.347600870215693636e+00
-8.098519933925296677e-01
-3.036119105312696242e-01
-1.462127707915286567e+00
-8.699234300078413362e-01
-1.382130263459398822e+00
-1.051388952290379653e+00
-1.466623540757375554e+00
-1.919097599270952248e+00
-1.334400282169973639e+00
-1.308400994763810221e+00
-9.126796737997264763e-01
-1.140741091374441130e+00
-1.640416648996791071e+00
-1.211697203983787663e+00
-1.176498420880652152e+00
-1.276456823379217287e+00
-1.467203475844169436e+00
-1.147109897695198999e+00
-7.291072134692737627e-01
-1.226814564482899161e+00
-1.094203423993317603e+00
-1.249486980475293496e+00
-1.554296480510455769e+00
-1.796412370185168417e+00
-1.816847953942190674e+00
-1.685707556360565906e+00
-1.208167733202320182e+00
-1.228843350347137875e+00
-1.315815034011248219e+00
-1.374469526795256247e+00
-1.117505992924176628e+00
-1.504985659942601917e+00
-9.338998367276833967e-01
-8.423303093912370976e-01
-1.353505396475100486e+00
-1.406506933620436772e+00
-1.256965414434635608e+00
-1.357682884970345061e+00
-1.810293586880679317e+00
-7.236251901391601571e-01
-1.112670344404346867e+00
-2.020822023379086563e+00
-7.535676407534421806e-01
-9.861008587920188084e-01
-9.230635899070986916e-01
-1.910089706907510010e+00
-1.154662176206447288e+00
-1.801883348396021933e+00
-1.250352797078538192e+00
-8.784760896973904387e-01
-2.230009946452402136e+00
-1.398397760654817024e+00
-1.534674023609583049e+00
-1.435635725318916034e+00
-1.782481243616285571e+00
-4.763645675166566229e-01
-6.791315020858239571e-01
-1.109476861033588779e+00
-1.706266077404699377e+00
-1.515738582765675080e+00
-1.403359338821357216e+00
-1.463234801212980773e+00
-1.635474514039017446e+00
-1.299832515054799575e+00
-1.119961090394323566e+00
-1.141779125438180831e+00
-1.813597654157032668e+00
-8.995903483470724105e-01
-1.388900043348119784e+00
-1.062634998881439419e+00
-8.288019161461268602e-01
-9.522762412255869613e-01
-1.128079086595182634e+00
-1.024492377170409529e+00
-1.085395110390214857e+00
-1.797481045441504666e+00
-1.925545205411201000e+00
-6.606747396982268761e-01
-1.665057703192907912e+00
-1.440798039071300440e+00
-5.259776669910789515e-01
-7.258507581085962279e-01
-1.457573318398967199e+00
-9.703175518995661442e-01
-3.974224615199700161e-01
-9.347187874563052112e-01
-9.544172725417969794e-01
-1.589963895037250996e+00
-8.942962787194201901e-01
-1.322311700338187013e+00
-6.354720508417668334e-01
-2.420790734617544349e+00
-1.376729855418514337e+00
-1.303002189303687164e+00
-1.546653904703103155e+00
-9.853307272725868593e-01
-1.940392878179939107e+00
-2.027076265441007497e+00
-9.611433791539352178e-01
-1.793923136976137034e+00
-1.308457667472755492e+00
-1.004322061903121455e+00
-1.554663765252801699e+00
-1.439324089020292963e+00
-1.418807284508961875e+00
-1.014512474842860446e+00
-1.384500009567336765e+00
-1.385906855767342183e+00
-1.239395799449877433e+00
-1.453704217892838546e+00
-8.639572092666747416e-01
-5.739188064263456290e-01
-1.238987565086919762e+00
-9.716748409009405840e-01
-1.149637772031777860e+00
-1.414740614034532218e+00
-7.996851569125245085e-01
-7.936693094778530799e-01
-9.355541552805033412e-01
-1.378219566823528641e+00
-8.660981120268549383e-01
-1.210737474214351739e+00
-1.628615229709123202e+00
-9.010833598456255977e-01
-1.110126240965354061e+00
-7.983370066143593569e-01
-1.779766886822728100e+00
-1.945734619539007060e+00
-4.736082783051612233e-01
-7.949595761042869135e-01
-1.093808960539828679e+00
-8.315771778235689915e-01
-1.176071703646883737e+00
-1.310797641042459549e+00
-1.800318107880489737e+00
-1.467658340130317374e+00
-1.802369740696282197e+00
-3.395857237967097597e-01
-9.999899857713043794e-01
-1.194935622976777356e+00
-1.021013299528032992e+00
-1.731619630562562850e+00
-8.313655320155199924e-01
-1.345634172225012026e+00
-1.050411332049787649e+00
-1.851497700284673531e+00
-4.634082556344654713e-01
-1.157000767426862087e+00
-5.476349139336673666e-01
-1.505506852918206295e+00
-1.297060463331210389e+00
-1.235337008250408264e+00
-5.229353817541775307e-01
-1.553923685983477743e+00
-1.328166349300377025e+00
-1.519653665193903880e+00
-1.638383022677520007e+00
-1.278436668182710623e+00
-1.075229121333127313e+00
-1.068637439465728978e+00
-9.342125655086843672e-01
-1.403543132455116638e+00
-5.566790808719059847e-01
-1.705597335649191582e+00
-1.744862051774598743e+00
-1.676043255352905437e+00
-1.795337886616537038e+00
-1.466963451707468113e+00
-1.125918903986172115e+00
-1.076609475550967421e+00
-1.315788638420901879e+00
-1.574068039796682417e+00
-1.618622806197798969e+00
-1.330911218062493351e+00
-1.962317442670951539e+00
-1.071353764955369048e+00
-1.465865266946754009e+00
-1.598732171578053585e+00
-1.132910703041585254e+00
-1.472375512628066208e+00
-7.461626855029988015e-01
-1.322239070519632964e+00
-1.518982001286741212e+00
-1.239643999039323763e+00
-1.227306230276294929e+00
-1.061280658768139151e+00
-1.273467421084003792e+00
-6.613236926830183826e-01
-7.207934189288640603e-01
-8.236320345026375556e-01
-1.109852336039932386e+00
-9.058053722692673837e-01
-1.063998739303155805e+00
-1.000483509177322095e+00
-1.780850335791161587e+00
-1.017360543740018830e+00
-1.623788136593522058e+00
-1.350165163699184934e+00
