-1.009147055295736894e+00
-6.557370390146251005e-01
-4.923502700558271550e-01
-9.806013738587364692e-01
-1.066890507483809092e+00
-9.300775411055295372e-01
-3.702179525231171220e-01
-5.124911442488984115e-01
-7.354849731246528854e-01
-5.143481132673071166e-01
-8.145141169165737161e-01
-1.013973421675686826e+00
-7.729383640960425517e-01
-9.304175590296890341e-01
-7.508198866846496067e-01
-4.546495482338426819e-01
-7.045965679426058337e-01
-1.130891517224981602e+00
-8.099043083387695852e-01
-8.168025072580147317e-01
-5.393140498772663882e-01
-5.662940769387998508e-01
-5.725163632013487991e-01
-9.930199844791940400e-01
-1.256992015139062335e+00
-6.569703990593791509e-01
-9.963103369089165717e-01
-7.950971430373212634e-01
-9.525451529942228213e-01
-5.082062054176685884e-01
-4.438448805344373249e-01
-7.066020052831984977e-01
-2.382632194952952198e-01
-9.938261105523094052e-01
-8.212948509626269988e-01
-6.228081294150578096e-01
-1.162788976196811763e+00
-8.695285996651631599e-01
-9.361967143563387772e-01
-8.184841630499843923e-01
-1.020949155552625331e+00
-8.977607765497706005e-01
-8.078147387231706666e-01
-9.331967839585399993e-01
-9.811783273744123512e-01
-5.624776315230879398e-01
-8.983369520410104947e-01
-1.078249495399010716e+00
-7.728152992503507512e-01
-7.816281368174551325e-01
-1.113542183425668686e+00
-4.603354926523626767e-01
-1.009846320887014759e+00
-7.568397435602851608e-01
-8.258709418756322584e-01
-7.759610045478990692e-01
-8.683756016188337590e-01
-7.278078715462421577e-01
-1.020698550756666823e+00
-8.016739703011848128e-01
-6.618029022952396367e-01
-1.123494752578185985e+00
-5.560735500674423015e-01
-9.264315092242694227e-01
-5.815269990593532334e-01
-5.896220245947731975e-01
-5.099548799764019869e-01
-5.975241219643305790e-01
-2.971831907098150816e-01
-6.416159465975934673e-01
-7.711977754555090492e-01
-8.692090732156825261e-01
-7.858936754948335768e-01
-2.377687003879569994e-01
-8.161931169955960463e-01
-8.147508631556523717e-01
-7.956739949973941073e-01
-4.480803537047593488e-01
-4.208433936807272624e-01
-1.080364367103083811e+00
-7.955556012629227958e-01
-1.130050474538471850e+00
-6.020998570973614683e-01
-1.293627981129379823e+00
-5.050024854168495558e-01
-2.743635719394573180e-01
-5.473649904474453542e-01
-9.600211025544891363e-01
-8.274031299315720567e-01
-8.447663907164764119e-01
-4.608911292717157715e-01
-7.039188513114464918e-01
-1.008388224980347747e+00
-3.730088518688999266e-01
-8.786638429254378657e-01
-1.068201264665202377e+00
-1.294902630797328147e+00
-7.049473936699510723e-01
-6.440608406122234619e-01
-9.816952217796068858e-01
-6.326413653682192439e-01
-9.854062515058630289e-01
-5.421235717174508473e-01
-4.861826880650717553e-01
-3.060758652646496381e-01
-5.359637105331995777e-01
-5.733404434865687627e-01
-6.659133692917618141e-01
-4.839453859520160273e-01
-8.870863510150468478e-01
-8.338189172852676911e-01
-9.951268768258967334e-01
-1.073036697210849599e+00
-8.614510669673731691e-01
-8.639370113527458095e-01
-6.520849018965404476e-01
-6.130259713867585170e-01
-1.154314238670164361e+00
-6.028287134853091978e-01
-5.954384533981476046e-01
-9.350323371300963693e-01
-1.172852932404506721e+00
-7.867106037848299316e-01
-8.120523921940443479e-01
-9.957958875578385438e-01
-7.541529540070794901e-01
-7.030312426087932387e-01
-5.873275153774639712e-01
-6.639997667117438773e-01
-5.358700040144488419e-01
-7.925395167687123710e-01
-4.614723175432283164e-01
-8.425197702006212985e-01
-5.358353501393584573e-01
-6.780153905679138227e-01
-1.027178480352791912e+00
-4.865775880552055122e-01
-6.146427067638460251e-01
-8.437676163139617991e-01
-9.250923886136459551e-01
-4.674268853037558125e-01
-7.334041933331900687e-01
-7.591704077347576352e-01
-1.394856109455194559e+00
-6.707671303946551866e-01
-1.081609949049431751e+00
-4.938409185563839565e-01
-1.116465426488435941e+00
-1.325975665369324208e+00
-1.062421277112667983e+00
-7.715036053055581711e-01
-7.775089383543574151e-01
-8.498977710670030383e-01
-6.962090062010095615e-01
-9.489779373030704512e-01
-6.742667265503361484e-01
-8.153083504758282807e-01
-9.819268156967102534e-01
-2.207381719586352653e-01
-2.908724373303717692e-01
-1.193909443748097932e+00
-6.185533103307787606e-01
-6.229728609968856468e-01
-1.011026267534451240e+00
-1.242406984260782554e+00
-7.718119036232953256e-01
-9.035312749236479313e-01
-2.853388416910332404e-01
-1.065889694441626734e+00
-7.209407010455355369e-01
-6.069182391152776468e-01
-9.634782614456480765e-01
-5.577899392374132681e-01
-8.590491508165967183e-01
-6.646219367552359536e-01
-1.172809030308912259e+00
-8.571904024478134154e-01
-4.596225936929066447e-01
-1.564395940032508481e+00
-9.830599418512915300e-01
-4.595058050418097673e-01
-6.367086123849685642e-01
-6.607352697289639032e-01
-3.597757228605389934e-01
-9.387982624069910464e-01
-1.496843280712934376e+00
-1.257718755071391303e+00
-8.881177287343366977e-01
-6.435778469231903109e-01
-3.410050681863166511e-01
-5.131847991541929055e-01
-8.435770663229331667e-01
-8.560384708968240552e-01
-3.501169823618153765e-01
-8.588690714228275347e-01
-5.384170769350622443e-01
-8.009487432193762579e-01
-8.200379024776336401e-01
-6.846156886974026357e-01
-8.552293717694010589e-01
-1.041784102531530198e+00
-8.191043845606462703e-01
-1.356984988099494860e+00
-6.487564367238189966e-01
-7.806884894253554030e-01
-5.092704275701689376e-01
-6.112429414164819441e-01
-2.446616708068246049e-01
-9.186425007291316724e-01
-6.887697617597834387e-01
-6.829667745990417593e-01
-1.077954567827426491e+00
-1.020739226501895747e+00
-1.014165272604149681e+00
-8.789025518497166622e-01
-4.323774632230664161e-01
-7.607153371275576781e-01
-6.691286226654686864e-01
-5.929237806076241846e-01
-4.692449490048003491e-01
-7.097878478634922494e-01
-1.165682075547537000e+00
-6.065004318892985857e-01
-7.067011421746607347e-01
-5.702111045709554737e-01
-1.101759561759124484e+00
-1.343923791929473754e+00
-1.070592118549417382e+00
-3.275412346575632960e-01
-4.440787968637960881e-01
-9.925349800159293245e-01
-5.708060861864621138e-01
-6.732999193695872187e-01
-2.031152327362062970e-01
-8.661200192090174887e-01
-1.019685379237561751e+00
-1.129402534343875164e+00
-1.172482979114473967e+00
-1.317987226670809253e+00
-8.850893273777811210e-01
-3.490355948887616244e-01
-4.373545879171830131e-01
-6.999749620183348675e-01
-8.181528570770137954e-01
-1.092616156438517061e+00
-6.556850838501770973e-01
-1.148820677673950019e+00
-1.157099620586553801e+00
-7.465402836462904368e-01
-6.595928390613789993e-01
-8.906963123792093207e-01
-6.501738591150965085e-01
-1.432150979592492934e+00
-1.019224699739656348e+00
-5.009232977723923064e-01
-7.435169509920034336e-01
-4.799156224743872934e-01
-1.116356190171647444e+00
-9.855389195879777908e-01
-5.153460938145522086e-01
-5.588209086369002598e-01
-6.859181069491993021e-01
-1.049511366784060318e+00
-6.446056468849801213e-01
-4.715665420187105661e-01
-1.429161980187057868e+00
-4.260906541311660356e-01
-2.414013547012428540e-01
-8.502312870465122963e-01
-8.201092251243964348e-01
-1.282404818447414829e+00
-3.469620284859087911e-01
-6.793883092465375917e-01
-8.699959049879457673e-01
-5.122384204260339580e-01
-9.286247928203903435e-01
-9.596317439613355482e-01
-5.130053891110333275e-01
-1.041695827339911506e+00
-9.117942537165970585e-01
-7.766081499907007135e-01
-6.435857728804283973e-01
-8.698396997997090985e-01
-6.581411252937461320e-01
-1.303815678044483395e+00
-7.010635429285003717e-01
-9.123547633788455791e-01
-7.778297937653033678e-01
-4.133310946191073865e-01
-3.679116850941679950e-01
-1.044457803650017613e+00
-1.271335309997699614e+00
-9.571542231900420639e-01
-5.434078544344491668e-01
-2.823186869138135102e-01
-9.940853635309605529e-01
-6.302203765396119373e-01
-7.095092980253707715e-01
-9.364210247274766807e-01
-5.624311538048263337e-01
-5.658401073161880568e-01
-7.364276495515622578e-01
-7.163382571103338314e-01
-1.180418407678179182e+00
-8.472754723179716230e-01
-7.795506522173920594e-01
-6.038651117047604266e-01
-5.200540036918863684e-01
-1.219815575077927594e+00
-1.839850137460215529e-01
-6.572301506548900996e-01
-1.144345436302498076e+00
-4.612383798035471494e-01
-3.606913031313295215e-01
-8.093719929119385093e-01
-1.244102039828068218e+00
-1.215113917689674583e+00
-6.723913485090986519e-01
-4.477208861890891733e-01
-3.313065911469644242e-01
-6.067669590481918895e-01
-4.533108419333982675e-01
-1.038151401598988333e+00
-7.604437190015542747e-01
-5.556190099189355358e-01
-7.416925769983540029e-01
-1.048278140015210358e+00
-4.388378404937936517e-01
-7.879800991903889162e-01
-1.013531153845246724e+00
-2.208248094169503184e-01
-4.216838273677870341e-01
-8.127731993769313767e-01
-4.741552865754994905e-01
-5.930444902811982111e-01
-5.620514509788212543e-01
-4.105263289874341859e-01
-7.072641993377399849e-01
-7.558878859040469855e-01
-7.383916848745255557e-01
-7.482807059241189940e-01
-5.934638882209353206e-01
-5.345618098482676217e-01
-8.303692701867615433e-01
-9.822428386085175767e-01
-8.608352816400608454e-01
-1.028901176177367649e+00
-9.803045536779575464e-01
-1.044867446686677415e+00
-7.144422770531844158e-01
-8.106488603318386943e-01
-6.881087335240647640e-01
-4.748241957402155600e-01
-4.746115955907126982e-01
-1.003900505519124686e-01
-5.935353323567977846e-01
-7.110559788614456700e-01
-6.438482614490834699e-01
-1.055422122062890100e+00
-2.683145459700911339e-01
-9.625297989151815337e-01
-1.017139533942636564e+00
-1.050039705537085144e+00
-3.479208723985861007e-01
-5.043056561281127337e-01
-1.228671047781724202e+00
-1.057123494464619728e+00
-6.904289485529955250e-01
-4.973078873527048693e-01
-7.589476528769592001e-01
-2.958373397821457140e-01
-6.556647657254406347e-01
-7.328470435258265248e-01
-3.736363218546086551e-01
-4.802517551931484996e-01
-7.072982978111892471e-01
-8.358819454043246999e-01
-9.469284302346463456e-01
-4.753633583509793703e-01
-1.178413020392764299e+00
-8.169649403914189811e-01
-7.453761396887483848e-01
-3.117860338884424487e-01
-8.262044295952013506e-01
-6.208769779444982539e-01
-3.974307413482632279e-01
-4.046608258171500716e-01
-1.472487736816230797e+00
-9.924771291281864194e-01
-7.605136220857073859e-01
-5.853167013177942302e-01
-8.117077762912825456e-01
-7.138197270696164942e-01
-8.462428683067320101e-01
-9.346864582688536593e-01
-6.014340697954403403e-01
-6.571571021797422141e-01
-9.162711348374590337e-01
-9.532890248456884486e-01
-7.629761603590741181e-01
-9.060415592314936539e-01
-6.660080073009670976e-01
-7.184577009669799175e-01
-5.719421373848700973e-01
-2.984320683058113155e-01
-7.228642101915814244e-01
-6.043467909217352663e-01
-8.052418594796191265e-01
-8.631807993128330914e-01
-7.198991921754758216e-01
-8.462814668156650733e-01
-8.659921793788147859e-01
-7.329814616930794280e-01
-5.851843474253271005e-01
-5.106495007911928674e-01
-7.414701460505139785e-01
-7.397570519960336988e-01
-3.659086341656441754e-01
-1.228141020355387969e+00
-6.747158839201898850e-01
-8.671387898032532071e-01
-6.441314741934260901e-01
-4.701125311755630087e-01
-9.286412317106287340e-01
-6.832796173466548773e-01
-6.249333662912097687e-01
-9.211642822570991207e-01
-6.731354442390764525e-01
-5.003218013860970537e-01
-8.145456617299040580e-01
-5.916709406211038136e-01
-7.535265365242165281e-01
-7.353344987734939942e-01
-9.513290904000197834e-01
-6.046443198595352619e-01
-1.014646919738684705e+00
-1.233602413893269745e+00
-8.694004281582867755e-01
-8.367881314172902485e-01
-1.043943855713355351e+00
-6.634056199361215711e-01
-1.156917303411387099e+00
-7.624020356818346222e-01
-5.389057132948456008e-01
-3.587072558254865151e-01
-4.750635540844503901e-01
-1.449805256446172752e+00
-1.061991265006521967e+00
-7.751309448595908869e-01
-5.733500286134298740e-01
-1.127228494768236278e+00
-5.341579822686992607e-01
-7.376159227873491098e-01
-5.365207814580910117e-01
-5.512638952980855045e-01
-8.835430809762905291e-01
-9.652009189216639307e-01
-3.344524512251792481e-01
-8.701375689677246505e-01
-9.507228042690258896e-01
-9.351245728654729028e-01
-9.786927458070313612e-01
-1.039400593235857873e+00
-1.038952177066330140e+00
-9.813532749519926490e-01
-7.336391417751326749e-01
-3.892253162745161199e-01
-9.000621609495920161e-01
-6.443550473137702461e-01
-1.083552311264970758e+00
-5.759029737244572011e-01
-6.293011390066713950e-01
-7.612210524253595345e-01
-2.612055894136600664e-01
-1.069686263378369251e+00
-1.475409327834965034e-01
-9.036907639497084865e-01
-5.428961181098590494e-01
-5.992690468872265974e-01
-5.975140481200154063e-01
-6.765204640695547944e-01
-7.327736653628389440e-01
-8.833451023337812735e-01
-8.783090374991151528e-01
-6.218034382999355625e-01
-6.387557959632528259e-01
-9.236441133682089522e-01
-8.694230857322051698e-01
-8.909239260151875506e-01
-5.695568530041410504e-01
-6.321320606520406393e-01
-1.161782902421688579e+00
-8.254265196547234673e-01
-6.531919080805335120e-01
-6.482973407683965128e-01
-6.775412951197137268e-01
-7.950400951028808727e-01
-7.930225390698777410e-01
-1.020069421254423236e+00
-1.301840096869822383e-01
-6.918899311852801937e-01
-6.954153800215121528e-01
-1.173964249785154568e+00
-1.273253226521785297e+00
-8.804095468529742341e-01
-1.039026790665925848e+00
-6.306602726683760984e-01
-8.345917347649174367e-01
-1.280840154717021395e+00
-8.749508807432246904e-01
-1.194184730154063789e+00
-3.608143658800498366e-01
-7.044872044225169994e-01
-8.940873160052729141e-01
-1.001882520237881824e+00
-1.165844603393458190e+00
-7.660333265850813866e-01
-4.336267471482995739e-01
-8.897041874396198757e-01
-8.396862985776718524e-01
-5.788669534368602321e-01
-1.290364697847359299e+00
-1.001532127696944219e+00
-8.708294533868792264e-01
-5.856042189481187599e-01
-8.444978510829135310e-01
-7.542482413229731897e-01
-3.697613508034547913e-01
-4.809005732087255347e-01
-8.771162620931076681e-01
-9.867869736439485173e-01
-8.111440100357580896e-01
-1.240227703628321354e+00
-6.176625688962613658e-01
-7.022145420930567816e-01
-9.072898115436456301e-01
-3.069990159098857085e-01
-5.336524070336108316e-01
-7.183104830102498006e-01
-1.096930327584644704e+00
-6.413711909067925099e-01
-9.296012336955326028e-01
-9.481122801655925691e-01
-5.413088903839704535e-01
-6.154960038459589278e-01
-4.914564761251001834e-01
-8.187500656480080075e-01
-6.965093019238719485e-01
-7.079174335121476425e-01
-1.055683991401199950e+00
-1.097864036476626115e+00
-8.646792572991555126e-01
-7.627850335671984006e-01
-1.205440020856098915e+00
-6.986842149637735311e-01
-9.187384495285546571e-01
-6.970977773157938095e-01
-8.101463442776464241e-01
-8.330145970053846050e-01
-1.195758705384673437e+00
-3.493324928724175771e-01
-5.336561854516701509e-01
-1.221436151532661274e+00
-6.713900199162776694e-01
-9.171289113570044726e-01
-8.130689556981782751e-01
-7.944119082270764132e-01
-5.377905379884890813e-01
-5.519372118402974259e-01
-6.729517434847278601e-01
-8.312678057010924881e-01
-1.021258628710743910e+00
-9.317816658711675082e-01
-6.815842847189412801e-01
-9.596527349229018178e-01
-1.101725693150445995e+00
-9.411715539685592269e-01
-9.328405447114112015e-01
-8.619306360530853972e-01
-5.389669015071771874e-01
-7.336467181548056438e-01
-3.734547968056537992e-01
-2.732048613050586661e-01
-6.762482151367632532e-01
-6.209717677616954923e-01
-1.156127616824161652e+00
-1.013573259795656600e+00
-1.062515057365637450e+00
-7.257234929361762177e-01
-1.068518717165222842e+00
-9.654224013664642889e-01
-8.528027813797156576e-01
-1.018833948059505889e+00
-8.306119412913486322e-01
-8.844695258350125933e-01
-1.028198319061087052e+00
-3.897655320218161301e-01
-6.649407221073535545e-01
-5.611405379075304900e-01
-7.171652497825369288e-01
-7.638944661753410692e-01
-4.580583512440559724e-01
-1.016783684844039914e+00
-6.236684380978602116e-02
-6.025478513488917720e-01
-4.965141336145433848e-01
-7.186489133256803719e-01
-7.066989949876654187e-01
-3.576236919377860368e-01
-1.074876416474343177e+00
-3.055020631501830786e-01
-5.633531369189843652e-01
-1.879286873701180860e-01
-1.185219116338093404e+00
-1.114978259437020558e+00
-7.088446692956513751e-01
-1.829018720222249095e-01
-2.043206098550638949e-01
-9.848027552386509065e-01
-7.803986473516428823e-01
-9.844789674590725959e-01
-5.753650419913509673e-01
-6.860772707556042072e-01
-8.167920662431069623e-01
-9.356954248855626766e-01
-8.258271374134449339e-01
-6.399432693577709053e-01
-7.936325885491837262e-01
-4.659150904798683990e-01
-1.057556710377586473e+00
-1.055468381826301982e+00
-1.020953851716694505e+00
-8.847655302470411876e-01
-1.001829099668921419e+00
-7.933079201266761693e-01
-2.318659875347291455e-01
-4.678609036660828502e-01
-5.481803826350302167e-01
-8.135063022751336526e-01
-5.939139121753709283e-01
-9.175768238274817357e-01
-7.441189057243673410e-01
-7.664129997344599765e-01
-9.237837438612790386e-01
-4.583619814721982544e-01
-1.244355337672424344e+00
-8.486598745410671718e-01
-1.015486725908254062e+00
-6.904197654559678377e-01
-5.914712747342165677e-01
-6.542897968269660858e-01
-7.070204997000293368e-01
-7.308689414173064058e-01
-7.683733650200363918e-01
-4.705903198243502339e-01
-5.715569965757727466e-01
-1.179016030904062706e+00
-5.041805625473902985e-01
-7.898153436119312865e-01
-8.346130142444150302e-01
-1.354605494179374592e+00
-7.021393138317759686e-01
-9.512193723628716846e-01
-4.727622776026519369e-01
-8.400169883560519857e-01
-7.375717287087835139e-01
-9.758843234344962703e-01
-9.084081359115434573e-01
-4.570505317403826262e-01
-8.266678581079429655e-01
-2.831888701565828392e-01
-4.955517840989576706e-01
-6.221526180049434807e-01
-5.372176791318605815e-01
-7.628199251988179164e-01
-2.975742923317646338e-01
-9.899868303507699530e-01
-9.344826715065868150e-01
-1.118965159192694347e+00
-1.318557630860859309e+00
-5.039609356333270007e-01
-6.637109547314428148e-01
-7.167282606940124090e-01
-4.138270276789560165e-01
-4.431189695382654059e-01
-4.156465701992151929e-01
-4.451379428837510255e-01
-1.157733158711228061e+00
-9.475086724209185185e-01
-7.282197163277897012e-01
-6.311317239583940086e-01
-1.008916290365047264e+00
-3.681961131582239255e-01
-8.697387759963857157e-01
-9.797709699381838000e-01
-1.049243718670333170e+00
-4.909440557431357655e-01
-7.987358722046846715e-01
-1.356257982751668312e+00
-1.155972956847290067e+00
-5.436023542763488425e-01
-1.341882000238183270e+00
-6.171948618497933303e-01
-8.222900700549993225e-01
-5.106175853257863828e-01
-7.730989866809960809e-01
-5.670632456172275404e-01
-7.814279649578339537e-01
-6.392524078348000849e-01
-1.004759639749789546e+00
-8.212609661224985480e-01
-5.717147703340832443e-01
-7.961502989124160656e-01
-9.110685422145619050e-01
-7.834830403566610535e-01
-5.512913548493121318e-01
-5.856139313467179086e-01
-9.894976182680186305e-01
-4.952503680874281167e-01
-7.373811405098220639e-01
-6.935594760852663576e-01
-3.333793799873317476e-01
-6.459766794491721420e-01
-1.043622893061169510e+00
-7.883982534048326052e-01
-3.631967876098234904e-01
-1.066044106710681394e+00
-9.374686964516425469e-01
-3.718976079816412317e-01
-1.042782359106070533e+00
-7.675836919465308661e-01
-6.905697220819999593e-01
-1.014491332307216442e+00
-5.808020936613389473e-01
-7.259594521858869776e-01
-5.392744357277305944e-01
-9.028021546850450996e-01
-3.220616097812905587e-01
-8.620689299800230465e-01
-3.800679058325867055e-01
-8.119880426819503505e-01
-5.310687473991753116e-01
-6.530875280532311145e-01
-3.936087812191595980e-01
-1.134942458187485403e+00
-8.582450231817984054e-01
-1.173233046785828737e+00
-7.464160011328897504e-01
-6.319948700504380845e-01
-6.752874569675779703e-01
-5.899538302748319474e-01
-9.764270918861268633e-01
-3.663145371761245550e-01
-3.108800648365002695e-01
-8.835714529195652922e-01
-1.286952298081392332e+00
-3.486894528898952239e-01
-9.556388545673368817e-01
-5.621854180486782759e-01
-1.099604512393849820e+00
-6.595361171851341631e-01
-5.583956322347352064e-01
-1.289147821560343576e+00
-1.229247409295137761e+00
-1.168618397096797157e+00
-7.202688723514225622e-01
-1.338633794132744748e-01
-1.227326898478013906e+00
-7.601540023740480656e-01
-7.203752252056401240e-01
-1.292141093436992794e+00
-4.013944151562554574e-01
-8.344322265239800807e-01
-1.035177035037169180e+00
-9.333656346965288897e-01
-5.922207920852895491e-01
-6.422150672595194898e-01
-5.830331316769279404e-01
-6.002368039109780007e-01
-1.153232925556590960e+00
-1.745605725360950822e-01
-5.442394678937128027e-01
-3.794061778487810010e-01
-6.490597624103462415e-01
-1.125399479087257237e+00
-6.290619923599547469e-01
-5.647215859979959340e-01
-5.696385910309271772e-01
-5.667724147236907761e-01
-9.321182197721751272e-01
-9.333818026483098329e-01
-3.471157828851266225e-01
-8.812916872479914510e-01
-9.185921383175466026e-01
-1.154322006268615031e+00
-2.918559992948464576e-01
-5.490319852323737315e-01
-9.384275265941615096e-01
-3.519152237877816725e-01
-4.163448600575674896e-01
-7.012291888777473226e-01
-7.338874502559247226e-01
-1.043336829111492836e+00
-1.216583128972648087e+00
-3.526996471453043847e-01
-3.464121812213352691e-01
-2.721855108327884687e-01
-4.965746638712330019e-01
-9.783095416875551287e-01
-1.216218844210697814e+00
-7.759763313864564971e-01
-7.384553915071419006e-01
-1.855141952531416671e-01
-6.199209101550917644e-01
-6.077408899582938950e-01
-5.893560568169857738e-01
-6.219302261723620440e-01
-1.279187384279897532e+00
-1.048836025847386555e+00
-9.862470720368929911e-01
-1.165911679033979187e+00
-1.715636121139590409e-01
-3.734648366884064097e-01
-6.242149177721789677e-01
-7.255169694256022872e-01
-1.123924427780087942e+00
-8.684069984163831357e-01
-7.482344496379664811e-01
-8.639546865777458784e-01
-6.142739763972966394e-01
-4.655783710400994146e-01
-6.959530698618583422e-01
-7.447694521483829710e-01
-7.662942951597000452e-01
-1.207824447886796992e+00
-8.217649730730589575e-01
-1.275460771542381355e+00
-1.064705646258727878e+00
-4.396834209349732014e-01
-8.633620384643134749e-01
-8.683119007992634586e-01
-9.600191558221067289e-01
-8.484187157819715885e-01
-2.168762752765585611e-01
-7.774812991623716307e-01
-4.004857798052410822e-01
-1.043791362900162500e+00
-2.946713549214555194e-01
-1.331626747055242976e+00
-2.013113004628981906e-01
-1.244539551400724253e+00
-7.353000679676040541e-01
-1.137772312552826737e+00
-1.036056065259352454e+00
-5.818553274598738945e-01
-3.839368938616805615e-01
-1.025698954844618260e+00
-1.006382854105606572e+00
-6.588183615173659469e-01
-8.250669924046118986e-01
-7.991310080422207029e-01
-7.063223413888768398e-01
-5.816259956774616491e-01
-7.929826921104710102e-01
-5.505285289069488108e-01
-1.053671456353268088e+00
-7.111221706583532587e-01
-4.676800730003397022e-01
-1.087105732627716481e+00
-7.893469762108726862e-01
-1.010330319590832193e+00
-5.626428258037763364e-01
-1.267274860822738436e+00
-3.152614329120564940e-01
-6.646299766585106461e-01
-6.019871411649302395e-01
-9.553757182826285721e-01
-7.641999925378510916e-01
-1.010298492326360265e+00
-6.559113018127544770e-01
-4.986790642317094346e-01
-4.574708524270759136e-01
-6.950793346737325074e-01
-9.653024970357084733e-01
-8.480864985693910008e-01
-7.740507976383921296e-01
-5.620026283577179704e-01
-9.690150098994601002e-01
-5.457333073581236427e-01
-1.213879554808575012e+00
-1.391272323333080596e+00
-5.134565724754165394e-01
-1.325291994547474150e+00
-1.065630212289836454e+00
-1.295206351644946796e+00
-7.296133223575620441e-01
-1.297667337791150732e+00
-6.580231776488543183e-01
-1.023355806572486149e+00
-5.786881630645166474e-01
-6.845679098985866240e-01
-1.404198808441190938e+00
-7.801047764205404356e-01
-1.076966390034293841e+00
-5.065177758148746712e-01
-4.665317156361692974e-01
-6.894172481080347303e-01
-3.857888514365908628e-01
-7.741404311394188831e-01
-9.487506511531162978e-01
-8.228884258883479852e-01
-4.817521997246641541e-01
-5.961871442241428731e-01
-4.614017646048265697e-01
-6.974804932923963641e-01
-4.594247449281537166e-01
-6.078147408758769465e-01
-9.325372084735445988e-01
-6.774674313735471465e-01
-2.505570869359297626e-01
-6.686833916217094220e-01
-6.929664213754560542e-01
-7.995060955365826949e-01
-4.231600998802256819e-01
-8.872253041278281849e-01
-1.005007252198535372e+00
-9.200649161847249680e-01
-1.095223685432256122e+00
-4.284554310907933705e-01
-7.310184458420576625e-01
-8.379298698664183753e-01
-8.339747443129472693e-01
-5.796832510723217702e-01
-2.088556889475837175e-01
-7.982100503834606009e-01
-1.399759302265338068e+00
-9.801477078854472502e-01
-7.196500390560527372e-01
-7.049160512781367238e-01
-1.259332512594742770e+00
-1.284457080434930010e+00
-6.437405614901661188e-01
-7.194125450798165566e-01
-1.299443363968582066e+00
-1.092650288463943742e+00
-4.453336067569080847e-01
-7.850169635480352959e-01
-2.667275491928964848e-01
-3.684636241883870178e-01
-8.794406162253953774e-01
-5.031173037678198234e-01
-1.028071557740134256e+00
-9.412904357146598677e-01
-1.096826691613632665e+00
-6.184938765007159667e-01
-4.030774460257187664e-01
-4.714613996097907767e-01
-1.408201054593107404e+00
-8.739512896591503655e-01
-7.383844883927790370e-01
-3.072502242155344954e-02
-6.820456232834719579e-01
-5.514694256318368737e-01
-1.138547438937149270e+00
-1.560965724727325199e+00
-4.149885539784042288e-01
-6.259929951149527660e-01
-4.616290540817727384e-01
-3.591076812421972186e-01
-4.860315342315755793e-01
-5.606538018661173517e-01
-6.709970738487567310e-01
-1.116847960261797557e+00
-5.606220141564688397e-01
-7.429844483433680757e-01
-7.452692119655393022e-01
-7.059635593554891564e-01
-4.845176625991496899e-01
-6.525392616569303250e-01
-9.335650704135933786e-01
-4.939551484440803386e-01
-1.349712806325481740e+00
-3.619662725457080676e-01
-9.100324247729578708e-01
-8.664201878047603778e-01
-8.717176964016819518e-01
-8.254167944239374499e-01
-1.123099926216373223e+00
-1.083032893753039350e+00
-1.111894348209082062e-01
-7.164571436117115333e-01
-6.385756191283005201e-01
-7.700276129532253044e-01
-7.843171274275211324e-01
-7.617054670168497132e-01
-7.438552068464159284e-01
-3.831306993440264930e-01
-3.414739708761645454e-01
-5.574373607731399893e-01
-4.787992972983930451e-01
-1.071579826825690862e+00
-6.685637758156794952e-01
-6.198595181069390669e-01
-2.404381474511355088e-01
-9.703234722343272445e-01
-5.081019537577255996e-01
-6.835915007713002645e-01
-1.131100254561094420e+00
-7.336626878470267066e-01
-4.023376865853945383e-01
-1.124702449348145894e+00
-1.041774282454593692e+00
-5.345407319132466917e-01
-4.169820289003572378e-01
-8.577987558458031181e-01
-1.062586599411080801e+00
-4.947285918230997503e-01
-6.141729819174739369e-01
-6.572802240188662104e-01
-5.337417657424166073e-01
-6.630867279562164818e-01
-7.189172577644353801e-01
-1.156687037019907383e+00
-3.969762066422757862e-01
-9.773400119118389462e-01
-4.946103022352415501e-01
-6.680258991734473462e-01
-9.209930897024745100e-01
-9.279828153408726799e-01
-8.976420381664493853e-01
-9.736141411675416357e-01
-5.550521336614520074e-01
-4.597623346507480613e-01
-1.445355630249812173e-01
-2.740738705090382532e-01
-5.475430274707204781e-01
-6.074235594611816502e-01
-9.795888889389101628e-01
-7.152096986941640644e-01
-9.649452457700999908e-01
-1.506981414425173416e+00
-8.491326799557907812e-01
-1.052110035656064202e+00
-9.354366194037777582e-01
-4.737066601592628268e-01
-1.056520471833355845e+00
-7.640677228896977091e-01
-8.202026162176534463e-01
-9.005236460883563332e-01
-7.477793556949277054e-01
-1.163274434596271778e+00
-4.030173516482347673e-01
-5.150377550749191125e-02
-6.763996903906890346e-01
-5.228879504130543587e-01
-9.716200126287035665e-01
-4.981517826576272179e-01
-1.079606911881729747e+00
-5.707197886053347879e-01
-9.556754944863539158e-01
-9.756799604216834787e-01
-1.168898455081017307e+00
-1.176776246571721973e+00
-5.689008279289642367e-01
-9.640978986166861553e-01
-3.188035369919047235e-01
-8.704210757963690703e-01
-8.807557304264759246e-01
-8.691652481955967069e-01
-6.859893680853912379e-01
-6.321672411210177422e-01
-1.014844099279635703e+00
-5.567678243884377487e-01
-6.060835405660651709e-01
-7.404066376895230839e-01
-7.446828739728563740e-01
-6.094875730870765729e-01
-7.238707424290962145e-01
-1.492277664455432973e+00
-1.030815951335132485e+00
-9.605332691319152794e-01
-3.606051593559561064e-01
-8.081823063953135211e-01
-6.029889105204060407e-01
-7.963233053296687736e-01
-2.714205979562405724e-01
-7.482448775543173447e-01
-1.245446003065250995e+00
-8.333100091176786073e-01
-8.239019378683285488e-01
-8.299391492017744731e-01
-9.973777742725631335e-01
-7.411797213928861261e-01
-5.684889882104724457e-01
-6.785435503051970851e-01
-8.049281496426101690e-01
-6.672179668207839365e-02
-5.575628728348509533e-01
-6.031046808146922622e-01
-9.245241978354301615e-01
-1.217386754885180000e+00
-1.103607652146561424e+00
-7.005034438092159199e-01
-2.976117696451763828e-01
-1.055697112437915752e+00
-1.145562074678484255e+00
-8.998672876998736747e-01
-9.082469676860651653e-01
-7.823297058438964946e-01
-4.698780439384618313e-01
-7.639922443176208056e-01
-6.676618682166730601e-01
-3.066876885339958614e-02
-8.457877510229292461e-01
-1.143051250504346417e+00
-8.560060143809420374e-01
-6.012851976368946971e-01
-6.827728510871033940e-01
-1.262342375878600098e+00
-9.625796543132847383e-01
-7.555874703761777944e-01
-8.963227452094071346e-01
-4.766429704946806845e-01
-4.967947032528959306e-01
-6.567882914777922743e-01
-6.831057484953402259e-01
-1.216916035710522426e+00
-1.082069136635663842e+00
-6.264537179815516943e-01
-4.853858050753073194e-01
-6.047759408638140322e-01
-7.160669461997000163e-01
-7.402541886559412809e-01
-8.270422020821777132e-01
-9.991244846540436875e-01
-9.915435871013174030e-01
-8.627747298307295587e-01
-1.119176611618851513e+00
-5.409631585642498131e-01
-8.992929596925489655e-01
-1.788944881638262263e+00
-7.722932991743189923e-01
-4.296183457763507740e-01
-1.009757745525842854e+00
-5.608688602108462540e-01
-1.023211970757003986e+00
-5.328994379817619809e-01
-7.619029983712501952e-01
-5.943249496827616163e-01
-7.057520337905232033e-01
-4.010815818741542693e-01
-1.013823119491771951e+00
-9.022736984110193426e-01
-8.438586118855231355e-01
-4.288103191247292778e-01
-9.723787160870611679e-01
-6.668731096285962501e-01
-4.380674869678782835e-01
-5.155816913390336431e-01
-6.860563020645185084e-01
-9.741682344987805386e-01
-7.444071909955316535e-01
-2.895209008430340014e-01
-7.437760754716298273e-01
-7.350812825262278416e-01
-1.191026985449980646e+00
-1.207810841156007786e+00
-5.857683908324671229e-01
-9.056048881451066457e-01
-2.591045464602169113e-01
-5.312600519547214795e-01
-4.848805369313785030e-01
-4.098390440639617105e-01
-2.090768863459513960e-01
-1.007668808316605880e+00
-4.937668870256844422e-01
-4.052097363341116698e-01
-9.997328582047200207e-01
-9.642498349145847136e-01
-7.016603039140574261e-01
-5.109940688839924583e-01
-4.841788269124874255e-01
-9.648650788992836347e-01
-1.123687881594645166e+00
-9.088631916267684296e-01
-7.184666191352744313e-01
-9.130431694815449584e-02
-7.647361050970116203e-01
-6.028925012367474245e-01
-9.936647680114671921e-01
-1.105274848477499905e+00
-6.359296764228941079e-01
-7.597824337463738864e-01
-9.933785622599526910e-01
-3.628489133107036246e-01
-3.827445559735705438e-01
-1.028238969545967496e+00
-1.061646063646744853e+00
-1.350665214993225782e-01
-5.548859842035658296e-01
-9.013325448945903595e-01
-7.222987050480580429e-01
-4.834361840166133129e-01
-5.808362787518572823e-01
-8.677235361782060785e-01
-9.135398283366282790e-01
-2.561637256476749225e-01
-3.579630035199988236e-01
-1.013923364594657262e+00
-8.569955450557515952e-01
-5.345027004311941887e-01
-1.001188559512009579e+00
-1.117435521388455033e+00
-1.115669742947277943e+00
-3.743980638101230274e-01
-7.432432016614503034e-01
-6.456371374396483453e-01
-8.642505407653708893e-01
-7.965682432227905174e-01
-5.217937788266771015e-01
-1.036822770222837864e+00
-6.631427482851610655e-01
-3.706354085059798131e-01
-6.001541998883053175e-01
-2.660119492968645027e-01
-7.021283691836512908e-01
-5.127172568542168740e-01
-8.519462836442106557e-01
-7.954001845008389360e-01
-1.160984393831399064e+00
-1.215801690385863498e+00
-8.022432511535009247e-01
-6.571814087310454688e-01
-7.857375332354235020e-01
-7.089294064983531207e-01
-8.299629301520323743e-01
-5.819747675987163582e-01
-1.874232287943873865e-01
-1.204639852494869268e-01
-7.625764327881694449e-01
-1.175593548962727386e+00
-3.798645486458594456e-01
-7.191144735703844937e-01
-6.781951506600027990e-01
-7.958311956740300452e-01
-1.241491764197249825e+00
-4.812991210641155981e-01
-1.056302067842029846e+00
-3.962435259486097316e-01
-7.976305979912479138e-01
-7.718388763022123733e-01
-6.994897700081783576e-01
-9.226531051359754265e-01
-6.053395138189761049e-01
-8.240361194852607873e-01
-9.791950489139549241e-01
-7.600832238911476857e-01
-1.938341037020632762e-01
-7.512173045302152907e-01
-9.301998982636061619e-01
-1.069423004668312860e+00
-4.559315714838736988e-01
-8.721180970417710121e-01
-7.873262902346493952e-01
-9.405374139467750361e-01
-8.496556914640689406e-01
-6.544444096578883041e-01
-9.062437216317857924e-01
-1.065726826033984498e+00
-1.375510491869978313e+00
-7.944596793281637481e-01
-6.105765871900712405e-01
-7.452500443124390195e-01
-5.228217122654901239e-01
-9.710133758036776364e-01
-1.110272173040194321e+00
-8.752028557808562148e-01
-9.216301368254176118e-01
-9.690064161396745313e-01
-7.261153074221735615e-01
-1.010351782782084928e+00
-1.134944457866904788e+00
-5.983276092487597175e-01
-9.952229975771982318e-01
-8.010385066110470298e-01
-1.115805916752446780e+00
-9.720239487697386327e-01
-7.842603836282653340e-01
-9.409155311305767988e-01
-1.092316048894741431e+00
-1.358510075372731496e+00
-7.167812146864318557e-01
-1.188312237503549529e+00
-7.886212307617594952e-01
-9.022095495986559577e-01
-7.559539717175174367e-01
-6.661371184484994323e-01
-8.093321149315468865e-01
-7.843405287959694938e-01
-5.267152894404643071e-01
-9.771569663149191065e-01
-8.116099485885226450e-01
-1.283514302595645251e+00
-6.075131118524663698e-01
-5.789716919806804363e-01
-7.079143323377476982e-01
-6.870240240081426641e-01
-6.172428604860482615e-01
-6.702292414441655133e-01
-5.306738042344929518e-01
-5.046374574992040785e-01
-9.319829744927372595e-01
-4.596141770384716829e-01
-9.617704338609311954e-01
-8.195746909047234574e-01
-7.805634124198106427e-01
-8.752698556325211321e-01
-2.682764084902733992e-01
-9.100789603771244352e-01
-6.281088071663387673e-01
-7.315688960816868480e-01
-7.172532419056882880e-01
-1.025873675553154118e+00
-9.797530876786599841e-01
-7.311008285444420274e-01
-1.435372690012787888e+00
-7.217513240843698163e-01
-2.837054022235610540e-01
-7.258182415906815343e-01
-9.466397940636963604e-01
-8.318391491090229017e-01
-9.263628686585154703e-01
-8.084337501100873347e-01
-7.462600274015582791e-01
-6.729854359140827746e-01
-6.342931944084679863e-01
-9.331166230619172275e-01
-7.877084234843150234e-01
-9.880058747961908416e-01
-4.872024756494509057e-01
-1.019376880731070134e+00
-6.411689558925179888e-01
-8.621513078708535893e-01
-9.581284754370728018e-02
-1.162996923771413282e+00
-6.511369652297003263e-01
-7.475456990310687111e-01
-3.718425758298847250e-01
-1.161441872894766636e+00
-7.238862026273449324e-01
-8.271913721487220705e-01
-6.654536610022927512e-01
-1.260020287991885812e+00
-1.196533767855502806e+00
-1.080123146728322769e+00
-4.166778704455258997e-01
-9.393461520131869413e-01
-6.714142590929488286e-01
-7.488948388403042777e-01
-3.535727434612181974e-01
-1.095815855388822424e+00
-6.327099814524257404e-01
-2.515474425153390592e-01
-7.500043708556316524e-01
-1.044871985045734863e+00
-7.478352214256429598e-01
-1.069741533159858538e+00
-1.068771758166047636e+00
-4.914946498584709667e-01
-8.109348549761645764e-01
-7.952365290459162406e-01
-5.032785239258150689e-01
-5.853514447578693769e-01
-7.662375429348995404e-01
-1.053456658418302272e+00
-1.191041514634190168e+00
-9.102427618709723056e-01
-4.364742632365943842e-01
-4.769512004222922763e-01
-3.476676879335234838e-01
-8.399633174796261592e-01
-6.319559686859403946e-01
-8.326099733642462475e-01
-1.168402025173943759e+00
-8.857163652088115846e-01
-2.097926654697493398e-01
-3.901814616224617560e-01
-4.960313812997801386e-01
-5.713096756060633830e-01
-9.577175795813670511e-01
-1.319396240163698497e+00
-7.844001524687791438e-01
-5.620182086172609282e-01
-9.447368232386001985e-01
-5.229559873938876002e-01
-6.004745551735166664e-01
-4.619514732556973535e-01
-9.567546835489797452e-01
-6.509035153059241630e-01
-7.212531604449989864e-01
-6.662561472155528186e-01
-6.236394268299290111e-01
-1.067036487736392036e+00
-3.317528933806888625e-01
-9.949755838169278555e-01
-8.466506302666201300e-01
-9.705594331519447060e-01
-2.876713121720056443e-01
-7.156798791298695228e-01
-6.178860445669802637e-01
-8.987652287014324948e-01
-6.534290026652098682e-01
-9.151963368722566550e-01
-6.153895656936119174e-01
-8.916913370632397751e-01
-8.522582064143873204e-01
-8.218578846325894638e-01
-3.237611238948053249e-01
-6.720145927530833951e-01
-1.048768307921911447e+00
-7.837238737674963041e-01
-6.907761995438019831e-01
-1.057383599270206975e+00
-4.742286828828584100e-01
-9.622933834314051360e-01
-1.158269347489405465e+00
-6.983085195311429239e-01
-8.865362478260920831e-01
-7.005791719753546865e-01
-7.194096384202066652e-01
-8.855469498016792507e-01
-1.058597292512235999e+00
-1.065214725312305877e+00
-8.975345993415762003e-01
-9.309555695584568191e-01
-5.181454380616163924e-01
-9.555534192790386960e-01
-4.302571679455025611e-01
-1.031466520768422601e+00
-9.663502391511085143e-01
-6.157559145623960895e-01
-6.724135428400690451e-01
-8.356386697938984476e-01
-8.570539982926725919e-01
-7.438232019256862948e-01
-7.950239373673224641e-01
-1.007775644707276985e+00
-7.748883296315445257e-01
-8.423375833930113465e-01
-6.877886338166061542e-01
-7.319415131595357060e-01
-4.714687678430107831e-01
-7.942672676849018565e-01
-9.166880322866668429e-01
-5.510991813511521009e-01
-7.170848279629820077e-01
-6.780019405361135121e-01
-7.048792349108343736e-01
-5.342643156737278964e-01
-7.269847826168356342e-01
-7.638575208451396925e-01
-6.652764817790726148e-01
-1.704425861722680957e-01
-5.658363071880896378e-01
-7.908827944553924461e-01
-8.903440933327542162e-01
-4.199414590802815206e-01
-9.689495415704425518e-01
-8.083177146717805961e-01
-1.908565935363567001e-01
-8.526375866961299899e-01
-6.158245846571017701e-01
-9.201489340900619318e-01
-1.055914026536563188e+00
-8.610261340366140992e-01
-9.874498842869177118e-01
-6.583215545936700330e-01
-7.414027843442565491e-01
-8.293186695762462257e-01
-6.486389197073205715e-01
-6.570460596272202913e-01
-8.543485492120237446e-01
-1.140916432864341079e+00
-9.648215908840893640e-01
-6.480610305824936468e-01
-6.291386029395913404e-01
-1.392673074002664269e+00
-5.611089168635072788e-01
-6.435383898702693450e-01
-5.085198780373478833e-01
-5.225061856743242750e-01
-1.202157512167464137e+00
-9.079476089795019966e-01
-5.272048732725100884e-01
-5.920261365632950579e-01
-1.048658875864223905e+00
-1.041688916315804736e+00
-9.017403600282247744e-01
-6.820935562879033576e-01
-7.497246355664128892e-01
-9.174026735813325395e-01
-8.019378983903000524e-01
-6.311071692368979136e-01
-8.026394221075077162e-01
-1.219038064720021186e+00
-8.723618307961484852e-01
-1.011709920369451954e+00
-4.771037497919699555e-01
-7.762966710559031647e-01
-8.537377717048539871e-01
-6.254261656106572254e-01
-5.897882682835100532e-01
-7.247257084779623604e-01
-8.354755852700503915e-01
-3.745085569434008499e-01
-3.599834784132026066e-01
-1.442538335266943528e-01
-1.455113831080528275e+00
-9.464156140978379206e-01
-3.794563148387060658e-01
-7.926709942249599017e-01
-9.049101252240849824e-01
-7.105547410804580188e-01
-7.026831602250180886e-01
-6.418915841316032989e-01
-5.813159070381712645e-01
-1.117887863812818683e+00
-1.303153778793888495e+00
-1.065282890771552804e+00
-6.439312109952237684e-01
-8.379521847166455650e-01
-7.807535578958071376e-01
-7.700481470215376767e-01
-4.542792969607672426e-01
-1.249744100636466460e+00
-8.134829710297961647e-01
-4.938121083978087023e-01
-9.694352985393384081e-01
-6.535221448205672523e-01
-7.409521994602816797e-01
-9.390372603878955893e-01
-7.174766280357443016e-01
-9.715698120009972349e-01
-7.713638879656099512e-01
-3.969157546466779984e-01
-7.608284098948243646e-01
-7.411229161582935099e-01
-1.087544028864087853e+00
-5.959981496146089519e-01
-6.823341687480604101e-01
-1.079338228086261342e+00
-8.303289993393545565e-01
-5.220748222049000908e-01
-1.290326751349919920e+00
-7.403246472322391192e-01
-1.030878466808549110e+00
-9.995270425137303683e-01
-5.004971432549081278e-01
-1.157537793615560862e+00
-7.710033705546934790e-01
-4.678834308609621240e-01
-9.391991334328690932e-01
-7.477653641351200697e-01
-9.284389896992348845e-01
-6.358747325580620391e-01
-6.207018131553199147e-01
-6.683151962975117932e-01
-6.602968277336214165e-01
-8.166884494175801201e-01
-8.262247928617445503e-01
-6.541288789696477757e-01
-7.178196404560526211e-01
-9.759466159734953017e-01
-6.249801096281566437e-01
-5.076446777236847119e-01
-6.133470017335196367e-01
-4.576313297371297772e-01
-7.013046635711686072e-01
-7.569825190205112797e-01
-5.518964594768580589e-01
-5.453569440803325286e-01
-1.142563376242197837e+00
-6.695494915526101209e-01
-3.394084009743819075e-01
-9.468917328817068046e-01
-4.495956358637518968e-01
-1.057282743460165708e+00
-9.048433454835032030e-01
-5.505536897222751413e-01
-1.014180037150719915e+00
-8.284938560211974057e-01
-3.037326952660142632e-01
-6.899850304664689737e-01
-1.011675755570184965e+00
-1.314479444410860953e+00
-9.867692618295369478e-01
-9.196960919706325122e-01
-7.342675704572205753e-01
-9.329750261150207002e-01
-1.265057420219140472e+00
-1.071129862778289255e+00
-4.547675616558711220e-01
-6.732237870217905318e-01
-3.290974298113913954e-01
-7.087384156210121411e-01
-7.847895382828657951e-01
-9.470801301486280188e-01
-5.447301630446550469e-01
-9.079230242540892171e-01
-1.171251594600502433e+00
-6.207711955542376536e-01
-1.017583616845972205e+00
-5.939124475014705418e-01
-8.263534947394437502e-01
-8.175415707484003924e-01
-8.915939753154913383e-01
-1.121634538594616703e+00
-8.517115873026068762e-01
-8.260638734071297229e-01
-8.669532872882510510e-01
-6.174002202710338061e-01
-1.053480736376986915e+00
-2.346314330146417881e-01
-7.774436487920124428e-01
-7.947564431672486940e-01
-4.088575608134204509e-01
-8.460455780910689505e-01
-1.037735440424466749e+00
-4.648683723573233117e-01
-4.846257046141971281e-01
-6.105267280023665144e-01
-1.114680159799363413e+00
-3.709768878046806884e-01
-9.749849576995548439e-01
-9.127604343074797733e-01
-7.338671694416274427e-01
-1.036927059464940459e+00
-1.257950970743447972e+00
-8.261251486822556167e-01
-6.830852502630588852e-01
-1.003080347403952022e+00
-9.920150991172485000e-01
-7.945156046408041739e-01
-8.050742859223132264e-01
-1.021467633024216060e+00
-6.133350902482672673e-01
-8.923791434526475719e-01
-7.982594992342133544e-01
-8.299560159871544052e-01
-7.649840941432555219e-01
-6.611795977620293918e-01
-3.032902469460450612e-01
-5.513021989891027097e-01
-6.088183989703890298e-01
-8.849546602800875128e-01
-4.729759137918888023e-01
-5.107126736275486856e-01
-6.571977521745577810e-01
-4.775742758409050048e-01
-5.765453880648192531e-01
-4.789639657189024846e-01
-4.890325524669383861e-01
-7.687105456594349739e-01
-8.974050407409035479e-01
-4.061179784651707814e-01
-6.852907850962393077e-01
-8.186993289313382327e-01
-8.749769572537435813e-01
-5.739098664783743864e-01
-5.153379262153383600e-01
-6.957715416347596271e-01
-8.916529403658555175e-01
-8.820743366891545811e-01
-9.516388901844305970e-01
-8.670299090942568121e-01
-1.274729299378951186e+00
3.112976183148269405e-02
-1.042473865484151663e+00
-6.147236973087868428e-01
-9.296066071394801789e-01
-1.096349575927796582e+00
-8.352968305294905527e-01
-6.644113557376774004e-01
-1.128269025988457575e+00
-4.953635284718243548e-01
-7.864425231171314756e-01
-5.213203368506929003e-01
-5.669357861036723456e-01
-1.006463333402749516e+00
-6.637337938132259474e-01
-6.139917443133069419e-01
-8.138858139585392060e-01
-5.483179586119999449e-01
-9.619006973392498772e-01
-7.642153807548521804e-01
-9.757843652222768505e-01
-3.893948540268259983e-01
-6.804685437668855919e-01
-7.206525771870500030e-01
-9.333514841756707092e-01
-8.538816156466251250e-01
-7.569228725216956555e-01
-9.829239990102540681e-01
-7.294950860479336718e-01
-4.878716597272228506e-01
-3.273951563453150748e-01
-7.459356502137048928e-01
-7.478910225971273640e-01
-7.576380997156673125e-01
-9.421959889808353417e-01
-7.806499122417673853e-01
-3.422698869687832990e-01
-5.273066529581602602e-01
-1.150159807236388776e+00
-1.027861811883490351e+00
-4.240411390028993588e-01
-9.639805453476113506e-01
-6.109294227080899198e-01
-9.165564718850167658e-01
-4.431180348679009118e-03
-1.191823892634822801e+00
-1.284606524620411694e+00
-5.536370288963010644e-01
-1.254210662020181832e+00
-5.919298707165165929e-01
-3.967028376788933053e-01
-7.385336315785022698e-01
-1.028782982715057859e+00
-8.487491006618452793e-01
-7.199789636374220869e-01
-8.582116832079340618e-01
-8.515362106353845384e-01
-9.958550709412929969e-01
-7.511533373916106093e-01
-8.952161560225211367e-01
-7.424872199110805759e-01
-7.135078861558983299e-01
-7.673215261562131850e-01
-7.388640309927052563e-01
-6.814625598519321592e-01
-5.251241559699235673e-01
-6.213344234902931085e-01
-6.166483174026393677e-01
-7.674679767829712951e-01
-7.305436574229280389e-01
-7.420296647597521833e-01
-9.034527480745677686e-01
-8.188427608313770811e-01
-6.043281786550047663e-01
-1.051825515714256642e+00
-8.942444558204241112e-01
-6.760596795609399301e-01
-8.540735047185885609e-01
-7.663252866430743104e-01
-9.426329114122684594e-01
-5.722499910658624955e-01
-3.916341800722702993e-01
-2.877045775300684505e-01
-6.737827539088532269e-01
-3.425168744797751352e-01
-5.087616046208034426e-01
-7.752566444243282895e-01
-6.383974600438588887e-01
-1.006462693450526746e+00
-5.984037218869464603e-01
-9.385704914239654251e-01
-7.813707665523179635e-01
-8.110742946499809314e-01
-5.934833083062298620e-01
-8.346000573418419499e-01
-7.955422786123480527e-01
-9.162715440805873079e-01
-3.298319108031973479e-01
-8.923059025578816694e-01
-6.147413511077286508e-01
-4.999413341970489477e-01
-5.763966543600962389e-01
-4.719124665237762195e-01
-6.152263351151554538e-01
-9.552917736721941999e-01
-6.039330023082318810e-01
-7.645815623341047917e-01
-5.758497377511599957e-01
-4.996033433298668336e-01
-6.281174835984448812e-01
-7.343540012711788911e-01
-8.701011601064263523e-01
-4.815299585868167420e-01
-5.927935521647822448e-01
-1.027370290507502393e+00
-1.110911360316702901e+00
-7.240183778572526485e-01
-1.106657078334916111e+00
-1.068586432397179653e+00
-8.503536276742278410e-01
-3.331520398439847264e-01
-8.761928948975250542e-01
-9.467258597320094005e-01
-6.779490363924911556e-01
-8.939255879524243831e-01
-6.184794295173756673e-01
-6.913706197517162089e-01
-5.056393773162732863e-01
-1.415832311536565080e-01
-9.822710327283208365e-01
-7.271884804153185833e-01
-4.005378196222549314e-01
-4.439368518092111082e-01
-8.739434195638229319e-01
-1.054721300982617738e+00
-5.764590543407952516e-01
-1.209549184907695807e+00
-6.345221205598190473e-01
-4.696474127595889336e-01
-1.147208379499091269e+00
-2.134410333372583346e-01
-6.092998968473506416e-01
-8.538932665512359854e-01
-8.179742131531182459e-01
-6.230537336394346148e-01
-4.524727450442012633e-01
-6.266998516920474493e-01
-1.058051816888987862e+00
-4.865499993387030764e-01
-7.294359980328946058e-01
-8.658310235752986195e-01
-1.212208973424342862e+00
-9.969003112549299495e-01
-1.086978310831657968e+00
-9.351053344197635120e-01
-8.203865511441930103e-01
-1.085184986181193967e+00
-8.328837373701358793e-01
-7.261489649972898697e-01
-8.954601456923190206e-01
-5.920802397038831266e-01
-9.646798520424799683e-01
-6.209297273560303587e-01
-8.691759391396414181e-01
-9.894220610952833006e-01
-1.037858601384986645e+00
-5.919420931801373520e-01
-1.242650617409577496e+00
-1.148314701322423748e+00
-6.926384166109866847e-01
-4.443916002826192035e-01
-3.925818586608441074e-01
-9.611320425411205015e-01
-7.001424669075544394e-01
-1.170863807303595738e+00
-5.129812489115903595e-01
-2.734542978709880168e-01
-1.120364038240087456e+00
-7.430948890741295720e-01
-8.459834558521071024e-01
-8.616820730531160599e-01
-1.211602520073693956e+00
-7.538947208959592139e-01
-9.800558388663778153e-01
-6.811506461434402304e-01
-6.839994387271066678e-01
-8.543315642633158014e-01
-6.589752804430841771e-01
-1.174418196049533680e+00
-1.172856141404011066e+00
-7.282340123179662505e-01
-4.574685181998999206e-01
-2.686292551445075838e-01
-1.307258167438643870e+00
-2.926785730011656761e-01
-5.575002032468074908e-01
-9.153637937746492703e-01
-6.418495084951207907e-01
-6.470657928377758772e-01
-7.098908713617970712e-01
-9.951790323100255797e-01
-7.313930881335353185e-01
-1.205890700339200539e+00
-1.153733482989939052e+00
-8.735071859947152184e-01
-7.542839823978302327e-01
-9.278881315037819100e-01
-6.260068264484144329e-01
-5.536396942424528511e-01
-7.154443521928555150e-01
-9.281986179991830177e-01
6.785399487540239027e-02
-8.902984676541483289e-01
-4.917113249275293918e-01
-8.686591854588887607e-01
-1.099243708718685486e+00
-5.291204415853738574e-01
-4.511356640275008822e-01
-1.265302270707611587e+00
-9.385166600123082681e-01
-6.862374502816135369e-01
-8.605501283647893906e-01
-7.916512123858336913e-01
-1.123800860017202030e+00
-1.187434329324002835e+00
-7.572508093805763174e-01
-1.132200451544723041e+00
-3.638213703083761907e-01
-6.894729533250480991e-01
-7.762395396475523235e-01
-9.323220315915574652e-01
-8.717386870461223403e-01
-5.259750520631603088e-01
-8.427863965764754717e-01
-8.763377078354719352e-01
-9.835274652285730390e-01
-5.844393018189220079e-01
-6.934898566602094583e-01
-4.329627870721109439e-01
-5.087405191279157357e-01
-6.898146455055020887e-01
-2.892248249613059152e-01
-8.163810764457832825e-01
-7.308642330592154401e-01
-6.705679173333902732e-01
-6.175485666290723152e-01
-8.951092631458519300e-01
-2.357825815482717524e-01
-8.775788259443513262e-01
-1.051453829218428115e+00
-2.404756334151270658e-01
-9.584909801402941021e-01
-4.721521809336751141e-01
-1.141235764607046566e+00
-8.736813120207895800e-01
-6.207176516820678280e-01
-6.098378512483972891e-01
-7.580085515784245054e-01
-6.748826883842089508e-01
-5.542404517901364791e-01
-7.460946542323978470e-01
-1.075429760422399017e+00
-1.023991895351816783e+00
-7.769178578920912237e-01
-2.857348593472229248e-01
-1.077412782629022292e+00
-5.540118293881506339e-01
-9.146432957441104072e-01
-1.042960441822032625e+00
-4.868634937904468551e-01
-9.323758156143715503e-01
-5.608554389254263306e-01
-1.041723317464649856e+00
-5.040901014985936790e-01
-6.516357105352565959e-01
6.021970820096311794e-03
-7.830716498092624711e-01
-8.357646954693263019e-01
-7.485959038307012925e-01
-2.254245284067946664e-01
-1.171427910413627149e+00
-5.043769932459007954e-01
-7.576384105410522984e-01
-7.691113169532610705e-01
-8.085147902394038688e-01
-1.075142865027050920e+00
-5.780009482262724596e-01
-6.841273109630461313e-01
-5.852262663052454350e-01
-5.288747563802798091e-01
-9.848519342499924001e-01
-6.982384624830140218e-01
-8.775620928417962041e-01
-1.099207306273158213e+00
-8.844295174137895010e-01
-5.777879387975244363e-01
-6.301186249853434340e-01
-1.165281965300284828e+00
-8.959078570760792282e-01
-1.094086867152235687e+00
-5.638140498473771522e-01
-9.670540831433531714e-01
-4.894078213187858517e-01
-1.043853762780532879e+00
-7.890800664287280775e-01
-6.693873409331954072e-01
-8.045882029375275302e-01
-9.086311838035396882e-01
-6.860842868273420159e-01
-1.261649778013844259e+00
-7.532918780002337833e-01
-8.683081775513667999e-01
-4.854493711285657320e-01
-1.022475170069608641e+00
-2.871114096990142195e-01
-3.131232498955829890e-01
-5.443133515354507956e-01
-8.548438507216471471e-01
-6.329675079682854921e-01
-7.384692267394936671e-01
-7.942510294775293467e-01
-6.746791424645164348e-01
-8.013180589293047440e-01
-8.488143386396598267e-01
-1.069372457921727193e+00
