-4.760366632222692851e-01
-2.058336458421626269e-01
-8.544382868454436508e-03
-4.797331925345145742e-01
-4.436195807072960684e-01
-3.744352644588074264e-01
-4.112670633329834624e-02
-3.070237468806600867e-01
-4.061329802544376144e-01
-5.985402642072706891e-02
-3.682866221256274053e-01
-7.131112552155944861e-01
-3.867253595788118781e-01
-5.048972352388827467e-01
-4.347868609731731504e-01
-1.523032800852469615e-02
-3.405412985257113001e-01
-6.285042758696453014e-01
-2.701582630823904929e-01
-4.554962800000593171e-01
-3.434154714214128767e-01
-3.191801956849187882e-01
-1.151413278047682121e-01
-6.907122106002288042e-01
-5.904682518193884455e-01
-2.618860905430904773e-01
-5.836315530366644744e-01
-2.861731028006145316e-01
-4.199764899947849295e-01
-1.296427548405927888e-01
-1.387935729425984754e-01
-2.487125160511963196e-01
4.468655245780389640e-02
-7.023031189579893585e-01
-4.948228192169748518e-01
-4.109389173884517299e-01
-4.569394404144487276e-01
-4.542804718126985386e-01
-5.967066174712098992e-01
-4.882656720082790280e-01
-5.792897870825695072e-01
-3.359735122391467876e-01
-3.764767609008755067e-01
-4.665860954770165159e-01
-4.226017067603363153e-01
-2.053280926842454557e-02
-4.394038566906073862e-01
-6.782198464023321272e-01
-2.872628176373380193e-01
-5.042253380408348029e-01
-4.565797882815770259e-01
-1.402612238473613382e-01
-5.269579477745414131e-01
-5.121958394470671472e-01
-3.344681352185259748e-01
-3.053162374232312737e-01
-3.681371045867192771e-01
-2.429282495268077491e-01
-6.729772979047692338e-01
-5.379923868340523718e-01
-3.690458177511755644e-01
-6.834057718352011257e-01
-3.426060314266874962e-01
-3.742930593477039047e-01
-1.120052420105293600e-01
-3.237351326413589470e-01
-3.467836646033615744e-01
-1.761428020580991238e-01
-1.412381271257019955e-01
-1.891902771554297424e-01
-3.346530386264175427e-01
-5.271083808939178716e-01
-4.970251415044520393e-01
2.269560299780581381e-01
-3.892098789530292202e-01
-1.743569182182658772e-01
-3.163184127425827108e-01
-1.621339567112643487e-01
-2.379775464179805788e-01
-6.025702414205622581e-01
-4.661165570486543452e-01
-7.327654021745151347e-01
-5.026344832532864126e-02
-8.664625199738975603e-01
-1.219210832847293369e-01
1.069807492416744998e-01
-1.348782195973084463e-01
-5.892565340145634600e-01
-3.356623874169782362e-01
-3.058169975535106055e-01
-3.077983579588026708e-01
-3.000635835439067756e-01
-5.883575755990873013e-01
-7.873438313275166189e-02
-5.761741631457550916e-01
-2.865833729210121583e-01
-6.133948562905016111e-01
-2.684625128183567022e-01
-2.074788456892063260e-01
-5.973842117544490016e-01
-2.003059637258429171e-01
-4.898669394689095236e-01
-1.477819452291382896e-01
-2.271970812852835420e-01
-1.561598365795596743e-02
-1.602313822588468661e-01
-3.371206386816366085e-01
-1.846644538489142229e-01
-8.498351463075387580e-02
-4.158839042079205961e-01
-4.933608139556296401e-01
-2.716407738594069365e-01
-4.375079198368295175e-01
-2.103947698321176341e-01
-3.366441404208582733e-01
-1.696463122984082639e-01
-3.086436495613438802e-01
-7.632034300770524915e-01
-1.108024211330023712e-01
-3.394763575479112228e-01
-3.014443973680590028e-01
-5.712758219887601463e-01
-3.340100837359370467e-01
-4.807734605707705833e-01
-4.732846691134598438e-01
-2.479650221097498553e-01
-3.091047228091868271e-01
-9.217313885966099685e-02
-1.546424624203735498e-01
-2.480343816980697391e-01
-3.684051172187277623e-01
3.893051447424283884e-02
-2.972437731675623973e-01
-1.828392532212537724e-01
-3.332699100951753146e-01
-5.873046421219680902e-01
-1.313866464451157179e-01
-3.477845621542319798e-01
-3.221398111454978896e-01
-5.411687169064660630e-01
-3.826899668078859174e-02
-3.869351007829391897e-01
-2.627176966811367032e-01
-8.085959103040107898e-01
-2.313856212493772824e-01
-4.841375749829191499e-01
-1.006454383599587055e-01
-5.296661598403500371e-01
-8.293710928380417791e-01
-6.666190384448840156e-01
-1.470038241164429160e-01
-3.457761055391431193e-01
-5.694189448877975401e-01
-4.074379315237100507e-01
-5.414569493868701677e-01
-2.301559075622710560e-01
-4.313743925968478998e-01
-4.719864643653584602e-01
-9.655525800602632325e-02
1.962850390416046031e-01
-5.075697920666333296e-01
-8.892853175987319725e-02
-2.141615013838032433e-01
-4.665936596639750911e-01
-5.301662419468304854e-01
-2.698280662632375759e-01
-3.307229774798768340e-01
-1.177595235443971711e-01
-6.758644288749349194e-01
-4.026591083761990597e-01
-1.977522353400514299e-01
-4.477484494890587308e-01
-1.505045402728951154e-01
-4.113854861709085875e-01
-2.798474737868557605e-01
-5.655895992648258819e-01
-3.705100956234309018e-01
9.889362904764442685e-03
-9.323944443770497692e-01
-5.932302898057000284e-01
5.189552740096331496e-02
-2.643868059289116723e-01
-4.210479448208528930e-01
-1.837062433402736894e-01
-3.529360232845566991e-01
-1.001252470510959558e+00
-5.503624603561090289e-01
-5.512587988791115556e-01
-3.262094641051019317e-01
-7.256626720041176037e-02
-2.079513431516387123e-01
-3.738826252676799577e-01
-2.939984136206886256e-01
-4.119596455953861147e-02
-2.066167895496389684e-01
-2.003980905740410656e-01
-2.772864059200200182e-01
-3.883448592652710141e-01
-2.430480535289630262e-01
-5.866902996522367353e-01
-3.992641773125532034e-01
-4.066875519243784987e-01
-6.664271351445418823e-01
2.020983046771668290e-02
-4.021975160199500743e-01
-2.280362056325029863e-01
-4.153471961939670387e-01
1.114866031532914525e-01
-4.748798267009105012e-01
-1.770087983555979627e-01
-9.155410177783501746e-02
-6.067017366626790142e-01
-5.247915140970822456e-01
-5.050986423892749322e-01
-3.985690255028769280e-01
-1.430628623948462796e-01
-3.392090621341954937e-01
-9.392133110615979996e-02
-3.265369955097310872e-01
-8.136246038037292516e-02
-4.031778435610360867e-01
-4.310570304219970006e-01
-2.382916190912963139e-01
-2.840685545912671750e-01
-2.303295126528266956e-01
-9.180383521216275433e-01
-7.721762102949196738e-01
-3.816671824073876729e-01
6.299151195062385744e-02
-1.106181041782475227e-01
-5.183732962604463701e-01
-2.735733083284910827e-01
-1.804175587353751831e-01
-2.454102514174089089e-02
-4.965421599048452372e-01
-6.623714337107498018e-01
-5.765302885236214259e-01
-5.850212141702368918e-01
-8.147625674749154889e-01
-4.274747595503041731e-01
-1.533494374788522685e-01
-2.245726978883327285e-01
-4.340707094754390760e-01
-5.545565569376162962e-01
-6.973592784459656801e-01
-3.626090566963751649e-01
-6.367800348261991594e-01
-4.132885893960645540e-01
-3.145194295030156462e-01
-2.708164453686277562e-01
-3.284694363966492170e-01
-3.861364927038662409e-01
-7.385982557295709405e-01
-3.905919757332907971e-01
-2.400992725857987176e-01
-3.766922106744741705e-01
-2.084272140932133532e-01
-6.974792839827768098e-01
-6.345040341218717295e-01
-1.134853724674173003e-02
-1.502709510910987256e-01
-3.765574568476464656e-01
-5.753110229699420763e-01
-3.889040112500024571e-01
3.462862267889071921e-02
-9.260865135984599483e-01
5.761809654823174531e-02
1.748639152252552953e-01
-5.334251158170393303e-01
-4.774031437933801691e-01
-7.102162471172985825e-01
-1.220230805038267641e-01
-2.326356803840963772e-01
-4.456773748013352354e-01
-2.837783554487356974e-01
-3.836368939811092837e-01
-5.407327152842751339e-01
-1.858238820890006360e-01
-5.179333939749750648e-01
-3.636661647903918770e-01
-2.291418769426419311e-01
-1.922867475225165657e-01
-2.206034001992205895e-01
-2.006966395902556877e-01
-7.314912191782778628e-01
-2.772783865990278707e-01
-4.601733946864095537e-01
-3.090981295086377423e-01
-1.082719690512846111e-01
-1.554831974747777901e-02
-5.587635117277174324e-01
-8.684688124246133789e-01
-3.412786035977260490e-01
-2.531666425334014314e-01
-3.155063284129028256e-02
-7.287837895484909900e-01
-2.058311185725619219e-01
-2.252331677692223644e-01
-2.855220558028830902e-01
-9.615242950519903298e-02
-2.970062164198848387e-01
-1.314157851490490025e-01
-4.896447782940467897e-01
-5.021461760288628007e-01
-3.108997760864551929e-01
-4.082556562565398672e-01
-3.020632783614130568e-01
-2.554037574788635134e-01
-6.343011327339351801e-01
6.321756254780858120e-02
-3.339830785348785747e-01
-3.761536770962235487e-01
-1.977149196991950797e-01
-1.144847854115594310e-01
-4.576049309615979888e-01
-7.153379519584643909e-01
-6.404657210089195196e-01
-3.540298579443868499e-01
-1.326663513251138959e-01
-6.971109875136477507e-02
-3.309931719948245310e-01
-1.600795015345224948e-01
-3.780809558971119366e-01
-2.428846523775374799e-01
-2.201755533849412694e-01
-4.453622850704382352e-01
-7.028790191826570499e-01
1.329452594163415546e-01
-3.001722812702323773e-01
-5.317700400810960737e-01
1.024531612057617003e-01
-2.419397671428389907e-01
-2.668125186491008827e-01
5.840970356419056264e-02
-1.348784120406603670e-01
-1.241823685705517044e-01
-4.171535262878519057e-01
-1.527871761341229040e-01
-4.204625322013436084e-01
-1.706640161434305747e-01
-1.222150893436287356e-01
-3.084423171831756627e-01
-2.850858843234194695e-01
-5.487099196609190876e-01
-6.745258311964517084e-01
-4.134975675679695706e-01
-7.081296005266435323e-01
-3.326501836915452537e-01
-4.356841434479262198e-01
-2.052478729144593950e-01
-3.946145264469299030e-01
-4.229111798912766340e-01
-5.289914691160341187e-02
-1.262487700408284064e-01
1.852429372203476254e-01
-1.711528490224663579e-01
-3.735272957431381990e-01
-3.940324159981441476e-01
-6.107963102150901769e-01
-1.007038162268175108e-01
-4.989383154680920307e-01
-4.625969690797231970e-01
-4.989076809870423568e-01
-2.753251981750649002e-01
-3.678190555008905016e-01
-8.550326967285646340e-01
-3.780860300912967653e-01
-3.898789750300478141e-01
-2.157414839575869103e-01
-3.179206532418175635e-01
-5.660710200192614616e-02
-2.858091078998304391e-01
-3.149533880215683035e-01
-5.217885185593168496e-02
-3.237828881055954122e-02
-2.381719306091097388e-01
-4.980971568484880430e-01
-4.478794814528269108e-01
1.037375048504024511e-02
-8.436479135466297130e-01
-4.010350990135447824e-01
-2.632327279912414775e-01
-2.365525558939265971e-01
-3.379832155132694305e-01
-2.087886026868877587e-01
3.304075750242979614e-02
-7.649845099003421689e-02
-7.474877011882310462e-01
-3.082211769555521230e-01
-1.725629362829548819e-01
1.404925892159736289e-03
-2.558676094626802233e-01
-4.200081650791927523e-01
-5.172939329829806532e-01
-5.872699265131413604e-01
-2.549649361078346055e-01
-1.918422476494084372e-01
-3.580680853477110070e-01
-3.936332397602915756e-01
-2.460327545902037394e-01
-4.027528893105452590e-01
-2.083496181638442857e-01
-1.168568326801567303e-01
-1.236794174355720366e-01
1.555176677011504416e-01
-3.247649892348439260e-01
-2.812205259984322248e-01
-3.087327371411530685e-01
-3.948490991719535992e-01
-4.800010138364859125e-01
-3.569864751172216466e-01
-3.887659257030340876e-01
-5.823323963866546826e-01
-3.384944046325997768e-01
-4.406630899371821730e-03
-3.771188741373490694e-01
-4.068785138605873208e-01
-1.905516199964069068e-02
-8.002219222539044274e-01
-1.788516234759396917e-01
-5.297469398163099363e-01
-2.556067854103898918e-01
-1.165366603541895807e-01
-3.035478449199336404e-01
-2.110642322895573408e-01
-8.272959262706841566e-02
-2.623560331201031937e-01
-2.726907026995176175e-01
-1.502299313814075554e-01
-4.384880643642881659e-01
-2.049001172374045887e-01
-3.021506200285811183e-01
-2.858430294539116567e-01
-5.729760100097220921e-01
9.681782698929047859e-02
-5.350934824644224541e-01
-4.855811284430200936e-01
-2.934539051707081847e-01
-3.060926921036864479e-01
-6.058672138357406034e-01
-2.913855839512611845e-01
-4.826968435728074547e-01
-1.350421985273624892e-01
-1.305272918194551601e-01
1.019774591202415315e-01
-1.783012677523819201e-01
-9.112621163343033182e-01
-5.479380992348654722e-01
-1.202743655413703316e-01
-2.305840418800185199e-01
-7.519014331111191218e-01
-1.020546714760724449e-01
-2.787842726096774748e-01
-5.178955352301933823e-02
3.061270887670936025e-02
-2.681873000053323630e-01
-4.987058946239356083e-01
-1.658705088555235130e-01
-2.402902543783552169e-01
-4.881140449711325879e-01
-2.231857655276852648e-01
-5.180674341107551761e-01
-4.722690994268288756e-01
-5.840263046472338182e-01
-5.218216328064717580e-01
-3.637851792985782873e-01
-5.310495910054818802e-02
-4.373922989828043506e-01
-2.462164044306019428e-01
-5.985381021406692703e-01
-1.808892181105120067e-01
-3.369096556957776323e-01
-4.632102860248932807e-01
1.150205660363527449e-01
-2.994670935252342070e-01
-1.004077161576027999e-02
-2.467865738867485725e-01
-3.049199821607478378e-01
-1.306556331599009746e-01
-1.630569631601841984e-01
-1.132652679142585606e-01
-3.796310616944365557e-01
-3.092711143044409305e-01
-5.724324407672374271e-01
-4.107102190395159336e-01
-3.480556235498722395e-01
-6.403858328215048523e-01
-2.652201650273125488e-01
-5.125341221260382163e-01
-3.034263745140007296e-01
-2.727846562919898354e-01
-4.084876506867627932e-01
-2.898845992167876084e-01
-3.078291522781353984e-01
-1.796648030198128021e-02
-5.487511426645466095e-01
-3.873857138785337662e-01
-3.797344859874809964e-01
-7.143288085553405331e-01
1.444305517440258035e-01
-2.222153430941849472e-01
-2.414977987281586302e-01
-6.436559353361244185e-01
-7.874130889122281651e-01
-6.204412757759603103e-01
-4.961796549850672755e-01
-3.858569798706069087e-01
-2.337806789421575382e-01
-6.924185416433155105e-01
-5.891626537450318501e-01
-6.931036501036378361e-01
-1.053041565721640205e-01
-1.790911860479949547e-01
-5.577175330416435095e-01
-5.677093076784101022e-01
-6.997263099615396165e-01
-3.877929193124392548e-01
-2.203793852638580852e-01
-5.821031486028549473e-01
-1.965205326817707765e-01
-3.331691531902572501e-01
-7.666826815528442474e-01
-5.686690190159677805e-01
-5.191647949201905199e-01
-1.674534924251376844e-01
-4.584383167171002804e-01
-3.386002396134313863e-01
8.960409933792190529e-02
-2.334092207839942312e-01
-3.258468194742759061e-01
-5.170353968109435705e-01
-3.646806121370614329e-01
-7.253422448514048604e-01
-2.764682397414018333e-01
-3.013918684186732144e-01
-3.693584783404131877e-01
-3.954311283969996760e-02
-4.146912828838194565e-01
-4.229271827549401785e-01
-5.491194442897300299e-01
-1.318273101956575766e-01
-4.796602574498619043e-01
-4.304659096599477430e-01
-1.237605490220628490e-01
-1.770537280929543322e-01
-3.043959006631014597e-01
-3.531969187509714225e-01
-5.220678828413309880e-01
-2.667565758374164653e-01
-7.016717609136304823e-01
-5.339173039709703694e-01
-3.104061493719539322e-01
-5.924975094127522546e-01
-4.791282857648409554e-01
-2.450092056389761574e-01
-2.370029780291039168e-01
-8.057173210865592461e-02
-4.829285302204114338e-01
-4.299459307190401369e-01
-8.472603292819482768e-01
-1.310972872488034846e-01
-2.712952035728420364e-01
-7.344881794880433468e-01
-4.910654830907402180e-01
-2.939487354756882831e-01
-3.971893823353061515e-01
-4.932537327048441278e-01
-4.146282617262336823e-02
-9.664109550514915492e-02
-1.245331716396234634e-01
-1.793337211935904230e-01
-5.362936865458647340e-01
-4.508511952534176026e-01
-2.309264582007597988e-01
-2.927340660276241402e-01
-6.929809353127791560e-01
-4.707695065007447277e-01
-5.198950487341282845e-01
-3.632753721032995764e-01
-1.385301150003611093e-01
-2.274246304199648017e-01
1.319350806517925467e-01
8.177941939644245428e-02
-2.729735126537318757e-01
-7.433657841111390718e-02
-6.654321478555371705e-01
-4.943703974851919036e-01
-4.622332315544573356e-01
-3.156201145398332408e-01
-6.169991604878828362e-01
-5.540220830933830776e-01
-2.365778843602233672e-01
-4.170183183008303041e-01
-2.256249678307509776e-01
-2.721401276504563094e-01
-6.235931431546331005e-01
-9.914625678564853439e-02
-1.602399220080817366e-01
-1.648442209114447388e-01
-1.749812632126839795e-01
-5.528343468068013244e-01
-8.140177911968088376e-02
-3.138134504697061566e-01
2.707358861184280818e-01
-3.124808814059645834e-01
-2.034116107636845805e-01
-4.361357777094530541e-01
-4.417001313582216704e-01
-3.718698978243895059e-03
-3.999552159555049280e-01
9.072869163884739185e-02
-2.865583165494248186e-01
1.893538443881647715e-01
-7.498207248555712745e-01
-4.776893146067320850e-01
-1.726217794508149717e-01
4.702412957418035666e-01
-7.269404564060671925e-02
-3.935916507309583090e-01
-2.422537768168636085e-01
-6.862235086829611141e-01
-3.241239121806001600e-01
-2.438129264102007476e-01
-4.249001560578845038e-01
-4.748571886197905934e-01
-2.246231497975271219e-01
-2.571335018236440839e-01
-1.737543600454896642e-01
-1.666372915769192553e-01
-4.910353898455395716e-01
-5.046497947354855462e-01
-5.993604243323713554e-01
-3.797237439348646881e-01
-6.400102822948068315e-01
-2.477399063846630889e-01
2.645799256838493596e-02
-2.714277587307561412e-01
-2.219931625255982532e-01
-5.754249848683241630e-01
-1.452598220873864698e-01
-6.560089725058664278e-01
-4.437024592033549930e-01
-1.810940771590350828e-01
-4.178137025641466828e-01
2.528528050046524589e-02
-8.569745714935028680e-01
-5.027122595991611043e-01
-4.734321129538377471e-01
-2.261696805837485891e-01
-1.991346299871695202e-01
-2.058000536193920760e-01
-4.235209474811019725e-01
-3.858071394212534977e-01
-3.394768645775028681e-01
-9.198681661582647218e-02
-6.532486927225328310e-02
-5.959417713969057395e-01
-2.546824382279742616e-01
-3.783288043179849347e-01
-4.742454009655472924e-01
-8.295288538551877089e-01
-3.188791349854907531e-01
-2.796008548127849047e-01
-1.978538914174632901e-01
-4.617879398873410701e-01
-3.776322748045939925e-01
-4.123679518248022924e-01
-4.794744390639498755e-01
-2.098636955890965106e-01
-3.890624877734479292e-01
-6.397897976276972765e-02
-3.661000999636106479e-01
-3.398047525831456306e-01
-9.855423131631774192e-02
-3.334011936688683897e-01
1.307988725052475210e-01
-6.730624232630160186e-01
-3.917424316024811781e-01
-4.578483823603077263e-01
-4.955301808163672939e-01
-4.251685271303498603e-01
-2.920378053393340445e-01
-2.646647783446814395e-01
1.495851822437609946e-01
8.516458872878324149e-02
-5.067087399697861594e-02
-5.675774904805808152e-03
-6.834805144197457771e-01
-4.880446378162113796e-01
-2.276427848411413657e-01
-1.880429459029682726e-01
-6.419752124202173782e-01
8.834204198238232442e-02
-5.316402933191892721e-01
-4.096905732752956220e-01
-5.320632374850551294e-01
-2.123970445755608005e-01
-5.438795260532569564e-01
-8.385128905756400464e-01
-6.166001665980727076e-01
-2.023068490527786811e-01
-9.114434235782025162e-01
-3.198384617039207733e-01
-3.399320030482280708e-01
4.143724609906695999e-03
-2.383463157899297635e-01
-1.017642366164542289e-01
-1.270851865823262039e-01
-1.411245531718746116e-01
-5.657287551274916559e-01
-4.043845815297016366e-01
-2.001168544180563225e-01
-4.438393810769772352e-01
-3.538936238909085596e-01
-2.399809793791445878e-01
-2.396118332009825047e-01
-3.044393840740054480e-01
-4.756449504123741456e-01
8.785664208019511312e-02
-3.895486313615746377e-01
-4.523853566596299225e-01
-2.388068634611478780e-02
-2.002524736025131369e-01
-6.181272813237090880e-01
-5.870718815025637305e-01
-1.473671751067660574e-01
-5.121832102563286249e-01
-5.176432200566662978e-01
5.184747841040454608e-02
-6.719385309550607310e-01
-4.551020082712438630e-01
-3.460437637879292816e-01
-5.888411728935811773e-01
-9.560854877807983820e-02
-2.248499009131391113e-01
-2.998340936310169291e-01
-3.382493665607709254e-01
-5.553096878228253042e-02
-4.503372074427259286e-01
-2.644987266276338511e-02
-4.083541982785204305e-01
-1.647265200275148112e-01
-1.204453269792905012e-01
6.630117258332063335e-02
-8.299340096435270375e-01
-5.058656070125562287e-01
-7.108813097930419822e-01
-2.667151068496207977e-01
-3.360143397351192385e-01
-2.235710070809884820e-01
-6.383141971938727233e-02
-6.468848725037799063e-01
-1.538900556056730928e-01
-5.700904410922597032e-02
-2.812851390262918749e-01
-4.531618382898484065e-01
6.795153690634009314e-02
-5.419850946289668236e-01
-1.810005970718369661e-01
-8.637931576195083672e-01
-2.115874235626412081e-01
-2.036629751541317312e-01
-6.783779978874897587e-01
-5.748247478309420622e-01
-6.298666488672819419e-01
-2.109576716557027276e-01
2.975921656877419941e-01
-6.181003372945661489e-01
-7.762448278843386840e-02
-3.937225007438028279e-01
-9.917350081915796700e-01
8.555066114954573697e-02
-3.591425384212319494e-01
-7.646161793675685381e-01
-4.904465773955598018e-01
-1.769283356113545147e-01
-2.270622789872392411e-01
-1.204899075768826600e-01
-1.305242591626876725e-01
-6.787918423302525817e-01
7.485003486938474060e-02
-1.295386363733635471e-01
8.040570685463194200e-02
-1.572874272521436745e-01
-4.189669284955859774e-01
-2.906327091374874549e-01
-4.618752993669744678e-02
-2.130586786301518765e-01
-1.302306632509311890e-01
-5.654631752180390158e-01
-4.613265480923841033e-01
5.234073089580654203e-02
-3.722968069982895423e-01
-3.908686005113382600e-01
-5.934374564613453806e-01
6.497489729111499690e-02
-1.094883081790941071e-01
-5.830987656675934439e-01
2.741207013481842814e-01
-7.931844635146895195e-02
-2.598661009967747071e-01
-1.987693737248901749e-01
-5.212976054654316904e-01
-9.613293015886807957e-01
4.439781537484627227e-02
1.033770014043011165e-01
-3.417645629998633527e-03
5.539089184014350797e-02
-6.003310003476838297e-01
-7.545947178331968708e-01
-1.780183336344376976e-01
-4.853182816568560320e-01
5.870732406186573993e-03
-9.460008203268849281e-02
-1.718552318661328848e-01
-8.629097419684633730e-02
-1.315736516670492073e-01
-5.520728056832138186e-01
-5.006372812313846232e-01
-5.645240820636883150e-01
-5.857707001127434587e-01
2.036595907201620981e-01
-1.445438969998283363e-01
-2.612461000942408185e-01
-2.905480478177691617e-01
-5.002883737160517263e-01
-5.773616781633497119e-01
-2.724908377081374788e-01
-4.300175818524861193e-01
-2.008332393989147868e-01
-4.587989143474097142e-02
-3.858732608996580660e-01
-2.797301666732968095e-01
-3.290639267952469305e-01
-8.097757382544483740e-01
-3.106943293386029148e-01
-1.108543685866604012e+00
-4.565278603770202559e-01
1.199256650803976476e-01
-4.305370639220567619e-01
-6.155416600223095891e-01
-4.718087136826452643e-01
-3.981117498915947572e-01
2.721516535950060933e-01
-2.381670287108304529e-01
-1.344905756675883191e-01
-5.651346703952069284e-01
-9.780638600673136063e-02
-8.432688289228917888e-01
1.935465516129037389e-01
-8.252135377335645394e-01
-2.750286393501154003e-01
-7.408429702608576584e-01
-5.128234827125273121e-01
-1.537724631812520948e-01
-1.680997920744791707e-01
-4.970232497183571518e-01
-4.030600296414488803e-01
-4.658881258669010372e-01
-4.442241393501658586e-01
-4.343208549851423350e-01
-3.344529825590503713e-01
-1.029405185082966079e-01
-2.946851776735717743e-01
-1.284171900402780175e-01
-5.956528755433194711e-01
-1.287950547008845370e-01
3.120716139119211752e-02
-7.261987640405291877e-01
-2.579952065608997480e-01
-4.661804496607087622e-01
-3.120338848634661155e-01
-6.867172275615875954e-01
-2.006882385386501988e-01
-8.416054438861453324e-03
-3.588575250773585190e-01
-5.856524825054276739e-01
-5.259078014102667176e-01
-5.547276046949218831e-01
-2.693720752645885619e-01
-1.473974488378365089e-01
-2.888818295018019677e-02
-3.162797496102709993e-01
-4.927148757014810365e-01
-4.090914468969271689e-01
-3.231421963420869070e-01
-1.923516589111931574e-01
-4.668102705881503334e-01
-1.426140207403575055e-01
-5.022517408693443208e-01
-7.274797556298406853e-01
-1.989435119109939643e-01
-6.287633619061989698e-01
-3.689533048792169034e-01
-7.108240988017766604e-01
-6.287337850737323430e-02
-8.268426155223065344e-01
-3.084438669375484943e-01
-2.795679346168396529e-01
-1.688190462941930314e-01
-5.248658626333885246e-02
-6.769569058053943600e-01
-4.487159118757345078e-01
-4.780228117330343474e-01
-1.010726299779248216e-01
-2.388614141875718411e-01
-3.638022765963940253e-01
-1.309650665971316408e-01
-3.214975241319888988e-01
-6.031716130363773409e-01
-4.573565464056881802e-01
1.283300206750967454e-01
1.169273129051932592e-01
-2.189092624288347388e-01
-1.997372671029827296e-01
-7.581459952282593173e-02
-3.621129448853782073e-01
-4.987068714420357929e-01
-3.080295583015453809e-01
-1.309430782252883341e-01
-2.442859958516803709e-01
-1.918058639518105957e-01
-3.687032437003492924e-01
9.603852802082035733e-03
-3.811864924447446179e-01
-5.152739626964799591e-01
-4.806379383611383838e-01
-5.555402527222210729e-01
1.207351185350397094e-02
-4.308225195387263562e-01
-2.565854050030407785e-01
-4.792493063233470019e-01
-6.227051626502749793e-02
4.651414974520257095e-02
-3.506621618946899610e-01
-6.621912086287555788e-01
-4.751937004321403202e-01
-3.374450273209573248e-01
-1.484041165033472276e-01
-4.306523207908737327e-01
-6.600833619271893049e-01
-1.561417832420955443e-01
-2.123943362918763733e-01
-7.264880680321010864e-01
-6.355049807097263859e-01
-1.871028958671111520e-02
-3.830151250399223550e-01
-8.653180452873560080e-02
-1.633738439596688630e-01
-5.501205601770497999e-01
-1.605095053301082708e-01
-5.503179685939021404e-01
-3.963929853904173961e-01
-5.139852255213281929e-01
-1.434869970361006275e-01
-1.089685496213231297e-01
-1.846001401909345696e-01
-7.329843377934115445e-01
-5.217863098201331873e-01
-4.168435370914208016e-01
1.872633110954881608e-01
-2.735420906764436944e-01
-1.696661878924322076e-01
-4.354868330656072595e-01
-8.721866816249392862e-01
1.149507449097621481e-01
-3.748350005814385377e-01
5.760778791976617352e-03
-5.008554260618730547e-02
4.975995631282209564e-02
-1.962667327949181861e-01
-1.851386430674933359e-01
-4.600262332035112700e-01
-1.290142995378472102e-01
-4.819974043760067439e-01
-5.245063460730006177e-01
-6.909223587398877209e-02
-1.123990181673560351e-01
-9.473835355121146273e-02
-4.674881212136062225e-01
-1.415103487007277061e-01
-9.194497643266399400e-01
1.231672851420237413e-01
-4.196053295791491444e-01
-5.359186558586768179e-01
-5.423109111086508172e-01
-5.869763190036896283e-01
-6.890022516211229409e-01
-5.893003834174632694e-01
1.641804678216156055e-01
-2.716377557110321583e-01
-1.921505232501883875e-01
-1.682378851420876509e-01
-2.474337282505350566e-01
-2.033241873946960987e-01
-4.275870544418976515e-01
-3.061217819246920269e-01
8.957272618141715048e-02
-3.074733914744070540e-01
-4.643314255825417569e-01
-7.241924488335276244e-01
-3.929423029350496699e-01
-2.729717972781214308e-01
-9.708260151518871561e-02
-3.879716861071079159e-01
-1.183630845109271967e-01
-2.298933999481041490e-01
-6.419400553662097941e-01
-4.330511708478295696e-01
-5.825166962734990017e-02
-8.467280497611082701e-01
-4.787979801477147412e-01
-6.924899274827872597e-02
3.741696707623226592e-02
-3.400150538101880948e-01
-6.840469443404271210e-01
-2.276366367032750526e-02
-2.591317775351141273e-01
-1.846614178426314590e-02
1.995775311981468070e-02
-5.012253796921989357e-02
-1.540302760621057865e-01
-6.939692247862301322e-01
2.208476543401921566e-02
-6.044596016570733532e-01
-1.790624132722312134e-01
-2.226946614671062030e-01
-4.588239280721749247e-01
-2.452001672632815876e-01
-3.893527476162118028e-01
-5.769833777620587689e-01
-1.230219765835909862e-01
-1.558710817579417318e-02
6.652687729900413904e-02
1.674775894884885097e-01
-1.905769312568109108e-01
-1.458761074603951990e-01
-5.295623632678183590e-01
-1.480911576194584023e-01
-5.083375410753387946e-01
-8.100714957370667157e-01
-3.671498586927453567e-01
-4.374722113031244697e-01
-2.446868091428098801e-01
-6.695590676330859248e-02
-6.304053645109530812e-01
-3.443985154686318162e-01
-4.105613284360570270e-01
-2.817766368820114331e-01
-4.308602180112016122e-01
-5.732152629053897108e-01
-1.124966874037665598e-01
2.400445650683517562e-01
-2.377812853589139075e-01
5.386534031903117414e-02
-4.216845602526278491e-01
-8.811274306972688430e-02
-4.215684616649935657e-01
-1.024169928409049413e-01
-5.516917524603965894e-01
-5.169036018279880018e-01
-4.427584853419657684e-01
-5.873015567805901505e-01
-8.257135332750259460e-02
-4.587046096805385553e-01
-1.764276892019692178e-01
-3.369196050975032386e-01
-2.688762655332124774e-01
-3.219052381299403742e-01
-2.648579972443241837e-01
-1.323589204199682734e-01
-6.360397301285236615e-01
-1.235443579431679262e-01
-4.453780490103196876e-01
-3.245759510333870446e-01
-2.303412614103810818e-01
-2.830262565250590279e-01
-5.678705554524978716e-01
-7.747059918348537799e-01
-5.879785003034680990e-01
-1.706398091829304797e-01
-1.896889411317635443e-01
-4.917099391154562960e-01
-2.252183202914861959e-01
-3.697069611889572394e-01
-6.769030020951805060e-03
-3.167672732068252395e-01
-8.129808729912721965e-01
-3.580911837743881443e-01
-4.120035786649230425e-01
-3.475279529956166180e-01
-6.581088359786506636e-01
-4.973944747200716443e-01
-2.782084102155094052e-01
-2.563423160577015802e-01
-3.385831050120669539e-01
5.018867202984317322e-02
-3.542727244213073612e-01
-1.727596111912928500e-01
-3.789001314556431077e-01
-8.097447592615449885e-01
-4.647552853463961520e-01
-1.281488666354469452e-01
1.023447271865153829e-01
-5.711340499292743011e-01
-6.639046385282125762e-01
-2.642065389268393738e-01
-3.128781601905044618e-01
-2.403083429061934617e-01
-5.094790768627582844e-02
-5.729746580751968743e-01
-7.985006891056350975e-02
1.803000266710230171e-01
-2.204531533782057573e-01
-5.643086166787054658e-01
-3.398739504819202062e-01
-2.874499101329602291e-01
-3.612546811793131973e-01
-8.646259539881637757e-01
-3.571758363851214590e-01
-4.065253761159160484e-01
-3.916149266386566574e-01
-1.845110177851841393e-01
-2.482461929715690241e-02
2.243775026957756102e-02
-3.134145756423590279e-01
-4.716779495509340614e-01
-5.995939855342382607e-01
-1.178639053816579740e-01
-1.957392002447560508e-01
-1.923807167528904238e-01
-3.950541981949951542e-01
-1.578263933371056305e-01
-3.273355673607719063e-01
-5.709905418842251557e-01
-4.918319429833660217e-01
-3.119528761584971499e-01
-4.155861807670331864e-01
-2.319785721790573740e-02
-3.463561779745317204e-01
-1.114301935955726908e+00
-3.330929601758297331e-01
2.710216548247185164e-02
-3.765653644486915419e-01
-6.290889820847717084e-02
-6.114383607409057397e-01
5.766593533514663417e-03
-3.383609577964202253e-01
-1.359308760152840301e-01
-3.318531468150838770e-01
-7.563833515540580033e-02
-6.633283223567016940e-01
-3.666794472586585862e-01
-4.951769763555807224e-01
-1.968531017846336106e-01
-4.574378219314181870e-01
-4.264108022869375625e-01
-9.601886738509485264e-02
-2.424538070210329743e-01
-4.036299651774624686e-01
-5.780829635208886152e-01
-4.053639205536972434e-01
1.261788221635486429e-01
-3.793324434097056774e-01
-3.664385543889535080e-01
-5.524064387452658487e-01
-5.716261563647475619e-01
-2.765956705069894661e-01
-5.504422535598938460e-01
4.057408440929094473e-02
-1.725281430459273957e-01
-1.326859082085510289e-01
-3.420391068737110851e-02
2.282235651539415988e-02
-3.705869478854251775e-01
-1.831248193475390473e-01
-1.748473246962284344e-02
-3.484849416270888178e-01
-3.918474056014127904e-01
-2.416292555729780411e-01
-1.072615304742794984e-01
-2.457782514127058726e-01
-3.991583991862808767e-01
-6.287409449508456483e-01
-5.170061564251580144e-01
-3.678988316950336235e-01
4.613145416791292752e-01
-4.239947121616692294e-01
-3.167653879706998077e-01
-5.330554257979653876e-01
-7.319454624038077561e-01
-1.066912752187830216e-01
-4.501632528896029606e-01
-5.019286426843092563e-01
7.435264189552576175e-02
-7.627999958995396179e-02
-5.424627227648248784e-01
-5.854168002699364770e-01
2.718097374215519557e-01
-3.398677461984794257e-01
-4.610261733974181930e-01
-2.578723454224812195e-01
-1.828657542509302680e-01
-5.129247986979784679e-02
-4.683684570210027709e-01
-4.060170143344419835e-01
1.612802267013287438e-01
-2.094033670897351151e-01
-4.713777276079694212e-01
-2.809682398456332941e-01
-7.769417224587421567e-02
-4.190261079681972256e-01
-7.095778823500435983e-01
-5.088833499859384268e-01
-4.074261512006238650e-03
-3.086628381608780836e-01
-2.615761192190846907e-01
-4.115129621843345853e-01
-4.965338892207538657e-01
-2.855219972317262767e-01
-6.344380579911867990e-01
-3.240962088519770412e-01
8.838582484411217077e-03
-3.111292995006747497e-01
-1.855673464631420466e-01
-1.382827566156490939e-01
-2.504562250729809869e-01
-3.546078931443479854e-01
-4.248220754608139083e-01
-6.709346500902886312e-01
-5.781469918301564981e-01
-3.022725548817413732e-01
-2.637530628501250640e-01
-3.378284927733870568e-01
-5.474627004589618373e-01
-4.272263291270062546e-01
-1.326599106851210075e-01
2.417600970545658590e-01
2.370097531174474859e-01
-4.259731427131652759e-01
-5.478414410913257093e-01
1.728437786364833695e-03
-2.595228400529366319e-01
-2.496442965288854787e-01
-4.383870043852522991e-01
-7.285115922900478047e-01
-2.642367188262722544e-01
-4.707732028692999671e-01
-1.921042915951837182e-02
-4.594915408045393002e-01
-4.543703816505915705e-01
-3.780960289317155110e-01
-3.339971599699649851e-01
-2.080249478133145424e-01
-5.850282410678642186e-01
-2.956138183886492521e-01
-3.782950389611739461e-01
1.813514911456581280e-01
-4.180569259224432010e-01
-5.298171874400279258e-01
-4.439865047063063508e-01
-1.780771196778948018e-01
-4.405660758059686821e-01
-1.769047015420608937e-01
-4.689827538330502699e-01
-3.895802659897538711e-01
-3.220474068892583142e-01
-3.549514526604480857e-01
-4.042739592943474514e-01
-7.616039408221024765e-01
-3.442420328351621372e-01
-7.411299440152113727e-02
-2.294364970999649977e-01
-4.960037683546453247e-02
-3.683739445397536394e-01
-6.573024427828575433e-01
-3.815320949318566357e-01
-6.322614473272847313e-01
-5.938966559089036146e-01
-2.565356162729811040e-01
-4.217321159732035363e-01
-4.069636706040822838e-01
-4.321604901172243496e-02
-3.911305411931747522e-01
-3.910599033410276371e-01
-8.590368861164958680e-01
-6.367855317378785518e-01
-2.813465298025624173e-01
-5.521353939704796154e-01
-4.635549282403244598e-01
-8.732699372045940045e-01
-2.036064835957743235e-01
-5.899371136280646688e-01
-3.724652823071435415e-01
-5.204367267549696585e-01
-2.236447184931056875e-01
-4.187613532651642267e-01
-4.807796556686097511e-01
-3.344389957893736942e-01
-2.358512209304462481e-01
-5.283511757994117097e-01
-2.045919138620431732e-01
-6.775472562455573389e-01
-2.531122962365484619e-01
-4.295158304193163468e-01
-2.684084503140523048e-01
-3.005654199995758113e-01
-5.765915555108489521e-01
-3.290812109461041524e-01
-1.364998590624507124e-01
-3.649296335118329404e-02
-4.519702945517818926e-01
-1.145597351792245200e-01
-3.825005065393836667e-01
-2.964014152873138408e-01
-1.894795833514844596e-01
-3.285448809117750835e-01
-2.115437929524338068e-01
-4.315356892652216225e-01
-4.419069239874287569e-01
-2.363411686047283689e-01
-7.264429432515179252e-02
-5.024310645285336996e-01
-4.993119710517253673e-01
-1.751669962862086316e-01
-7.859538821959870525e-01
-2.557738721557041850e-01
7.560763273416121200e-02
-1.609096276587336782e-01
-4.085484380107229918e-01
-4.266865892858864862e-01
-5.961492037131113086e-01
-4.590514248312485557e-01
-3.031577610149268076e-01
-4.766081009879000185e-01
-2.201952470325463929e-01
-5.283579684425174783e-01
-1.101124244097318461e-01
-3.028934558082352901e-01
-7.605141590927338990e-02
-4.900706807782993502e-01
-4.267916162676291258e-01
-2.685324189913350090e-01
1.381434869676260724e-01
-5.003200193135737273e-01
-3.543259425367364934e-01
-2.562089640683536396e-01
-1.695074559448924156e-01
-6.670453628946515501e-01
-3.530318736897056220e-01
-4.078436281747639947e-01
-3.073170074468448143e-01
-5.076432656335261306e-01
-5.369602191224243093e-01
-4.752813585185263201e-01
-1.010547923836360718e-01
-5.917772498102213952e-01
-2.329751885093221397e-01
-3.909413111044597877e-01
-1.089612166567986429e-01
-6.739053299336901226e-01
-2.585327420638390827e-01
-8.901536358956058104e-02
-2.015228682435830643e-01
-6.386729326201714407e-01
-4.086656483004245666e-01
-6.979027114877589533e-01
-6.523319011150019442e-01
-1.130148502655409226e-02
-4.049967247866673170e-01
-3.644852147724229607e-01
-2.728027743906982772e-01
-1.296449562744404482e-01
-3.071475832934394412e-01
-6.377629305024794526e-01
-7.388324366649894337e-01
-5.004646182815801758e-01
-1.554908033973317338e-01
-2.213688088633323781e-01
-7.155117331686305926e-02
-2.967883691500473042e-01
-2.598113833643194703e-01
-4.001085236061539541e-01
-4.258031117549561650e-01
-3.511752909540360457e-01
5.596355775095623875e-02
-1.448724449193439789e-01
-1.396142866350592038e-01
-3.114813518612221110e-01
-4.371001349665673552e-01
-7.738103817595605172e-01
-4.381786610132985538e-01
-9.533453002974617840e-02
-4.696695182583430772e-01
-2.651561448537074761e-01
5.406006359325793431e-02
-5.871374612174179441e-02
-2.779394768269872196e-01
-3.032874182359930892e-01
-1.716853491011219313e-01
-2.576158567201117244e-01
-2.219542822586544895e-01
-5.474462387805272279e-01
3.114296699741408991e-02
-5.216040746108103754e-01
-4.150005720748848881e-01
-5.639606495728881619e-01
-5.480401798895379040e-02
-2.748868553159025674e-01
-2.902806391420332255e-01
-4.242506596015230280e-01
-3.610299133497148483e-01
-5.211167878651825625e-01
-1.339594258867227716e-01
-4.455088969699870227e-01
-3.922151190771612783e-01
-2.740120222291975716e-01
2.444312948990367551e-01
-3.813127554105162909e-01
-4.868219943065033584e-01
-4.152715136897425219e-01
-4.390975275330900041e-01
-4.774934993908855341e-01
2.376796660648622384e-02
-4.576446456855945422e-01
-6.562020371767371962e-01
-2.363599961584311182e-01
-1.416554026189432158e-01
-1.554522309193858143e-01
-4.668005523818875013e-01
-4.318786526782934510e-01
-6.101793709716685221e-01
-5.065966607945466826e-01
-3.524772477170122209e-01
-5.054558076175017511e-01
-1.234346157060249305e-01
-6.138848742688591820e-01
-1.300945030243850220e-01
-5.388215315156554830e-01
-3.910360458473972067e-01
-2.880697950552187359e-01
-2.030711603672093468e-01
-5.216868533790699480e-01
-4.617911190868136395e-01
-1.885054816128720057e-01
-2.369440265889620201e-01
-5.651679473622661654e-01
-5.964373150416624192e-01
-2.520090262772574641e-01
-2.121919678852717817e-01
-2.108635076964398558e-01
6.850493298083953908e-02
-5.325306124904476412e-01
-4.265444432870802438e-01
-2.097762040279361195e-01
-4.134128902633631975e-01
-4.028619670135858422e-01
-3.348043310186886168e-01
-2.323210083082370425e-01
-4.208639698530701190e-01
-2.819368305721395296e-01
-4.285643584310024345e-01
-3.820318506558045835e-02
-1.827650262095060207e-01
-3.691609178092041810e-01
-2.462305423687607964e-01
-9.680488350158050759e-02
-4.644895069131292353e-01
3.205170462665968278e-02
8.063379192986580568e-02
-3.910811730627413163e-01
-2.630003500005924644e-01
-5.037935220531974956e-01
-7.914245966447102099e-01
-5.359375647897413053e-01
-6.634627787616698136e-01
-1.589274496912485568e-01
-3.962302367167578887e-01
-5.042307230749476510e-01
-2.006765237699821847e-01
-2.230135734580760976e-01
-5.951756542337318656e-01
-7.001580277274652708e-01
-4.422559114722344753e-01
-1.952805797452126790e-01
-5.486905605114650308e-02
-8.489030566920292564e-01
-1.581244451842605536e-01
-1.765276431552647574e-01
1.354858599849672607e-01
-6.003178142128057226e-02
-7.290078352183582133e-01
-4.421287814760757606e-01
-2.685794621786930514e-01
-2.166963663454635758e-01
-4.124473550529939581e-01
-5.514329529184878176e-01
-4.660241089226926925e-01
-4.388695875642346089e-01
-1.319600320206473776e-01
-3.441259777439112377e-01
-3.242767229352315206e-01
-3.316467584861722551e-01
-4.127615999183161244e-01
-5.828461266894149340e-01
-4.966716721294913151e-01
-5.567742969993045854e-01
-1.497562441044713588e-01
-2.037954448581023592e-01
-2.275079251804155711e-01
-3.946462515152924788e-01
-1.734369566025547038e-01
-4.790922399749609206e-01
-4.796672844048584516e-01
8.578002907244858255e-02
1.114576196081843995e-01
3.626087966962238118e-02
-9.395105731698305540e-01
-4.866259060648521761e-01
1.133687579002179979e-01
-2.842649209984356440e-01
-6.574063558629110737e-01
-2.064456241999584329e-01
-2.688936617640079185e-01
-4.922466242146988913e-02
-8.169656636379990511e-02
-5.471883303597384618e-01
-7.025139408780103345e-01
-5.003343773916211212e-01
-3.386069079025487150e-01
-5.473919423550381858e-01
-2.210988914138601324e-01
-3.275983860481060383e-01
-3.437672253655371657e-02
-6.924538090404479540e-01
-2.607087809454041172e-01
-9.309212732749166941e-02
-3.915627064720870742e-01
-2.831905669311934326e-01
-2.798819914630717443e-01
-4.687463375770773433e-01
-2.479169670280652604e-01
-3.339502289866130291e-01
-4.397594985436553139e-01
-1.910300497138526787e-01
-2.455455375463173051e-01
-3.470071350287083356e-01
-5.574508029171032497e-01
-1.971825263110465465e-01
-3.056394699038845197e-01
-5.647721880650249382e-01
-4.691613351585429137e-01
-1.115299580472997598e-01
-7.043535708404928819e-01
-4.223751355912211403e-01
-2.159595639185636906e-01
-6.256412652986935719e-01
-4.744785267979928500e-02
-6.422158317895854118e-01
-3.219568533248762798e-01
-8.594088557388751548e-02
-4.380626455591323798e-01
-3.300853001134958498e-01
-5.079491504269850743e-01
-1.347731287465135375e-01
-4.313338696619398172e-01
-1.365062943855393507e-01
-2.704713809989454654e-01
-3.299958246025025965e-01
-4.787882265950931804e-01
-3.703536257689462041e-01
-1.624053006425288381e-01
-4.717691900018477491e-01
-9.237009229753084805e-02
-1.045783549150721137e-01
-2.661735789281932107e-01
-1.101593170802215860e-01
-3.827728373389943095e-01
-1.739830954663550977e-01
-3.905126519223008352e-01
-1.812226801682404465e-01
-5.605567280575098899e-01
-5.721064568715844567e-02
-1.134283689600051326e-01
-5.402637491773956135e-01
1.224790889659383430e-01
-6.887687567444680248e-01
-3.772816630281324302e-01
-7.564519523259299882e-02
-5.422328650224810254e-01
-3.837518204384485210e-01
2.106935304484330862e-02
-1.276686816138501990e-01
-5.456509168247873909e-01
-7.944052784062276551e-01
-6.115880798757449277e-01
-6.139152417784825566e-01
-1.079079433371111230e-01
-6.335368123373723570e-01
-7.146882265099105958e-01
-5.735927098602044971e-01
-3.750276974753369297e-02
-2.697708108642947189e-01
-2.050011935187475154e-01
-4.099578529256562853e-01
-3.299520492019785700e-01
-5.803167295416860050e-01
-1.538747995258878398e-01
-5.046847547873061224e-01
-6.600584700985874242e-01
-6.264157197737724170e-02
-3.251686498033490857e-01
-4.199104438228187797e-01
-2.986949189524713000e-01
-2.271404702292981193e-01
-5.461580384802897647e-01
-5.934326104106273370e-01
-5.544062354326979580e-01
-2.149213923001487836e-01
-2.545921439851182577e-01
-2.299740260591219276e-01
-7.484154660201238762e-01
2.149344813348358918e-01
-2.889482120362286133e-01
-2.868574700453661586e-01
5.823076761295048476e-02
-3.515093817946746690e-01
-7.217858153248468689e-01
-2.192384575561666105e-01
4.490398929788458338e-02
-1.683118534880461703e-01
-5.267293456368951077e-01
5.830811559540144406e-02
-6.281433098768975931e-01
-4.597641304043880717e-01
-7.311288771609675274e-02
-5.339302989698606616e-01
-7.655270596892731483e-01
-2.890012421683577082e-01
-2.287746849110701697e-01
-4.677143003780064867e-01
-3.662496671966218309e-01
-3.580979693870572356e-01
-4.592813320232776442e-01
-5.336147957850276846e-01
-9.390504305887908965e-02
-5.354174633516533000e-01
-3.471116507404664042e-01
-3.578689961855344159e-01
-3.311316306403112031e-01
-3.544967527910647953e-01
2.364515657070742072e-01
-1.833509716170707571e-01
-4.547535246191825586e-01
-4.893472381259163506e-01
-9.096450822031393324e-02
7.136830034088104124e-03
-4.583848587309842793e-01
-2.520458827127894375e-01
-2.445557534359932839e-01
-1.797774078519421281e-01
-1.621358099776562534e-01
-1.474501597081894766e-01
-4.145621801748516355e-01
-1.242311185472667057e-01
-3.330555650937268575e-01
-4.606308088326974137e-01
-4.394771502944015418e-01
-3.938347840889427909e-02
-1.279373169489735340e-01
-3.459981553779029606e-01
-5.713033895953398833e-01
-5.432443221752945028e-01
-4.924403220599101183e-01
-4.905566874474094896e-01
-6.927157354993238592e-01
2.092037468697642288e-01
-4.984278207006523354e-01
-1.422669975440525314e-01
-3.958700816031109349e-01
-5.746816352820123264e-01
-3.857130479042223947e-01
-3.184518423772649265e-01
-4.691147452620599290e-01
-1.656358867275398716e-01
-3.490090381212956339e-01
-1.098330358904041071e-01
-3.471923158980439461e-01
-5.181266823397128185e-01
-2.492534440862255729e-01
-3.671097792248017577e-01
-4.301279002641860694e-01
1.952254988435301875e-01
-5.906610590239762537e-01
-3.929258309237622648e-01
-4.917708026268124422e-01
-1.337207689026703172e-01
-3.558876028541751446e-01
-1.924281562286550007e-01
-4.122165203863344396e-01
-2.723872566847345689e-01
-3.945446447453063166e-01
-6.182463864296185996e-01
-2.558427559726231260e-01
-3.411894000450571007e-01
1.741065220465744523e-01
-3.138411972942188322e-01
-2.400334581669310574e-01
-2.861200631150394025e-01
-5.675985060773531821e-01
-2.681949827703076772e-01
-2.743045070026295940e-01
-7.654986109459166466e-02
-5.838507516891806581e-01
-5.799862347092177295e-01
-2.520437966669289431e-01
-7.599053548265586322e-01
-4.097900465240163492e-01
-3.630418602842132025e-01
2.798825541711766340e-01
-5.987219113269408588e-01
-7.611121922782868587e-01
-2.444931065777749546e-01
-6.432614701532881618e-01
-2.336740923199199238e-01
-1.592688050983981918e-01
-3.586643946989168108e-01
-6.158229355371820368e-01
-3.273474155395175722e-01
-3.061649600126626347e-01
-3.637397769910753476e-01
-1.765304565023311789e-01
-4.115071479697190449e-01
-4.234466982196747886e-01
-3.699786143885793188e-01
-2.424560955717507960e-01
-2.997923162676872644e-01
-4.897924926568362758e-01
-5.286513978983414797e-02
-1.932501350947384844e-01
-4.191922977223733193e-02
-3.311256495872610395e-01
-2.149841361167160181e-01
-3.319396505879451120e-01
-2.777637650883809095e-01
-4.226347242993822584e-01
-2.416689687935727471e-01
-3.009990215953633474e-01
-2.779375572525802363e-01
-5.917289162073875453e-01
-4.652773332607265666e-01
-1.241872093076109018e-01
-1.381939990317174183e-01
-4.875942143165379883e-01
-4.612989005846733215e-01
-2.565202869310523881e-01
-1.509028916707220724e-01
-7.477942412805710370e-02
-1.117338597184454607e-01
-1.002847601126216626e-02
-2.383094702905049211e-01
-3.065841430262961631e-01
-1.660239381880158072e-01
-6.364363982771519268e-01
-7.128787418640364359e-02
-4.386899126394241955e-01
-3.702902481700403592e-01
-4.722478925513056702e-01
-3.830623187692877019e-01
-3.155190407709339007e-01
-3.862977920141506538e-01
-3.886775833815368508e-01
2.781639906362037840e-02
-3.931357103743260972e-01
-2.874965295670120491e-01
-1.279991184296727647e-01
-2.397118711440816008e-01
-1.179997290858812442e-01
-5.340452030833398034e-01
-4.571601301739396939e-01
-3.209430639468072166e-01
-4.187951101807710352e-01
-2.650647071278951494e-01
-3.235075599418785197e-02
-3.846730665030838048e-01
-1.995414900145467407e-01
-5.615057804319829593e-01
-4.305823075601505900e-02
-2.085579124298573839e-01
-5.554067275867109466e-01
-6.627764709298102908e-01
-1.687315783406160841e-01
-7.736639969747156620e-01
-5.504893948958593519e-01
-3.694722591047293059e-01
-1.764290277103595650e-01
-3.619938813822441426e-01
-4.454011722492166592e-01
-7.805846216236084212e-02
-5.144741847076947927e-01
-1.253501722327397538e-01
-2.634742635775287334e-01
4.561350028356286890e-02
8.673066206889185059e-02
-4.658587053211964979e-01
-3.998372591526302977e-01
-6.991496412294090357e-02
-6.620297943709246846e-02
-3.405087040794048669e-01
-5.524708361885299901e-01
-3.719140359857751599e-01
-6.508471334409429154e-01
-1.531854442074345735e-01
-1.959369123961392511e-01
-6.283972367749020016e-01
2.311250533435632581e-02
-1.845163398651306630e-01
-3.151315965255575002e-01
-6.597977492108637598e-01
-1.776979453196046443e-01
-1.295019421007280180e-01
-3.419939543022346151e-01
-6.023653456358855074e-01
-1.106724881905703506e-01
-4.004526420490575611e-01
-5.349296764845683505e-01
-6.940185550724646824e-01
-4.523777447068906832e-01
-5.400488533830167803e-01
-3.075686234905288807e-01
-3.103091849933120039e-01
-4.235213481921716316e-01
-5.415867058286463198e-01
-3.718853301911875797e-01
-4.964682940287237778e-01
-3.605278597040713628e-01
-4.843928267854953895e-01
-2.304413506187637517e-01
-4.152680150811290383e-01
-4.679447448755671979e-01
-4.658628305215911092e-01
-2.821335267414047387e-01
-5.746873775318417366e-01
-5.360095549486953992e-01
-2.428765928108416738e-01
-1.262172668145687404e-01
-2.740143180422021651e-01
-6.696106945092279439e-01
-2.158304730215872547e-01
-4.980761490691106297e-01
1.103449906988129836e-03
-2.462177183540298353e-02
-7.667768754050041657e-01
-3.558958553802687441e-01
-3.723811942050053170e-01
-5.232817412629899856e-01
-6.441979759572231679e-01
-3.301082235930601905e-01
-5.424340986372446771e-01
-4.224991506324369817e-01
-4.467445609259007022e-01
-5.327616630261897690e-01
-3.818959184428619147e-01
-6.374223113618211478e-01
-4.859094109262538930e-01
-3.236433799452922977e-01
-2.899494473119799687e-01
-1.203223649476439783e-01
-8.527146003615908576e-01
2.038996557342502292e-01
-1.375797523286093615e-01
-5.367097189704321814e-01
-1.657129223819500674e-01
-2.711319452246070960e-01
-3.042768867583914294e-01
-4.447017849224637609e-01
-3.260127726464419617e-01
-7.737209118366945582e-01
-6.118257609268238362e-01
-3.308333530549885659e-01
-2.668166632307494290e-01
-5.553626755770477708e-01
-2.457753391847146696e-01
-9.377072645763867564e-02
-4.691942136648435402e-01
-5.935760043318762946e-01
1.855146940447939818e-01
-2.581489789107683230e-01
-9.968191627873373983e-02
-2.561541848199131999e-01
-7.223625580116359579e-01
-1.248234834820576844e-01
-7.557837277880402604e-02
-6.153268805322977819e-01
-4.692951378629258152e-01
-2.283630557724234955e-01
-2.965309528446736231e-01
-6.070978650552132372e-01
-5.933441514585706678e-01
-5.227964297520313330e-01
-4.022743298375358045e-01
-6.770697236303573341e-01
9.388287141841139549e-02
-2.079653842124114527e-01
-1.705951720987042841e-01
-4.117112695768452846e-01
-5.024508916880319198e-01
-1.173070745230977985e-01
-6.079251953272160058e-01
-3.205009224467799123e-01
-4.163673900819700457e-01
-1.112436922357500912e-01
-2.772869126575750465e-01
-9.480115058167065678e-02
-1.979142337376669780e-01
-2.119802524143588607e-01
2.050150386704134575e-01
-5.576628403827510461e-01
-5.582425962904342676e-01
-2.297283397379926151e-01
-9.556215983199722874e-03
-4.634243796825754935e-01
6.277399336284567033e-02
-2.014245608027747658e-01
-5.728943808792448245e-01
-6.124962264196348594e-02
-4.528153326715878557e-01
4.632277891347624799e-03
-3.524410417437882637e-01
-4.031399825038986529e-01
-2.747772169689111643e-01
-2.591668838836481137e-01
-2.888271333582648759e-01
-1.940323354344078433e-01
-6.768377772076450416e-03
-3.318046454635675269e-01
-6.340320899453542047e-01
-5.281677911386464253e-01
-2.245356288305414005e-01
-1.743661185789383006e-01
-6.419384478623268997e-01
-5.621866391877589075e-02
-3.055115986176245024e-01
-5.971673221945086318e-01
-1.339139392637159198e-01
-4.632001084393171930e-01
-8.967989566546613611e-02
-5.074908477775097460e-01
2.721294677723695710e-03
-1.307170224586938212e-01
8.011643476067881187e-02
-4.502085010751853411e-01
-5.114181972923614872e-01
-2.281611726724262490e-01
-5.464917399895036221e-02
-6.962696092701894379e-01
-4.453156981213851617e-02
-2.464045167245001999e-01
-4.404957222670629613e-01
-3.891595579299048091e-01
-4.709179155867287414e-01
-1.259356137174144630e-02
-5.738229541134082234e-02
-2.941508175540669123e-02
-8.575354939950280420e-02
-4.983867439332710370e-01
-3.421147473609474354e-01
-3.530717636622822675e-01
-5.338119153936280448e-01
-3.732856172607879608e-01
-2.223433872855876126e-01
-1.276418163548532214e-01
-4.832210748885086837e-01
-4.571141513215733476e-01
-5.126507707945155978e-01
-1.161714473866309327e-01
-5.775973735093207218e-01
4.991461609777253505e-02
-5.083840826163634752e-01
-2.412571139785951169e-01
-2.767253440716613277e-01
-4.217756765239824568e-01
-4.668183921513571755e-01
-3.015279461770359881e-01
-8.417760650874979156e-01
-2.427291013195618796e-01
-3.275311052618375407e-01
-1.895482687913713216e-02
-3.733969286702430446e-01
1.647735544409213992e-01
-1.082099915349351016e-01
-2.759850167903584173e-01
-4.493339834118726395e-01
-4.024877238098523713e-01
-1.582744597561256961e-01
-2.931716660715229517e-01
-1.564342018729588113e-01
-2.736943094393287645e-01
-4.179444438944313611e-01
-8.161861844522175780e-01
