-8.664607274191475916e-01
-5.903601339332316122e-01
-2.538448576017669489e-01
-6.147769468823196526e-01
-6.328345603881513348e-01
-7.537168888464660377e-01
-4.398935804980195763e-01
-6.994071115319830945e-01
-8.415453636053595865e-01
-2.093926690932233492e-01
-6.303766510099859666e-01
-1.028280578491135078e+00
-5.441337422673844237e-01
-6.978111360350394143e-01
-6.780275135224482774e-01
-3.260577026041713844e-01
-6.016568835536486581e-01
-9.407315322529119506e-01
-7.082794533019804994e-01
-8.075676826154247756e-01
-8.703470063392342304e-01
-5.037485305036963901e-01
-4.488038415828766170e-01
-7.816190896172128255e-01
-5.189187970317878928e-01
-6.042710394876178448e-01
-7.437856331678429633e-01
-5.986348579563238737e-01
-6.153174048247973538e-01
-3.422471835362058123e-01
-3.494484923503145546e-01
-6.066230720855085856e-01
-3.183457454537551023e-01
-1.001993869491034861e+00
-7.444049936093191100e-01
-5.389134604809222573e-01
-5.714791305846529390e-01
-6.275573926265036739e-01
-9.265806274620271843e-01
-6.332169284523527786e-01
-7.710977648541299523e-01
-7.610215616147653073e-01
-7.680039858332361469e-01
-6.005752493907334788e-01
-6.613110581797383425e-01
-2.577208604903167832e-01
-7.248446866805733357e-01
-8.154292665311158039e-01
-7.245052008801846632e-01
-6.516329060192966871e-01
-7.721761083290386019e-01
-5.440931299310851621e-01
-9.407322237739994542e-01
-8.711927774184364814e-01
-5.662028796560432120e-01
-4.971173609571093999e-01
-6.736530582042061788e-01
-5.013632212185208381e-01
-1.018858579938357156e+00
-6.997842519122099425e-01
-5.051170572346745935e-01
-9.076618095273585318e-01
-5.547224956752256908e-01
-8.023570413360201492e-01
-4.827805471968287798e-01
-6.745350213512026905e-01
-8.949986182251845612e-01
-2.587038072601229310e-01
-5.926735325117662434e-01
-3.723151068311918999e-01
-5.550758675620426352e-01
-7.612881766327004307e-01
-5.780103047447657794e-01
-1.474223158882038143e-01
-6.181116562476245413e-01
-4.827481169924544013e-01
-6.745251201478983383e-01
-4.282338272744739549e-01
-4.122801844625177403e-01
-8.017269099988877379e-01
-8.083427722066045540e-01
-8.535740683572261567e-01
-4.391704923398874194e-01
-1.160331603878053119e+00
-4.181342434263056185e-01
-1.750680901528452460e-01
-5.067202587938166580e-01
-6.829693902100157921e-01
-5.489189190120851158e-01
-6.057976091157155629e-01
-5.035592293284598675e-01
-7.659658914696234611e-01
-8.957207388523724667e-01
-4.250171301939472124e-01
-7.624946459408090682e-01
-6.103408167363508774e-01
-6.799979858073084138e-01
-4.405292611534120106e-01
-4.824143356020838547e-01
-7.007202270277201883e-01
-4.428388056853163612e-01
-6.492555326086475453e-01
-3.778900386812834022e-01
-5.003445664460179909e-01
-2.581595261136340747e-01
-2.625915514988475530e-01
-6.912819187325394132e-01
-4.130910009242013126e-01
-2.471176794040599867e-01
-5.565689262925173075e-01
-6.506815700388384194e-01
-5.151753893155626152e-01
-8.154944490603921459e-01
-5.282490074111305667e-01
-7.513136187821056744e-01
-4.342219605941122773e-01
-4.193569002012905167e-01
-1.006776510433379901e+00
-5.274405755057789413e-01
-5.651933614637720815e-01
-3.735198982495693820e-01
-9.052158000258114789e-01
-4.413538413119551529e-01
-7.835969094845549598e-01
-9.097845136876601124e-01
-5.894261851493891591e-01
-6.217069673413022635e-01
-3.083841633827515971e-01
-3.320381528657106451e-01
-4.661305504171271985e-01
-7.082187970718645253e-01
-2.707178287457901456e-01
-4.628608552382016961e-01
-5.644444789549187824e-01
-6.471491942152236554e-01
-8.279437917409961933e-01
-4.393577821782846393e-01
-6.614246393897365017e-01
-6.550713586976049108e-01
-8.275925563387116490e-01
-4.714089255117853150e-01
-5.731031829286803436e-01
-6.231293322779838384e-01
-1.106537643982282493e+00
-6.648760183851334382e-01
-7.946207002906882089e-01
-3.223205536264229232e-01
-6.798708101818431437e-01
-9.704789899993468971e-01
-1.075353415474643359e+00
-5.736843582286081933e-01
-4.932502426921830385e-01
-8.954730379337658697e-01
-6.348908248140863186e-01
-7.774841764620394891e-01
-3.833638817591738523e-01
-7.864787925109735234e-01
-8.811970858465376644e-01
-5.280601596182692425e-01
-2.687863680451206272e-01
-7.041594323196567196e-01
-4.540416469272057776e-01
-5.345986734993926071e-01
-6.650098697146842319e-01
-6.039355640740216025e-01
-6.513996838298159453e-01
-5.803390692597756306e-01
-5.381236288872526252e-01
-9.659592665708953696e-01
-6.307730333788161836e-01
-5.830007626055544456e-01
-5.341423084554617340e-01
-4.195811495401398639e-01
-8.043952777687279898e-01
-6.376283421344735025e-01
-7.694687722003838992e-01
-6.657942312443627664e-01
-4.506577937544669621e-01
-1.114304800524504646e+00
-8.174519552042451842e-01
-4.352886638107898443e-01
-5.679520516945513187e-01
-8.381824117329625956e-01
-5.750738484891173563e-01
-5.289680918134682663e-01
-1.112629750101629345e+00
-8.673814437851885550e-01
-9.491776056301337583e-01
-7.006587219240398845e-01
-3.738038792936576038e-01
-5.501273236867416649e-01
-6.218627799951090829e-01
-6.252333987828433415e-01
-5.666060899990594812e-01
-4.112795248416430405e-01
-4.878520315708248511e-01
-5.592101473567052672e-01
-5.140323931565942139e-01
-5.094345915999096697e-01
-8.510357235927767938e-01
-7.275066545004098550e-01
-6.584676573398700050e-01
-8.981236280577573616e-01
-2.455862532364006534e-01
-6.708290418192146554e-01
-3.856161469328581171e-01
-6.890511282567115536e-01
-3.456029770802229728e-01
-7.693838318959049793e-01
-3.684303551398327436e-01
-3.518789029183762573e-01
-6.919322429680581088e-01
-7.598234063915829672e-01
-9.242581735828747647e-01
-6.732552360554220350e-01
-4.716533383271337976e-01
-5.641295764503770904e-01
-3.635820226267446054e-01
-6.225494044856429987e-01
-4.424306301850121081e-01
-7.098064806286967787e-01
-8.147946972918167496e-01
-5.172205827379454668e-01
-4.462286751973417176e-01
-6.982358389156613221e-01
-1.159004778168807537e+00
-9.661449925586294007e-01
-6.202743399139092340e-01
-2.459410243492113346e-01
-3.842865955425805446e-01
-7.269057113334693732e-01
-6.646043324274839570e-01
-6.067367593791357372e-01
-3.858391077982444295e-01
-9.337562708973448089e-01
-7.527798339684790285e-01
-7.292560937355792028e-01
-8.644825474401014453e-01
-9.668212923232180067e-01
-6.765728559478785265e-01
-6.205313223862565231e-01
-6.087035131154139300e-01
-6.241132011611836283e-01
-8.300762810534547675e-01
-1.103428887157015703e+00
-8.717345485225007629e-01
-7.764971845563306552e-01
-5.744346386637642077e-01
-6.689306370056233852e-01
-7.136814267794489020e-01
-6.464241406675950152e-01
-5.393934644730902228e-01
-1.044659395943867697e+00
-5.568649464301000940e-01
-6.130428398988851946e-01
-7.475289140250080955e-01
-5.490746718505268298e-01
-9.606242715421484668e-01
-8.572687007461152753e-01
-2.473235366824533821e-01
-5.039512177478369104e-01
-6.128487035036838115e-01
-8.604151148839780383e-01
-6.324803523312820808e-01
-2.713322970982444127e-01
-9.278892993270742018e-01
-2.068403074198604252e-01
-2.232207967189379638e-01
-8.336320135791486230e-01
-7.156395352932478637e-01
-9.250700490992156411e-01
-3.725094194396701419e-01
-4.186215334829240242e-01
-6.268309863087329070e-01
-5.249344355079625934e-01
-6.315556763412115693e-01
-8.593901076128074301e-01
-4.344723643510702282e-01
-7.116032718231264376e-01
-6.349601144281575849e-01
-5.236331625727435046e-01
-4.156627024383259816e-01
-5.767080152054089304e-01
-5.730340799789748196e-01
-8.515831899481409728e-01
-4.551743872204157548e-01
-7.644042537971125206e-01
-5.345763109567625015e-01
-3.074873541503080898e-01
-2.988144600228506698e-01
-9.281063120830155277e-01
-9.187938146039198450e-01
-5.163546885918148810e-01
-4.686203966180078617e-01
-2.076483512761933548e-01
-8.556816620141245444e-01
-5.457304734278953795e-01
-6.702759291172992739e-01
-6.201664398379560517e-01
-3.972186157060409450e-01
-6.612521291128072853e-01
-4.022538316427853311e-01
-6.531829646470268536e-01
-7.654606353234965077e-01
-5.731380320403443029e-01
-6.208558145457456767e-01
-5.886257378575803223e-01
-4.631688430610592655e-01
-8.540246128981832108e-01
-4.624272858700604893e-01
-5.229456671454717487e-01
-6.787647429318295345e-01
-6.048427160986311613e-01
-4.313047336285760758e-01
-8.124399095831091877e-01
-8.674310490894652226e-01
-9.548702144113545565e-01
-5.951210429436639693e-01
-4.030003897945140801e-01
-3.538463939031922245e-01
-6.870037283322480981e-01
-4.514950161917679616e-01
-6.235134646645197343e-01
-4.254411170344921111e-01
-6.259867586611638224e-01
-6.717549466746608466e-01
-9.375102461955262534e-01
-1.544994555243062728e-01
-5.184668734374722199e-01
-6.641776003890069724e-01
-2.121758394244862012e-01
-5.985836366589585289e-01
-6.509899754988848208e-01
-2.972585420650131760e-01
-4.937168827843093077e-01
-4.351931169713557090e-01
-8.127089977831514211e-01
-5.326952426926507833e-01
-7.219007739836507120e-01
-4.034103326299854353e-01
-2.063551151431988750e-01
-6.692412579596518363e-01
-7.092017001326924586e-01
-9.245308093379347447e-01
-1.066748700269972705e+00
-7.312038459932179713e-01
-9.850468936432830169e-01
-3.669934026062731669e-01
-5.710236244127568916e-01
-5.587995548028072967e-01
-6.478817242911820706e-01
-7.469541787676701183e-01
-1.624824360813091340e-01
-5.623275357159482901e-01
-2.813115538145650185e-01
-5.050654708967994289e-01
-6.493718682657392272e-01
-6.592406686564840079e-01
-7.221595552984294564e-01
-5.776194384860020570e-01
-8.989223517147704179e-01
-8.661295619400246615e-01
-6.168449374527082973e-01
-7.154318470095089033e-01
-6.362153880441518972e-01
-1.193869344279371081e+00
-5.663923131242403208e-01
-7.568961341918805097e-01
-5.197476700843854935e-01
-5.901136363004479968e-01
-3.701562942804126899e-01
-5.533212454430658234e-01
-5.881363344280186034e-01
-6.288469889173922134e-01
-3.517465619481297545e-01
-6.251177702145693793e-01
-8.905420356323507924e-01
-6.832471758386131633e-01
-3.370124670223516028e-01
-1.102660863858983209e+00
-6.573083529762624444e-01
-6.161519705006566205e-01
-6.586367692630159532e-01
-6.749590985063709248e-01
-4.898718299044380609e-01
-2.644965130630692607e-01
-4.546396884237720593e-01
-1.042605017430116465e+00
-5.731198689326753026e-01
-2.710456690313348127e-01
-2.468625830510409735e-01
-5.031471330671277720e-01
-5.300638223911247060e-01
-7.576803593913301604e-01
-9.951434702328438853e-01
-5.624781493295167856e-01
-4.250958257263915407e-01
-4.238972478340632954e-01
-7.777344460847221974e-01
-4.879383586757631286e-01
-5.356350998548120579e-01
-5.964251408025451617e-01
-5.167810400793375614e-01
-3.347170363549350491e-01
-1.826752955262063716e-01
-5.677770894237785804e-01
-5.455882848883075731e-01
-4.843419213382814115e-01
-6.079175398167007138e-01
-7.661911415684561355e-01
-7.010338371275364189e-01
-5.774191486826443231e-01
-7.722965567218484928e-01
-7.509098020497346759e-01
-1.731453029616898953e-01
-6.157653012963320016e-01
-6.891623769710659708e-01
-2.429715828246324372e-01
-9.235729702808659347e-01
-6.121687681210556953e-01
-6.221127033698263809e-01
-4.648591780834548381e-01
-6.794418734258340642e-01
-6.269928740128425382e-01
-5.089822954418949941e-01
-4.263945247872774069e-01
-5.246053396045806672e-01
-6.563934670776032654e-01
-5.489292931850724422e-01
-7.179931775194980936e-01
-5.421587540122954074e-01
-8.280025709401823697e-01
-4.845699207201446534e-01
-8.055820097319039697e-01
-3.105006919991138425e-01
-8.480796063484246083e-01
-8.411363482156883897e-01
-6.977804013567667774e-01
-5.379221051382612195e-01
-9.626372308645341214e-01
-6.302550834322677709e-01
-7.067090109295119937e-01
-3.516198973304836550e-01
-2.722504851636605161e-01
-2.626581547071898393e-01
-4.038741536891810591e-01
-9.822536366403551433e-01
-8.450614467129429208e-01
-3.190638508777899340e-01
-3.861042094514855472e-01
-8.789546015324174455e-01
-5.165068896251807651e-01
-5.431613919221622844e-01
-4.158855993670270146e-01
-4.269270801726965936e-01
-4.084776610086132131e-01
-6.482984527287496412e-01
-6.820407851080472206e-01
-4.653248432093773368e-01
-9.734145287407387492e-01
-6.669102386311149822e-01
-8.628857146294213187e-01
-8.105420416878570400e-01
-8.860926294329325437e-01
-7.823943314158658957e-01
-6.637704864982549857e-01
-4.534265006728870895e-01
-6.903587261179109369e-01
-7.086063375833373534e-01
-8.545333185924346431e-01
-5.616436009805210183e-01
-5.758851344139803707e-01
-9.630314226547551648e-01
-3.211980005268313954e-01
-5.085357695204746342e-01
-3.773060222987366097e-01
-3.685436993759876878e-01
-7.053333506616970006e-01
-3.921053646679380500e-01
-4.304888892424654778e-01
-2.901733979769152705e-01
-5.346158546289925262e-01
-7.157728361280288887e-01
-8.924411592704690754e-01
-8.217841974809521055e-01
-6.727628494644801727e-01
-8.294760856500258406e-01
-4.317894927339236966e-01
-6.400626038808181484e-01
-6.389226692154434950e-01
-5.587194278777336542e-01
-5.627350368640660072e-01
-3.122065798052458541e-01
-3.862835231009183468e-01
-3.603233832165977923e-01
-7.904013931279547656e-01
-6.589819404159737992e-01
-6.233798680293856087e-01
-1.021450849753794632e+00
-2.547086627149295901e-01
-4.394458611835508344e-01
-5.444391030040773849e-01
-7.948131216481724159e-01
-1.172755923521446864e+00
-9.297941488392500453e-01
-8.841947404734722404e-01
-5.145401599995804709e-01
-5.950158295843448464e-01
-1.077826000073879076e+00
-8.589171795693144595e-01
-7.939310894816462572e-01
-2.691115684799468277e-01
-5.863145747207139102e-01
-7.305838358805272215e-01
-8.510362714014942931e-01
-1.042278440266733330e+00
-7.217806031919526966e-01
-4.525410531959904170e-01
-8.582170418991243999e-01
-5.905747624504695814e-01
-5.807653654613624816e-01
-9.278808746006110830e-01
-9.290020812632318048e-01
-8.493852944326971688e-01
-4.054638486342825865e-01
-6.433970969633340253e-01
-5.872537267930124649e-01
-2.215390916881543881e-01
-5.450990875525687507e-01
-5.308014189602485722e-01
-6.797876170479963953e-01
-4.331558796927024724e-01
-9.446897687878537120e-01
-6.906975189830828477e-01
-6.206490473741408387e-01
-6.797811383320859768e-01
-4.108637752526270170e-01
-6.840462787314263160e-01
-7.772911477069688324e-01
-8.943855311058119817e-01
-3.001582650418269105e-01
-7.716973215002806974e-01
-6.121297179636582264e-01
-3.151322337886993119e-01
-3.663222586977040174e-01
-6.971365327238943088e-01
-5.532074457745221885e-01
-8.525552055120368955e-01
-5.851617814254947980e-01
-9.020189099051987291e-01
-8.231499943541575881e-01
-6.567064405236462399e-01
-9.128463524572372201e-01
-6.968999955350452247e-01
-4.430094898873134235e-01
-4.592334501299225047e-01
-2.360218851204263779e-01
-7.569597883616467904e-01
-7.414807482933238880e-01
-1.002553093253322647e+00
-3.027278649098659735e-01
-6.510246703439377391e-01
-8.005044356533557171e-01
-8.901313379880844145e-01
-6.904751385496372684e-01
-6.896468918901850209e-01
-6.303279512561776876e-01
-3.359144910166418918e-01
-3.827547079792315565e-01
-4.383776647660764803e-01
-4.641948511168192959e-01
-8.516095631939930577e-01
-6.800439037268373177e-01
-5.092455515872313931e-01
-5.196573983391954421e-01
-8.654413127692248686e-01
-7.291197985213675459e-01
-7.605675708092296539e-01
-6.442663608865868419e-01
-5.053160854513802924e-01
-6.969118703808914184e-01
-2.597212092839888409e-01
-2.141365678079104051e-01
-5.208794059268595511e-01
-3.702477958614527886e-01
-9.463945908493056614e-01
-6.964539263792279833e-01
-7.115299863395212476e-01
-6.620183875243488281e-01
-8.642124553666303832e-01
-7.405366892888705088e-01
-5.225716479951292293e-01
-4.732105759970691161e-01
-5.550042050404582206e-01
-6.480980193247174448e-01
-8.345270384924359242e-01
-4.978203710100257973e-01
-3.757095487224480501e-01
-6.138079317341262886e-01
-4.541766608145088591e-01
-9.317409773075522317e-01
-5.501353068846062122e-01
-3.658217938554569337e-01
-1.731894011723392190e-01
-4.868748189397150150e-01
-5.058694675602208868e-01
-8.465725715106349192e-01
-7.708336879568844502e-01
-3.133245300698744296e-01
-6.860149012579666028e-01
-4.118713409390549196e-01
-6.573728844509862945e-01
-1.774744471223362319e-01
-9.270224553021120251e-01
-5.540539844773317846e-01
-4.910353697410490548e-01
1.225254079213899394e-01
-5.308676867315864634e-01
-6.361208561959199592e-01
-3.626409903288672631e-01
-8.578903238305071177e-01
-5.059046519816701171e-01
-7.187207070029306699e-01
-5.695773703914537300e-01
-5.599624700102876496e-01
-4.983677827058739518e-01
-5.560437848115342696e-01
-3.914746567777852015e-01
-3.652594624744983087e-01
-6.766347800646070887e-01
-6.469124092859037667e-01
-9.157204522040953698e-01
-6.061768386366748196e-01
-7.832768761066657426e-01
-5.121165641285867487e-01
-4.814058890401154422e-01
-6.165847051544415258e-01
-5.984927643691322352e-01
-8.305020074909106320e-01
-5.489274883491401802e-01
-9.567594983044149792e-01
-7.628357574457322876e-01
-4.700705848096942696e-01
-6.327986488551435862e-01
-5.043432792028039735e-01
-1.084676139068925682e+00
-6.344090962509878473e-01
-6.427550940841730842e-01
-7.764898554193817581e-01
-5.778122485060195324e-01
-3.386819841084123817e-01
-7.702836355003275237e-01
-7.382223071605626963e-01
-6.541291034008307470e-01
-6.729774747534063017e-01
-3.185468318477338578e-01
-8.875156093338998353e-01
-5.788076129192636365e-01
-4.589858807441627442e-01
-8.082768722860333988e-01
-1.203767327447601065e+00
-5.855855281976798388e-01
-4.558755664882175318e-01
-5.808005081384917112e-01
-8.405873082748311909e-01
-5.837066145787983551e-01
-6.302575370769258889e-01
-7.759735163780878686e-01
-5.731617458006934562e-01
-6.896683192975285870e-01
-3.609237259524076813e-01
-7.972916948019208583e-01
-7.301488645273050970e-01
-3.510105540725061979e-01
-5.551482504564035914e-01
-1.339355837794662940e-01
-9.212020549364550170e-01
-7.062841660801244537e-01
-6.904138078531016909e-01
-7.043709690038117976e-01
-7.206555372019605166e-01
-6.250788234072222060e-01
-5.099667068140978365e-01
-1.552752648894900056e-01
-3.572724256827695677e-01
-4.349877051583921905e-01
-3.453180906694553465e-01
-9.419200740511155523e-01
-8.455741918328620876e-01
-4.833256216267228234e-01
-4.335368953384813318e-01
-7.938052875319923096e-01
-3.185823298103014900e-01
-8.292870896756920907e-01
-8.034390541583005252e-01
-6.841490808428365433e-01
-5.697492448353718153e-01
-8.257020541394521906e-01
-1.125478519257722798e+00
-7.570822276206397028e-01
-7.329152490826837951e-01
-1.367437647357473640e+00
-8.458407161992451684e-01
-4.665391814716835506e-01
-3.052113185350263103e-01
-5.264818015249130845e-01
-3.996165672829553039e-01
-4.851251574842537218e-01
-2.806630841411502097e-01
-8.265708548951065104e-01
-5.544086060192410237e-01
-3.571894505063118452e-01
-7.586054249718832132e-01
-7.115893280173080093e-01
-6.328370121886490729e-01
-5.132098330982022283e-01
-8.609016854882907133e-01
-7.232136034411671410e-01
-1.984143746262270747e-01
-7.373221724112934972e-01
-7.605779944906143619e-01
-3.188922084453449934e-01
-4.838657038130756427e-01
-9.831251621098862081e-01
-9.906675020610262727e-01
-5.979537594929671407e-01
-6.852241492710828830e-01
-8.312558236244425025e-01
-1.235634712546880842e-01
-7.130725826537518408e-01
-6.497262008328488214e-01
-6.273296049232155447e-01
-7.993258411913761741e-01
-5.561848376239937330e-01
-5.305495781820153134e-01
-5.078585788823883895e-01
-6.298770561983784155e-01
-3.148197551105665348e-01
-7.268866835351670552e-01
-2.887760725951947216e-01
-4.889712046891686037e-01
-5.033665658418873257e-01
-5.338961753523219222e-01
-2.175006803056072635e-01
-1.095714928638532815e+00
-6.397266051869974213e-01
-1.045146272801578125e+00
-5.608418444124265712e-01
-5.734030081095977671e-01
-6.041315880794440041e-01
-2.730723904889296727e-01
-9.686385384723519287e-01
-5.030876428222952335e-01
-3.901926044368236313e-01
-5.857114943546517516e-01
-6.848517612388929088e-01
-2.494124588431910206e-01
-8.115000155142522154e-01
-3.534536746921124739e-01
-1.148929117314761772e+00
-4.009439011354421489e-01
-6.401594882976699985e-01
-9.617608972409592560e-01
-8.735956742707711165e-01
-8.049902888759601360e-01
-5.719518684836626399e-01
-8.172014077471040361e-02
-1.038691197777171116e+00
-3.973987625338222807e-01
-7.685643111761746304e-01
-1.076319983346519127e+00
-2.214903200898788449e-01
-7.071688705101526473e-01
-9.397013832297500535e-01
-6.433980204309226458e-01
-4.219306954655520081e-01
-6.002401028147290596e-01
-4.337020810484664701e-01
-6.080638130854123524e-01
-1.061457601952139118e+00
-4.538675453783729830e-01
-6.411499584817286213e-01
-2.281459056937671925e-01
-4.442974743385126879e-01
-5.644994263425293646e-01
-4.392280325125353380e-01
-2.194643222061594678e-01
-5.068854607438351145e-01
-4.272414321870923737e-01
-7.064339334477804933e-01
-6.962063279800898563e-01
-3.317457980599703427e-01
-6.277184982923214029e-01
-6.219887715294558639e-01
-9.023302362784879627e-01
-2.845366926620661041e-01
-4.488427228972669547e-01
-8.896027994054311883e-01
-8.878020675507208859e-02
-3.400066628092344723e-01
-5.831620497942968662e-01
-4.798437186398314958e-01
-8.538512220348164483e-01
-1.183309811134254819e+00
-1.676632989685953867e-01
-1.098839797351547909e-01
-4.467461832044148928e-01
-2.331766954952212978e-01
-7.994112106395516726e-01
-9.568424997086819594e-01
-5.350462709851595555e-01
-5.644449232422457108e-01
-4.421699549760310100e-01
-3.902011252516826567e-01
-6.258642032471048999e-01
-2.276200830615847104e-01
-4.416907288349372629e-01
-7.950919048740741069e-01
-7.160756105118442072e-01
-7.735142647949015959e-01
-7.971584214776155086e-01
-2.175384058887624428e-01
-7.165628782673754138e-01
-4.696154093824139175e-01
-5.219134655583315130e-01
-6.296054892492919386e-01
-9.550886392393000968e-01
-4.204348694170403911e-01
-6.168215668210916824e-01
-5.069407675100845445e-01
-3.070481343835110288e-01
-7.965160331723528664e-01
-6.278153091998395219e-01
-5.868724614856586363e-01
-9.392641949904469989e-01
-5.039409462404909057e-01
-1.395231788752422819e+00
-7.975092195085671243e-01
-2.880957123955636967e-01
-6.459469133704627275e-01
-8.632743305989341032e-01
-8.647512702337789570e-01
-6.241219351614373245e-01
-4.165067588321541558e-02
-4.476750326606802610e-01
-4.493601300389867270e-01
-7.503566009862763231e-01
-2.247027383888498542e-01
-1.113169897909547235e+00
-4.649707357354110338e-02
-1.087290362054976089e+00
-6.108818625005949521e-01
-1.062516154499619336e+00
-8.400313916163288930e-01
-5.428832984721734256e-01
-6.575585537904022893e-01
-6.657165752179463603e-01
-7.528440574783528128e-01
-9.578023033019928967e-01
-7.854541614461081345e-01
-5.935689107807573528e-01
-4.522068121878324853e-01
-3.459094330170616183e-01
-6.488152214511306859e-01
-3.000042110257764016e-01
-8.742949945281819346e-01
-5.805841851289810229e-01
-3.510612345212412166e-01
-8.486303218816115823e-01
-4.213774078677308688e-01
-5.735579886020443219e-01
-6.194239103617733555e-01
-1.062443903797941847e+00
-7.003002204284070054e-01
-3.557256491035550305e-01
-7.328742928088485264e-01
-8.061133393863184615e-01
-9.893104691224832159e-01
-8.191140688135374326e-01
-5.209142015119749836e-01
-5.124169187781437707e-01
-4.885107353029921051e-01
-5.184209912200228310e-01
-7.689605919849502591e-01
-5.475535542690335156e-01
-5.847261216624244362e-01
-4.319143682431421660e-01
-7.762477272782981608e-01
-3.832829892143406192e-01
-7.301587488987775210e-01
-9.531782176524328243e-01
-5.163392123274488377e-01
-8.101087478275030840e-01
-5.433352139917428936e-01
-9.613634327733504570e-01
-1.545506439564801604e-01
-9.270342856002540266e-01
-6.243242799764883166e-01
-3.470816367521690204e-01
-6.584458440036269344e-01
-4.961861469408260228e-01
-8.449252859193561171e-01
-7.337641504686698291e-01
-6.895556927771839817e-01
-3.091953645076768731e-01
-6.349702135942192349e-01
-6.995492919096393258e-01
-6.079766637885808400e-01
-5.647350672555302431e-01
-7.884613200677930145e-01
-8.199479789218711012e-01
-2.689604229771558885e-01
-1.749500965232866911e-01
-6.805911247505460615e-01
-3.868105878790904506e-01
-4.169524610433908429e-01
-6.877600068016209711e-01
-8.446333205968667990e-01
-6.232298624433991741e-01
-3.683727340221474855e-01
-6.156525785616051571e-01
-4.992298652351903621e-01
-5.768007492986382267e-01
-2.806503720245579481e-01
-7.445719427238555177e-01
-6.722391245480108246e-01
-7.965462105738478904e-01
-7.359614024214349293e-01
-3.887417771975206215e-01
-5.577571964327785459e-01
-5.562358072010806787e-01
-8.350112018466480102e-01
-1.911008304905519872e-01
-2.327782624343269213e-01
-7.376564292824530078e-01
-8.924023002240208946e-01
-6.076501897405646169e-01
-6.183761547352628618e-01
-4.299679457226415757e-01
-6.364799094156166070e-01
-9.116374610697843828e-01
-5.467415962198072243e-01
-4.482005630222230530e-01
-7.754409993847883875e-01
-9.523844143531339235e-01
-2.732563744094887448e-01
-7.293908915830553674e-01
-3.749424557898098365e-01
-6.947567465637054518e-01
-8.476316059071113962e-01
-6.341445399946477046e-01
-8.953342707446272364e-01
-5.376784714402274012e-01
-6.322637175028558154e-01
-4.928764083377728533e-01
-3.172294946012069183e-01
-4.147492766069374448e-01
-9.968431811226285966e-01
-7.474663059702533197e-01
-6.588965176936594226e-01
-2.968811952329600268e-01
-3.756897179415835120e-01
-3.099372335138075862e-01
-5.403359367983111561e-01
-9.012247305517893103e-01
-2.158675185234675831e-01
-6.773878161313544588e-01
-9.075500212306458758e-02
-4.059943048036740998e-01
-3.781622206187660873e-01
-4.101446177352206512e-01
-7.499663859374590125e-01
-7.184017838592393623e-01
-5.047618316887008127e-01
-6.897534089305463745e-01
-7.173802088196379323e-01
-3.936895156516518335e-01
-4.009498797728281994e-01
-3.705770996111011351e-01
-7.431873481948660931e-01
-3.344164510645773469e-01
-1.024014527386537754e+00
-4.751593417629398908e-01
-6.641807382966864459e-01
-8.490177856535408019e-01
-6.979667731736829417e-01
-8.173318292280886688e-01
-1.019984262920179408e+00
-8.719965444546287081e-01
-1.879519738465025847e-01
-6.200628992967325281e-01
-5.853924749915901948e-01
-4.607224569460127150e-01
-4.384044656416610786e-01
-2.935918097960664164e-01
-5.529772647054014278e-01
-7.304292793139282036e-01
-1.664888731683605294e-01
-6.671977392849908206e-01
-8.049576736023582590e-01
-7.670926584951662797e-01
-5.888493214026007117e-01
-6.164157522491291452e-01
-4.803069972837819557e-01
-6.298332120874197138e-01
-3.605325142546669803e-01
-7.145897196659452000e-01
-8.412167782137811578e-01
-7.134827661331653026e-01
-3.554965014442471039e-01
-9.769045402067004780e-01
-7.616521775308453535e-01
-5.356006010215499380e-01
-3.017584813238234909e-01
-5.469659360780352308e-01
-8.750389142937291531e-01
-3.946317742650600757e-01
-6.603637055251252441e-01
-4.397266021167821060e-01
-4.849700546360336539e-01
-4.889263119646796718e-01
-4.572754210929202423e-01
-1.006374382302198445e+00
-4.795867200561728105e-01
-6.707535339112848938e-01
-6.888983044309040515e-01
-4.922305796596658234e-01
-6.874887851774613701e-01
-5.729232308973206678e-01
-6.441795911856016410e-01
-8.574717451655087253e-01
-3.794917408742049525e-01
-3.783153831556665403e-01
-3.380392046625436131e-01
3.608047699025401789e-02
-4.473445153657676365e-01
-4.959986230819875552e-01
-8.806415819867692285e-01
-4.982155560677737349e-01
-5.833531462007113255e-01
-9.742318009382882060e-01
-5.954757265089836160e-01
-6.568490524634076344e-01
-4.190212408174614489e-01
-3.601008863748061395e-01
-9.012917852252582129e-01
-7.173583527042439734e-01
-6.465451691025063674e-01
-5.518192082548805111e-01
-7.856063990288189025e-01
-7.497765390427528764e-01
-2.776213104141090349e-01
-1.181192616262838890e-01
-4.946340251878145744e-01
-1.985036075540063671e-01
-8.200588719447510222e-01
-5.432996854728151526e-01
-4.673501382315419783e-01
-5.716239627476409346e-01
-9.439103622847366815e-01
-7.320506974698841596e-01
-7.369328965450958613e-01
-8.505686756518167080e-01
-5.165003351226364892e-01
-7.725598699075395537e-01
-4.186041802074354501e-01
-5.402326004517843394e-01
-5.743438052015830131e-01
-3.828793837436675340e-01
-6.837969948479423188e-01
-5.605207216887113653e-01
-8.242374237086740330e-01
-6.339025397472899392e-01
-7.571406513152720841e-01
-6.233086600497359520e-01
-4.555215192534026181e-01
-3.887809507880005122e-01
-6.809720030156651838e-01
-8.308981400624912972e-01
-7.916098457235034580e-01
-5.062149358202394644e-01
-4.025998870555587694e-01
-4.754051831973567510e-01
-6.790849584064457822e-01
-6.094942621175403197e-01
-5.604916555483225871e-01
-6.567168308809425703e-01
-1.006359041313214409e+00
-7.517129442671941497e-01
-6.122888055037098987e-01
-6.809315907911437371e-01
-9.642758197437886203e-01
-6.971302119620799154e-01
-5.825263764814079259e-01
-4.354303269578607138e-01
-6.589701865780352996e-01
-3.362498827496450127e-01
-6.026793727511265963e-01
-5.181863028163999907e-01
-6.245126205333719760e-01
-1.052683602957355635e+00
-6.309767503150536250e-01
-3.696331978103351568e-01
-3.001607545642071551e-01
-8.105629965839722395e-01
-7.687472063136664424e-01
-6.415802119136171378e-01
-6.804386154477666260e-01
-4.584648331182888392e-01
-3.930601860792931057e-01
-9.879402248090234373e-01
-2.414917011427673565e-01
-2.025070670669149586e-01
-7.860238471796248128e-01
-7.779432659744327516e-01
-6.725388674249512810e-01
-6.057484475971759430e-01
-5.927711277947005364e-01
-9.145767824383281841e-01
-4.174538655370808038e-01
-7.710614486581666149e-01
-4.272134828932832584e-01
-4.948603442386177442e-01
-3.199856212573526926e-01
-4.165544981865108576e-01
-5.667984058807218339e-01
-7.537830668814362589e-01
-8.907555217933347258e-01
-3.528448784875065081e-01
-5.707311014018014994e-01
-6.857418330382043514e-01
-7.189455436010772083e-01
-4.328035452709593778e-01
-5.344592363197286922e-01
-7.343224343520202702e-01
-7.441438055558351472e-01
-6.062056432323825739e-01
-8.250467594015131745e-01
-2.156567802324614314e-01
-5.125411781773903108e-01
-1.299075301919064618e+00
-7.037633510277854221e-01
-1.194092951682140247e-01
-6.363915825868784459e-01
-4.480800557781071114e-01
-7.805590860224786987e-01
-3.450806218718232565e-01
-6.484146972475977044e-01
-3.122139729863034341e-01
-7.494203888429553650e-01
-4.145780273433268825e-01
-8.728421877716212585e-01
-6.564402899142547376e-01
-7.210376750663702872e-01
-5.043692656008507136e-01
-8.327466594879493478e-01
-7.489520555116366829e-01
-4.005602674804263352e-01
-5.107077477716157610e-01
-8.296330576881172369e-01
-7.559098469677576482e-01
-5.369829745956455902e-01
-2.765340102306237946e-01
-5.831185680996502363e-01
-6.463156739301507692e-01
-6.165063054784245544e-01
-5.961531699030655496e-01
-6.136469410939153768e-01
-9.114160972583964515e-01
-2.213304612793174919e-01
-4.982534748374730094e-01
-4.936951811735715290e-01
-3.311766881487768210e-01
-4.256017125363312226e-01
-6.257847976685693148e-01
-4.228694282598995380e-01
-3.572320959000561680e-01
-5.086228383768909289e-01
-6.925711344726317442e-01
-6.233603371161717810e-01
-3.843544032693171908e-01
-4.805679147291113673e-01
-6.130930873912530110e-01
-9.598362196105196809e-01
-4.437453711864134953e-01
-5.417960120454563544e-01
-6.155687453123498409e-02
-6.523014888992233473e-01
-6.888317657201334931e-01
-6.600685534576311575e-01
-8.866327675703975508e-01
-3.884615082186440582e-01
-5.486802632168168437e-01
-6.413843590273455852e-01
-3.384598256270732741e-01
-4.671648395746186844e-01
-6.779575734560272515e-01
-7.996735516719266634e-01
1.103102767386893168e-02
-7.698559628181560477e-01
-7.632334809782475027e-01
-6.038173667165094294e-01
-4.361354765177805626e-01
-3.743229843078635377e-01
-8.804064220508700522e-01
-6.889157718502372241e-01
-2.019765121577072331e-01
-5.743098007613842704e-01
-5.590634787145885021e-01
-5.530323754556136784e-01
-3.801383643174359173e-01
-8.209734968938886546e-01
-7.190447986927606117e-01
-8.966702242606907625e-01
-4.926160850150618775e-01
-6.972439568746513494e-01
-6.663531168505003599e-01
-6.774179021633437436e-01
-8.320298932144933879e-01
-6.906567064621502716e-01
-6.858204251483894787e-01
-5.353937517473856822e-01
-4.352623903663084826e-01
-5.730313682959544686e-01
-5.971412366859678578e-01
-4.842551057952957927e-01
-4.879860149573010397e-01
-6.313381379417113415e-01
-5.971705639356952311e-01
-7.979783157889817069e-01
-7.093925130893450337e-01
-6.127793141440940339e-01
-5.789384100873999905e-01
-6.444884725227706390e-01
-8.161098429884785510e-01
-7.079935863768693771e-01
-4.539860302084127164e-01
-3.735686670302179602e-02
-1.776679043987746121e-01
-8.939710347017109093e-01
-6.743568353399251869e-01
-4.645136933959333470e-01
-4.376038581536919048e-01
-6.299050347042514097e-01
-7.215498938835236409e-01
-9.948123169379106123e-01
-4.924390015788629449e-01
-7.310020133428634104e-01
-5.178770633123872535e-01
-6.877948709946406503e-01
-7.458361310399088673e-01
-7.239614310159159238e-01
-5.556141322077903233e-01
-5.239876155821865389e-01
-7.653686532707593138e-01
-5.223480551536181515e-01
-7.357838692185265650e-01
-2.671373655808345626e-02
-5.077073299890035862e-01
-8.477503471248266642e-01
-8.225344966824263970e-01
-4.827291655771693279e-01
-5.672627550487097103e-01
-4.166399030925629909e-01
-6.638332055298161727e-01
-7.038177400880170076e-01
-6.655028788498822401e-01
-7.199551107734873945e-01
-7.158813390407670063e-01
-9.628774880492767529e-01
-8.392075235274281120e-01
-3.575392816694785147e-01
-3.832467463231351013e-01
-5.022263837501346195e-01
-6.464568638031509273e-01
-8.017264770276786301e-01
-8.681420180003560638e-01
-8.715663623723526321e-01
-7.898660676083832932e-01
-5.585206934727691142e-01
-6.533011258435306168e-01
-5.472897537589145323e-01
-4.429790997705152500e-01
-5.483528391652865430e-01
-7.606592952146624675e-01
-1.015840801711942465e+00
-8.880619489014593970e-01
-5.677450678852840049e-01
-7.587161691085158033e-01
-7.301607857708458660e-01
-1.189311376327776504e+00
-3.330786607522325249e-01
-8.796617941322151246e-01
-6.805239766359361120e-01
-7.057735170390242452e-01
-5.824747338626683479e-01
-6.616302348413785062e-01
-5.113263564888055335e-01
-5.934494302852084680e-01
-6.365085657686830878e-01
-8.280932838473060720e-01
-5.573330926674882058e-01
-9.228206246450239014e-01
-4.151905899099515573e-01
-7.258863208334358497e-01
-7.343189131658047764e-01
-6.334977179330150143e-01
-8.993255648289317783e-01
-5.161481812509447487e-01
-3.785661149458517394e-01
-3.104456304814716128e-01
-6.764435263630983464e-01
-5.567655455165518852e-01
-5.097187013809727496e-01
-7.073664272951778464e-01
-6.344082236092556393e-01
-6.901731608129719753e-01
-6.300176310460661178e-01
-7.451871689754523409e-01
-6.413849102853785844e-01
-5.937752598702599194e-01
-4.006285766812074933e-01
-7.537924486359739440e-01
-7.223183040842973135e-01
-4.564180423215309923e-01
-9.468418069356414613e-01
-4.504321661229267471e-01
-5.612293342775704907e-01
-4.775418625830610275e-01
-6.826204139311013996e-01
-5.584086844097915225e-01
-9.365777153761603024e-01
-6.810920213298214954e-01
-5.341730812287548424e-01
-6.461617997596786900e-01
-4.517293176552752976e-01
-9.117105178217426165e-01
-5.021876045694679824e-01
-5.578335061285639718e-01
-2.407627697185260041e-01
-8.731974711189107730e-01
-9.293303391749039299e-01
-4.380666813483818367e-01
-1.669659813702631390e-01
-7.040579929784027691e-01
-6.703975960766297426e-01
-6.143395873565151710e-01
-5.998506747292933206e-01
-8.753562781905483980e-01
-5.299608708713816618e-01
-5.790482426914462799e-01
-4.179362516598570942e-01
-7.397453087321470555e-01
-8.556621042359933149e-01
-6.799400769671533062e-01
-3.486845496488944485e-01
-7.291608269180334112e-01
-5.813442949168394769e-01
-7.853235439082237868e-01
-5.185945988762523662e-01
-9.446479190976915241e-01
-5.664375111734938351e-01
-2.740404608538758446e-01
-4.450728411471485679e-01
-9.077859590963055503e-01
-6.822382463478189329e-01
-1.096886597842230859e+00
-8.122941567745951552e-01
-5.414599332180682900e-01
-6.940369657625180544e-01
-6.602980694180693444e-01
-6.910972182587333812e-01
-3.804964335552161736e-01
-6.300072652433610365e-01
-9.376837726831337427e-01
-1.021660197118063440e+00
-8.786871291150188945e-01
-2.103180832737945871e-01
-5.603865417689637418e-01
-3.696923462165676022e-01
-7.269686836531517038e-01
-4.542237747470037612e-01
-4.699333878845704526e-01
-5.897690629228944381e-01
-6.129602882152380694e-01
-3.366846508841808139e-01
-3.903392472616649678e-01
-5.411637948135639142e-01
-8.305194306256464820e-01
-8.159860029974876916e-01
-9.515510523623764705e-01
-7.539781858737932829e-01
-4.125729262750757464e-01
-6.339183039899585204e-01
-6.423420863483522147e-01
-2.677044369392232448e-01
-3.457297844903615691e-01
-5.813276217679690383e-01
-5.559869574630167399e-01
-6.113234149051689492e-01
-6.578560973400624512e-01
-5.954219018768225347e-01
-7.582641453604321846e-01
-2.525943716053907218e-01
-6.787391217239258090e-01
-6.789659406331591818e-01
-7.560343909547069252e-01
-5.281556702245322477e-01
-5.030998693142589850e-01
-6.097905245805255170e-01
-8.420468418967286262e-01
-8.491583402237421474e-01
-7.540231629473486130e-01
-4.945171076079977746e-01
-6.563627146698860493e-01
-7.501181935318865790e-01
-4.030524939770825932e-01
-7.275892772865028002e-02
-6.226822327127305989e-01
-7.481791073160839467e-01
-6.644306786163380885e-01
-6.807786333805094792e-01
-7.136020336513237972e-01
-2.854102501292730687e-01
-7.762057265688224739e-01
-7.432270077080116444e-01
-4.732936001114791957e-01
-3.930470491655513876e-01
-4.998305182992540119e-01
-7.613394424526132021e-01
-6.878594711770493753e-01
-8.848335140286462952e-01
-7.795887171206214994e-01
-4.877585994339246889e-01
-7.008534643740422787e-01
-3.140563676959904904e-01
-8.832984583445235849e-01
-4.506751931813153811e-01
-7.850691235717346395e-01
-5.744897100610271146e-01
-5.512472943548343274e-01
-5.514133866501755854e-01
-7.372266137250886864e-01
-7.183067280872585947e-01
-4.669189623281160828e-01
-5.827338394507290964e-01
-8.811977878350316651e-01
-5.800014143058480620e-01
-4.270418876879849557e-01
-4.407259447771392780e-01
-2.963753445677591025e-01
-4.228582768005720305e-01
-6.590448571054570159e-01
-8.034643430178030066e-01
-5.658244488703769726e-01
-5.155477095150229339e-01
-7.664141824281149873e-01
-6.147601307973791229e-01
-6.685686023115988696e-01
-5.845919697471058107e-01
-4.583624473347112649e-01
-7.265501642043532549e-01
-7.133720976887016896e-01
-3.505439915312647536e-01
-6.340313891334337093e-01
-4.048820455066502455e-01
-3.382545516314974798e-01
-5.074187178351405869e-01
-1.740258523572682514e-01
-3.972543570120429246e-02
-6.967542443551448805e-01
-5.629502988002141883e-01
-7.403808579299178128e-01
-1.201190450608728089e+00
-8.746311075654138456e-01
-9.524860068509330979e-01
-4.631066333861900142e-01
-6.351126719209898575e-01
-6.508394829127657211e-01
-5.136317032695498774e-01
-4.945216445535441374e-01
-1.011936354912155611e+00
-7.817122718980127338e-01
-6.949462785400055687e-01
-4.258180467117652079e-01
-4.209554174120318515e-01
-1.048283747560367463e+00
-3.835554284011988835e-01
-5.726807148940733505e-01
-2.313809775298954485e-01
-5.915998403368623038e-01
-8.051524450042006897e-01
-6.394208630966926599e-01
-5.658126795963629441e-01
-5.612293299651764933e-01
-6.729813322255933095e-01
-8.311357399568195525e-01
-5.066181739679902485e-01
-7.618422011984269382e-01
-4.270195557250145435e-01
-6.756635644726114442e-01
-4.867071957327274156e-01
-6.407195215179082304e-01
-5.822726194406766531e-01
-7.655766232666931792e-01
-6.180248814810735958e-01
-6.715873407497778835e-01
-5.820893192039213737e-01
-3.618342356796949155e-01
-4.443148706769162737e-01
-7.454738065855743834e-01
-5.905742109558471675e-01
-8.002563042489048151e-01
-7.855903400476376142e-01
-3.051666351092348628e-01
-5.029412057244331269e-03
-2.421475237896300592e-01
-1.143442665096447985e+00
-7.408149804490098411e-01
-3.381647517291531124e-01
-4.883202702350045166e-01
-7.538329836798927097e-01
-4.332173362493710322e-01
-3.976815649846626166e-01
-3.876976494782451987e-01
-2.138951039436248203e-01
-5.792398791512529677e-01
-8.716884905244239867e-01
-7.320045635171053000e-01
-5.783476939983569487e-01
-8.947546239926436051e-01
-3.798132899363940163e-01
-6.633728946695041095e-01
-3.819127772283264499e-01
-8.299365834848271284e-01
-6.387234952819906830e-01
-4.039342254754712536e-01
-7.752149665786878252e-01
-5.028024408650932919e-01
-7.026938404794695892e-01
-7.148257105103863474e-01
-4.296753035112642061e-01
-6.120110598615053910e-01
-5.498242846867396061e-01
-5.954253341719852877e-01
-5.383365214080952921e-01
-7.702756034416791131e-01
-7.928387991764087595e-01
-4.574379125053771866e-01
-5.088022467522148595e-01
-8.336879660409874937e-01
-6.563749820213442554e-01
-4.712831537857487540e-01
-1.025908949957436977e+00
-8.236466728540787763e-01
-4.669401817644894259e-01
-9.343765064444622404e-01
-2.633742833454034149e-01
-7.418972967884518432e-01
-6.325499796465678948e-01
-2.256807844768045634e-01
-7.352325015586598234e-01
-4.842188582558440424e-01
-8.443420296625032684e-01
-4.552583242535033770e-01
-8.214266841040811507e-01
-3.398807137778150911e-01
-8.172349959126319341e-01
-7.116922472882660777e-01
-6.335000416395861755e-01
-7.292286426729401860e-01
-5.257074928223732790e-01
-8.461821339860731150e-01
-3.848665485346623449e-01
-3.082963795230094228e-01
-6.409063682393036920e-01
-3.594705472958748538e-01
-4.360717838672241720e-01
-4.609121439250150609e-01
-6.693379526324965134e-01
-4.988498745344363550e-01
-6.874700790752297230e-01
-4.610913407787880502e-01
-5.073085378427930614e-01
-8.789129287346466590e-01
-1.558868138886642662e-01
-1.009191448687817516e+00
-6.082716375545698106e-01
-2.947103034713305925e-01
-7.531370694664585308e-01
-6.342939466042314400e-01
-3.634711159695390159e-01
-5.669607627862753851e-01
-8.117685943593540010e-01
-8.528192375763663513e-01
-8.309141128961674561e-01
-8.499442965552188589e-01
-3.129152330871396992e-01
-8.503695208788326632e-01
-7.782030009050271424e-01
-6.771782989370334072e-01
-3.520384666769307835e-01
-6.415672474284765947e-01
-5.908271545102441458e-01
-8.960930132978703888e-01
-7.144717891078191663e-01
-6.919177598211025959e-01
-3.688780718843323592e-01
-8.259301096008333509e-01
-9.438933664873130347e-01
-2.647368391001632681e-01
-5.835119996436373135e-01
-7.713389796515639496e-01
-7.118135702747641069e-01
-5.943880646005905710e-01
-7.896040081090274221e-01
-7.893286594298385417e-01
-7.585468656596003889e-01
-5.188107995744037915e-01
-4.483750789732395270e-01
-6.630113715750352021e-01
-8.138996495313404189e-01
-1.692083528308506168e-01
-5.107153203311267653e-01
-4.911954394349647424e-01
-2.690734248346769442e-01
-6.009894048098414210e-01
-1.062724156243757268e+00
-5.884289249467475891e-01
-2.363372115118607675e-01
-6.687849849291862547e-01
-7.972440110703336025e-01
-2.080501207662100449e-01
-9.001723658444480414e-01
-6.816076759004734420e-01
-2.966362487096643741e-01
-7.096202195491767561e-01
-9.274277621266517890e-01
-5.682685567160814522e-01
-5.617709565526749493e-01
-7.143342515657740144e-01
-6.341158961766049096e-01
-5.984324457486249749e-01
-7.104655715414023298e-01
-8.685715447404196432e-01
-4.861032309000106744e-01
-7.565816650471544058e-01
-5.326620356915232612e-01
-7.276200132232770734e-01
-4.790666545354267947e-01
-6.335291711280750526e-01
-1.444084268762080847e-01
-5.047292655844981546e-01
-7.657981425244639873e-01
-6.908403258783128997e-01
-4.988065212884618682e-01
-2.172297378565955506e-01
-7.780505068614513853e-01
-4.225171485193440213e-01
-4.806333474492885949e-01
-4.623116756316801301e-01
-4.732227015250037305e-01
-3.268922247448995955e-01
-7.489895501115992893e-01
-4.753567898381967916e-01
-6.678385343128039331e-01
-7.758899566391979086e-01
-8.132625487401630160e-01
-2.969946762012516950e-01
-4.639267053690763754e-01
-7.488313040722016645e-01
-8.732713108401353175e-01
-9.050730487424769599e-01
-7.728037686512192472e-01
-7.135302945968793331e-01
-8.106915760980979435e-01
-1.643570646432520044e-01
-7.117183330159773114e-01
-4.655411405651333490e-01
-9.032633903418667565e-01
-7.355037220321709590e-01
-6.119603916136964195e-01
-4.943181939879584541e-01
-6.761279841710448046e-01
-4.241203313667197272e-01
-7.356221662066961819e-01
-5.345880927893067458e-01
-5.698604987795783394e-01
-7.397154844998259371e-01
-5.636879691887952681e-01
-6.360893191849297246e-01
-5.215722333663035393e-01
-7.018655970267462241e-03
-7.822977466888443310e-01
-7.353479827909024102e-01
-7.245986474598944405e-01
-4.812401342711685737e-01
-7.391833220613013289e-01
-5.473934488626608363e-01
-7.526469753212379210e-01
-4.661145890441927286e-01
-5.877814109719250446e-01
-8.812170668150973718e-01
-4.452664721085573540e-01
-7.030145537532530575e-01
6.194116382707498536e-02
-6.365055511856874126e-01
-3.801016654695784092e-01
-6.272156010986589258e-01
-8.598898823550702453e-01
-5.809972257294586662e-01
-6.030951294585560341e-01
-3.477939469318163668e-01
-9.635322223475779602e-01
-6.685986683740385850e-01
-6.969432961487354028e-01
-9.184667685590723885e-01
-6.166849188885170641e-01
-5.888073375353291006e-01
5.807274991853311752e-02
-9.238665245941253268e-01
-1.053438887909632360e+00
-3.607359377182005056e-01
-9.291880141752923983e-01
-5.959111833610717390e-01
-3.819055020027720126e-01
-7.728005421624399851e-01
-8.176213956055851106e-01
-5.176549000299215386e-01
-7.174276958662546555e-01
-6.586304217147120887e-01
-5.018035474794655393e-01
-5.208162678810777102e-01
-7.567588224845960276e-01
-6.294883530751538281e-01
-6.288646023725132927e-01
-5.405077456673299530e-01
-8.430699378455597248e-01
-3.248758796607274513e-01
-5.432264927116627895e-01
-2.525856379488585213e-01
-4.523704042185952567e-01
-5.575327994080976346e-01
-8.404933889702062011e-01
-6.426278819303807843e-01
-7.743611462893338349e-01
-6.408308227211532149e-01
-7.306542527051544944e-01
-6.201606895327764768e-01
-7.472267186906837999e-01
-7.388779664463780428e-01
-4.356183008228709519e-01
-6.687989277752317552e-01
-7.813766039401675023e-01
-6.464142041742282352e-01
-4.652286270319364037e-01
-6.068928338072336892e-01
-4.692943653882975519e-01
-3.657470681980475313e-01
-5.275520344868076528e-01
-6.133779520949240727e-01
-4.510232360036324217e-01
-4.910489939237661638e-01
-8.423555341274604480e-01
-4.953039386670146649e-01
-6.662871834442598562e-01
-5.681574466425627357e-01
-7.329450310943426139e-01
-7.572155539161653515e-01
-5.356228936401490337e-01
-6.766407512375312017e-01
-7.648983945108516203e-01
-2.833330686914377616e-01
-5.785289760956850991e-01
-5.693031054981259054e-01
-3.998237468281354290e-01
-4.964250561452990262e-01
-2.941263065534661103e-01
-9.076273943284172141e-01
-7.848494771922891466e-01
-5.920835657553387144e-01
-5.387782929023967604e-01
-6.956818108052726934e-01
-4.186691578551778314e-01
-6.322243742732926997e-01
-7.330261570102654112e-01
-6.835101663858975662e-01
-4.052590558382696551e-01
-7.838124176872196536e-01
-6.817865002563903154e-01
-8.609922477655058692e-01
-3.910105961281301057e-01
-1.162446909064652534e+00
-8.647087623661460221e-01
-6.367826681556079116e-01
-6.109967787749650547e-01
-6.517197053108643168e-01
-6.095211408128986541e-01
-3.983516223239154663e-01
-6.629111808239831483e-01
-4.737032339304474982e-01
-5.896310296345110835e-01
-3.594386851861224863e-01
-3.044523034246072180e-01
-6.968431327016308963e-01
-7.413196794608691853e-01
-3.501335515145141408e-01
-3.296894769296146444e-01
-6.357295293657831969e-01
-6.068371562063643587e-01
-6.702739997781113068e-01
-1.041471386583902703e+00
-3.684916437674528589e-01
-4.037609468051255868e-01
-9.618250962960819272e-01
-2.120057324808298227e-01
-5.232164150514830858e-01
-6.616187913018305444e-01
-9.808568127714605289e-01
-5.966657234264940435e-01
-4.757605075122453564e-01
-6.578645025269005409e-01
-8.356588564838287603e-01
-3.666224675128516020e-01
-5.536990767964735660e-01
-7.772434593400583402e-01
-7.504443007660239751e-01
-6.419060072801667793e-01
-8.201933045508877917e-01
-5.286999750768655026e-01
-5.929512374439949163e-01
-8.095298266095238837e-01
-9.075143231070765815e-01
-5.414853814591222836e-01
-9.776509981463239463e-01
-7.795268475368364314e-01
-7.649836867548747144e-01
-5.581878433024365371e-01
-6.330281057245525922e-01
-7.505842424283035719e-01
-5.368124506522957695e-01
-5.871343396662500602e-01
-9.154019459423179406e-01
-6.504416645594841562e-01
-6.003468274885901401e-01
-5.206461707682357165e-01
-7.409191642032166847e-01
-8.478220112684167198e-01
-5.048499893601996469e-01
-7.184108473005648143e-01
-1.640368000258587977e-01
-3.579537882546657834e-01
-7.632705218398325719e-01
-5.769634497763864722e-01
-6.194413536463945213e-01
-8.089669781866448695e-01
-7.132572609614098447e-01
-6.795044247453909669e-01
-1.031871024568630890e+00
-7.106323804535787936e-01
-7.247956544262810219e-01
-7.076190563435145187e-01
-5.115735123400750872e-01
-8.974354425064814400e-01
-7.730128849827475612e-01
-6.618890307900753278e-01
-6.024442742743727486e-01
-3.340618388057846055e-01
-9.497308778454081057e-01
-2.031834583200802791e-01
-2.864199961948981632e-01
-8.478832803228937287e-01
-5.196154877446095277e-01
-5.902239754725369103e-01
-7.691939546533217431e-01
-8.362965743026422594e-01
-6.424343824389837643e-01
-9.873295775522774598e-01
-6.332266359967815283e-01
-7.337972234405083505e-01
-4.118286987546544986e-01
-6.817743433546223919e-01
-5.496487027505136957e-01
-3.696030946090798630e-01
-7.939779551940904234e-01
-8.890907263309739683e-01
-2.277303898249028458e-01
-5.093711466387422782e-01
-4.320449245701288299e-01
-5.006548164646820176e-01
-1.226352518094981026e+00
-3.100175154978300207e-01
-4.860387005207341127e-01
-6.753006939783472440e-01
-7.707016247368554396e-01
-4.514440851084953743e-01
-4.794391219732828113e-01
-8.446758326173875453e-01
-7.555702505902286426e-01
-5.236557057898036938e-01
-7.877139064195657348e-01
-7.454435986998402264e-01
-2.123264044580151499e-01
-5.738529410527459795e-01
-2.541277534073498878e-01
-6.357711916895465443e-01
-7.114477291651337687e-01
-3.355540784755537964e-01
-8.702326229570371829e-01
-4.984613820389936500e-01
-5.723203993528582778e-01
-3.825868572152484881e-01
-6.982685735666103177e-01
-4.455291900513569936e-01
-4.982404565498126936e-01
-6.181090059389853231e-01
-8.012292074766641514e-02
-9.354169102957041737e-01
-8.760359119743914569e-01
-5.093011592949534538e-01
-2.524358395194821747e-01
-6.522014041082653257e-01
-2.707924225645617633e-01
-4.452725562626481115e-01
-7.716342351861951165e-01
-4.023493788661026138e-01
-6.212139083233236825e-01
-3.235886537862585066e-01
-5.449536413164257631e-01
-4.838485813047098127e-01
-6.183252094062905435e-01
-7.930918223287730662e-01
-5.534811020726206898e-01
-4.350966487051342590e-01
-2.578907330844946721e-01
-5.435658684807873620e-01
-8.211976215339160667e-01
-8.068285922069731164e-01
-2.554387576030206497e-01
-5.951172573401994903e-01
-8.390050991630286781e-01
-3.258120806683338366e-01
-5.838597327247154745e-01
-7.911984252611721224e-01
-5.087126884604864507e-01
-6.480475639639355911e-01
-4.677128326263014224e-01
-5.865093411532797951e-01
-5.506355219545073787e-01
-4.176311001588968730e-01
-3.430296842636165189e-01
-6.440813303470531714e-01
-8.377773131425709785e-01
-3.255451141188499542e-01
-5.032393758849136312e-01
-9.954588946733342603e-01
-2.621414895945144985e-01
-4.908541295404700855e-01
-5.359932052435607552e-01
-6.896536211353105905e-01
-8.142299800107548613e-01
-2.518517141646410828e-01
-3.515143044505718017e-01
-2.700136883154767298e-01
-4.769724492769609747e-01
-7.082683562985505610e-01
-4.874701472456402507e-01
-5.786793587668026539e-01
-7.237445895590757239e-01
-5.832937873072094881e-01
-5.736528306621093698e-01
-5.084641164363437049e-01
-7.790219904294031217e-01
-6.750999503538221980e-01
-7.472402291904463034e-01
-3.713109340139167380e-01
-7.607084624054327726e-01
-2.786149163257723438e-01
-8.523494127265860421e-01
-3.784214386825124898e-01
-4.559210876833331150e-01
-5.333784851511222946e-01
-8.636147792495774134e-01
-6.110602832050671118e-01
-1.133269550174401008e+00
-5.570708125892243068e-01
-5.759904464836975713e-01
-3.557425282862412552e-01
-7.211752420132850894e-01
-1.583034264760657117e-01
-4.863189608247045492e-01
-6.879713475145341484e-01
-6.814584527894678168e-01
-7.788583778429054583e-01
-3.793721269756358816e-01
-6.212334743268930204e-01
-2.580282502987541471e-01
-5.358657561579680539e-01
-6.015568217983866539e-01
-1.114230779931258741e+00
