-6.958243791483007534e-01
-1.987450245287481487e-01
1.949460528427543471e-02
-2.198181206228367324e-01
-5.532771953301431900e-01
-4.985310357786514879e-01
-1.515776749878026686e-01
-2.182952921208572428e-01
-6.231054613827606836e-01
1.359705506179004209e-02
-3.617001598272265306e-01
-8.921763399905420222e-01
-1.584232739148850322e-01
-4.548859415982460797e-01
-3.267858028295732020e-01
-1.138992086091233369e-01
-3.631402774787671484e-01
-6.485918310364557904e-01
-4.312661025254383440e-01
-5.530532490963904202e-01
-4.192853256690978747e-01
4.876792113428812803e-02
-8.306566325169179033e-02
-3.182280588824296097e-01
-3.589637666118368764e-01
-1.895486885040794101e-01
-4.003476741052308108e-01
-4.832470211031361651e-01
-3.549353066453631578e-01
-1.884518499914072942e-02
1.020120619550985430e-01
-3.038444461642169636e-01
1.668823877167392999e-01
-4.998255662627895668e-01
-5.517162183468511394e-01
-1.267587323138977262e-01
-4.547236878389822601e-01
-3.833017339180782579e-01
-5.725268335804511999e-01
-2.878837882714973539e-01
-1.929518760955316048e-01
-6.475046850716208446e-01
-5.025537648445674854e-01
-2.781887028318875132e-01
-4.465685996733311236e-01
-2.854100849575808008e-02
-3.286266614013056420e-01
-6.564311400250670836e-01
-2.838164602025697314e-01
-1.805642172639019827e-01
-5.571991530974611528e-01
-3.268250366920857908e-01
-6.128951167975960068e-01
-6.124977829327140633e-01
-1.977139063174715994e-01
-3.112490506220280673e-01
-3.660652107590861015e-01
-3.146194041000805464e-01
-6.658527174145700833e-01
-2.872305114115119573e-01
-2.162942112095334601e-01
-6.384937231169129923e-01
-4.171242537980340837e-02
-5.193111944062391849e-01
-2.866238247074233692e-01
-3.092733480705463500e-01
-4.005201580595608157e-01
1.331464950813585069e-01
-1.105880546154041633e-01
-1.944918724971640978e-01
-3.587035220628576604e-01
-5.504330715166756427e-01
-2.058335136063367821e-01
2.880036832027629834e-01
-3.046290932885722946e-01
-1.327027615190422005e-01
-3.015201977510675868e-01
2.403508269674986542e-02
1.005374191998522071e-01
-6.190617025565186005e-01
-3.882789857824816004e-01
-5.477672020850481438e-01
-2.139162267902219861e-01
-7.085558855746012519e-01
-1.729550605282779707e-01
1.741682852693062222e-01
-2.390299414914492382e-01
-3.128671619497223610e-01
-1.760883233300956641e-01
-3.820240743531298500e-01
2.297974686183529291e-02
-6.355920412189886015e-01
-6.309892053543930679e-01
1.027315187277681452e-01
-4.115646510316435802e-01
-3.117710537498337708e-01
-5.292162756262723811e-01
-2.734756800939491250e-01
-3.039678597163626983e-01
-3.223715083775613999e-01
-3.154454706277119436e-01
-1.635749130656294903e-01
1.428695216346248520e-02
-1.674740166099020766e-01
1.685468205340998060e-01
6.287244466582414537e-02
-4.576160327849093101e-01
1.648777252759309198e-02
6.369892711446872857e-02
-2.962853800203686938e-01
-4.427327880123326787e-01
-3.367784343431493022e-01
-5.984199773294531788e-01
-2.015547234083610584e-01
-4.410145160894810012e-01
6.638780332930899197e-02
-2.094395913253888630e-01
-8.819252792629836968e-01
-3.255881890476933216e-01
-2.652070451970041653e-01
-2.840061147772848238e-01
-6.169839158691812209e-01
-8.839788151008015626e-02
-4.247194262158414113e-01
-6.694805884848080701e-01
-2.225854174711484057e-01
-3.153500685330557496e-01
-2.365438902127690590e-01
-1.760400695439910401e-01
-2.449613541841775821e-01
-3.818501946343953457e-01
5.195840180611582815e-02
-1.812120042466145997e-01
-1.352105122640741564e-01
-1.735147696858870270e-01
-4.469158628773369224e-01
-1.680162240444578736e-01
-3.790993238722540348e-01
-3.523330641919888984e-01
-3.852581415756302641e-01
-2.002356887610240443e-02
-3.369605892617256182e-01
-3.417099883690189466e-01
-9.558350188257276336e-01
-3.244860210123659550e-01
-6.276634949718364886e-01
1.139930212208243865e-01
-4.259153655797729976e-01
-5.176123856868710682e-01
-7.154713570926163335e-01
-4.000502953691165708e-01
-1.787025812285621407e-01
-3.753222199403123960e-01
-1.076179357355120936e-01
-2.959863157942526635e-01
4.691314224823578405e-02
-5.196915457973259045e-01
-6.411226803839729094e-01
2.658681441558868874e-02
2.372337326697004922e-03
-2.028120878954813855e-01
-3.318292789099613338e-01
-2.564317965381702202e-01
-3.646054900428664092e-01
-2.082109812789388337e-01
-4.606283363498211991e-01
-4.433057425151898934e-01
-3.107445630432842387e-02
-6.311649740661562369e-01
-2.812383244266106197e-01
-4.039223910241003801e-01
-2.841124972054741016e-01
-8.391440692685542269e-02
-3.521268550429766386e-01
-1.960509255253666816e-01
-5.359823722031653581e-01
-3.218410101961671210e-01
-8.910900404536264974e-02
-9.436084733918588263e-01
-6.005087262385981894e-01
-3.188642540026572214e-01
-3.175877096913564679e-01
-4.228943971890726794e-01
-7.494323268354335932e-02
-3.383697624839361873e-01
-7.338648377738050677e-01
-7.336389926885655832e-01
-7.317576646386574346e-01
-2.961145429009062746e-01
-1.027197855825333073e-01
-1.705296478192975251e-01
-4.821513079980204730e-01
-5.917931223854293599e-01
-1.385286900018952161e-01
-2.387812192979024695e-01
-2.817150221860776349e-01
-2.214515217858915030e-01
-2.072609343169458662e-01
-3.290977614912376503e-01
-6.962544413491014161e-01
-4.592244759011028798e-01
-2.925944153581530593e-01
-8.281282805891092558e-01
-1.926334106013781189e-01
-4.158809232808918233e-01
2.340622880196313593e-02
-2.618520388518175701e-01
-8.466832920540362517e-02
-4.827125381911199775e-01
-2.078431599101234206e-01
-1.033410018188232748e-01
-4.017696411106120302e-01
-5.190760058866676907e-01
-7.697381312017381738e-01
-3.538534758724947715e-01
6.374097032629533199e-03
-2.742798546578702479e-01
-1.584745558333656157e-01
-2.374274350849999160e-01
-3.114358210631818502e-01
-4.681289977907110988e-01
-7.575445552157167306e-01
-4.993952589224588956e-01
-3.062532295700265417e-02
-4.472107068111595418e-01
-7.583140094948679355e-01
-5.491309257256671295e-01
-4.677847000815985035e-01
1.582384683371417800e-01
-1.022742760756228386e-01
-2.992639437288145410e-01
-2.183224195990303707e-01
-3.445734102747378125e-01
-4.695568055457194356e-02
-5.429541346199013852e-01
-4.166710740922821565e-01
-4.109660906149419923e-01
-5.833998133355717819e-01
-8.496771322696052842e-01
-6.346658689620281457e-01
-7.658804397024759902e-02
-1.442928547560300978e-01
-3.115046738346092803e-01
-4.397075070076721937e-01
-6.983283115678846631e-01
-5.891574336988480987e-01
-3.630352506388701550e-01
-5.351291412372245482e-01
-5.526056249860080705e-01
-4.937278278264512488e-01
-3.199106490539134762e-01
-5.027720218508285877e-02
-8.646362459482905827e-01
-1.756004022724977909e-01
-2.189021059990819418e-01
-5.050021096288017652e-01
-2.121213035315539508e-01
-4.443876012077834781e-01
-2.994957218432117707e-01
-4.395632320305381535e-02
-2.180717548766293867e-01
-1.958130502650843874e-01
-5.204435624439445185e-01
-2.468619208235450224e-01
1.949355337003981226e-01
-5.834205077681358098e-01
-2.927218389768221352e-02
1.681556796084343608e-02
-5.274627358909076413e-01
-4.386726755902957131e-01
-6.309792020791999967e-01
1.890132889684496553e-01
-1.992507136464110595e-01
-4.229183142958850561e-01
-8.339160684532276324e-03
-3.968354910558429816e-01
-5.521712428844236520e-01
-1.213598866919097241e-01
-2.560213287442577035e-01
-4.480822500470265646e-01
-1.699760971467375037e-01
-2.147631264403889184e-01
-3.829082386882559086e-01
-3.187626241306636410e-01
-8.031827932014121707e-01
-1.176830445652741752e-01
-3.684822549092695021e-01
-3.193041752579657833e-01
1.176533664974243609e-01
1.166160760970060273e-01
-7.716977306084360499e-01
-4.331562057774829833e-01
-4.743317307714787767e-01
6.141772103593673426e-02
2.473354240597109288e-01
-4.597352243460802179e-01
-2.560227773034716159e-01
-5.440184668459164818e-01
-3.596418343456915800e-01
-1.593732002874080345e-01
-1.415744487989454847e-01
-2.762214389474207388e-01
-1.080676067241311267e-01
-6.319446459010475969e-01
-3.704978130827041860e-01
-2.063593959550301116e-01
-8.023388213190379981e-02
1.138209052763232143e-01
-5.957690233667105595e-01
-1.565045925872508570e-01
-7.909984217260351835e-02
-5.903436938942800971e-01
1.376431615693662902e-02
7.882787355770254356e-02
-5.347599249088585971e-01
-6.190225488860972014e-01
-6.044406421699446419e-01
-3.119528903061002945e-02
9.384039970810886810e-03
-5.697297290059083474e-02
-2.160845025462286295e-01
5.854188716630254197e-02
-2.209157014899934546e-01
-6.336008249985219942e-02
-2.217844645395037895e-01
-2.344790949353741660e-01
-7.927722552568607917e-01
-8.977777441495909949e-02
-1.288873141422013924e-01
-3.851113326600850706e-01
1.077650541304992493e-01
-2.650417406582100677e-02
-4.020051016428963231e-01
2.999906056791296072e-02
-8.286453325733283970e-02
-9.876425356750268003e-02
-2.747604678297688729e-01
-4.694459051211450906e-01
-2.518347621867343400e-01
-1.300705477107411689e-01
2.343464607783948828e-01
-2.993785803165108228e-01
-4.354273073182897691e-01
-6.130663090518422287e-01
-7.547314316359643449e-01
-5.386130068437293694e-01
-9.293697678726116074e-01
-1.421135108782221601e-01
-3.928458010401497114e-01
-3.247212445178218609e-01
-2.457623602683445818e-01
-1.745125732976942623e-01
1.811833785470854941e-01
-1.281527808872025553e-01
2.039680078461531543e-01
-3.046508646359070149e-01
-2.488777125466233309e-01
-2.045600629395534775e-01
-3.592124427288295174e-01
-3.006110456954532162e-01
-4.731151256584210096e-01
-5.246956172432786225e-01
-2.340330641664079558e-01
-3.116278508198005448e-01
-3.134295143769577630e-02
-6.878642985172764845e-01
-2.114192238268946533e-01
-3.651319667966857474e-01
1.764637322683831888e-02
-4.133938833979483030e-01
5.664050673953407999e-02
-2.520849211688518943e-01
-2.712889832802472534e-01
-3.236667750512408070e-01
-2.159367592245869383e-01
-4.895022577944244113e-01
-6.134498223003252981e-01
-3.558087134694401521e-01
-1.105927492531476042e-01
-8.810454325161853895e-01
-1.508677126691436166e-01
-3.493368233935752465e-01
-6.456561752611783556e-02
-3.831351443095277198e-01
-2.875796587635127133e-01
-1.174568318652303156e-01
-7.813019524600811616e-02
-1.002878451376102209e+00
-5.866859701599729249e-01
4.032963288475194252e-02
-7.265071763353653234e-02
-2.776222990655382028e-01
-1.053018641736654382e-01
-2.947883895865435755e-01
-5.049949181560475786e-01
-2.733121362000284216e-01
-1.007680219374447739e-01
-2.068210509012691767e-01
-6.886589617384548667e-01
-3.772331822410142643e-01
-1.282264378272200411e-01
-2.863074740533524953e-01
-4.511954620910790248e-01
-4.135349503233742841e-03
7.767637439475855166e-02
-2.767777823812669902e-01
-3.328541120795845409e-01
-1.206154860272446450e-01
-2.947464728399081246e-01
-3.021712501626870329e-01
-3.104873434905611185e-01
-4.063449163041573109e-01
-2.826132092421081432e-01
-6.113253030067951066e-01
5.466790850170916150e-02
-4.637810469865227270e-01
-1.954647399035676636e-01
2.047570229481058823e-01
-6.339846078548636576e-01
-4.315418757481990775e-01
-2.060797503343435033e-01
-9.641297354405914399e-02
-2.748547974271003391e-01
-4.722568903937945373e-01
-5.331654707127470028e-02
-2.048857622113549604e-01
-4.016584700581132261e-01
-1.800762422381266270e-01
-1.973122244361076860e-01
-3.401625796336938401e-01
-3.635679483814482915e-01
-4.561563627686636146e-01
-1.019935399693108757e-01
-4.510049647273147166e-01
-4.274906536484268660e-03
-4.905877443914375413e-01
-7.391088703286112782e-01
-3.165418222478995625e-01
-2.761247866294636588e-01
-6.686960772105021711e-01
-1.773087680209859962e-01
-3.865432189141527197e-01
-8.665694696562248334e-02
6.791077130028305708e-02
-1.330895843145687985e-01
-5.487047744276957184e-02
-7.161829810823587827e-01
-4.522445229934777822e-01
-8.534659130520388937e-02
2.876994393619936030e-03
-5.071075715314816712e-01
-3.436159520099875686e-01
-3.777007945658757415e-01
-2.589819546468672962e-01
-1.671333501356789264e-01
-2.061004009232996759e-01
-2.314590149166631527e-01
-1.654185500290351052e-01
-5.418812938546985203e-02
-7.113434581060915640e-01
-4.219954621883315604e-01
-5.567664703965893302e-01
-5.091958651756596232e-01
-6.636759935059850513e-01
-3.771505148904670812e-01
-2.536448799413518196e-01
2.156743859098954608e-01
-3.175881817762911674e-01
-2.608554311041940132e-01
-6.335929069586154760e-01
-8.064860110136301552e-02
-1.927301554901608704e-01
-4.848471014761953080e-01
1.488025909614835718e-01
-4.667323122437463945e-01
5.448867388043104887e-02
-1.891192983634764624e-01
-3.646189162920952520e-01
-2.468761570751181744e-01
-1.079494620002746097e-01
1.057534259644933861e-01
-2.239497822374514890e-01
-5.265691188551255841e-01
-3.941009555133168640e-01
-5.408306042007786640e-01
-7.530642458451503041e-02
-5.694700695251069256e-01
-1.757397982978088913e-01
-3.555355104295299662e-01
-3.563040517329310597e-01
-1.769605531771252793e-01
-3.399662320225585455e-01
5.858004804355443351e-03
-2.483389918937867202e-02
-3.538693425519903735e-01
-4.928757579578229575e-01
-2.446632032476868113e-01
-4.295387922445824125e-01
-5.654493012498034155e-01
2.519779082291821459e-01
-1.829333186763411612e-01
-2.857073803751686847e-01
-6.204738035095087589e-01
-9.068067428497781357e-01
-4.504764228675815496e-01
-6.624421537871651999e-01
-1.466116215317581628e-01
-4.013649523456206958e-01
-6.665721852473560638e-01
-4.508642137693895102e-01
-4.530063827104987006e-01
-3.568040869480576527e-02
-4.515928381769894195e-01
-1.766004272047508317e-01
-5.228567774502832499e-01
-8.280907900459681947e-01
-2.282904233686414153e-01
7.654185845022920542e-03
-4.782521834368798630e-01
-7.282108793263799562e-01
-1.191108228494806576e-01
-4.585660710370907389e-01
-4.714575053558545670e-01
-5.417135448648804363e-01
-7.786732519811195852e-02
-1.406518828657757347e-01
-2.200223767565217536e-01
-4.825012784618509798e-02
4.175760943950329596e-02
-4.240082525409830105e-01
-2.484574372560116040e-01
1.337254406510796634e-01
-6.703533463799122849e-01
-2.884590991488349965e-01
-2.291052152674777909e-01
-5.074392377727545700e-01
-1.682223197459148389e-02
-3.598173849805844093e-01
-3.869466472676000302e-01
-6.387167833886029378e-01
-8.601133756070261649e-02
-5.129999009233441321e-01
-2.794587283899870322e-01
-1.908052188361578083e-01
-1.089284668153536750e-01
-6.984198456426909951e-02
-3.275047837745189150e-01
-3.779907268121332486e-01
-2.691910660159462787e-01
-6.592918520533186388e-01
-7.372382593745396839e-01
-5.604129993358921702e-01
-5.228337808317893298e-01
-5.364969508335204473e-01
-1.611766209027477026e-01
-3.743937183612975894e-01
5.805594077035486356e-02
-2.798369888639543057e-01
-4.099679438336890080e-01
-4.933868529104299960e-01
-5.244241772306829086e-02
-3.236567891393150043e-01
-4.681396590559683824e-01
-4.622422177059957726e-01
-4.369063975505658726e-01
-3.418762545760150595e-01
-7.673741436623565670e-02
-8.394324803589775508e-02
-1.429220582119091199e-01
-4.048786909930553457e-01
-2.994054507132131726e-01
-4.769694476608817291e-01
-3.693204776226051700e-01
-1.529490953110906326e-01
-3.267129885105260478e-01
-5.914066779232496351e-01
-3.725002131968158658e-01
-4.860403440989960466e-01
-2.079296591934789995e-01
-3.156349563683247816e-01
-3.225060911189854829e-01
1.312626036925418349e-02
1.501943811200895929e-01
-3.278163427254524032e-01
-1.034859933816752453e-01
-6.923822870222662296e-01
-4.409204286877970724e-01
-4.942235115710010285e-01
-3.389424308116209539e-01
-4.352222828369645691e-01
-4.560425092348450726e-01
-3.240521278564406082e-01
-1.179661301342603275e-01
-1.975297561307312599e-01
-5.284841113381131272e-01
-5.077049954410566279e-01
-2.293433219145169510e-01
-2.084444695427057348e-01
-3.824516968159597519e-01
-2.130332313893439911e-01
-5.385070568918561840e-01
-2.322740363531399788e-01
-1.117369833345490115e-01
2.232397332194983597e-01
-6.708189544183490449e-02
4.960045862179235376e-02
-5.610342862807304876e-01
-1.615590018564501684e-01
7.206713366960876277e-02
-5.176192655032889611e-01
-1.586041336497002185e-01
-3.914157228146071810e-01
-2.957141160015958059e-02
-7.013128463642073207e-01
-2.472990894515985638e-01
-1.811997075552161385e-01
1.610038833084134757e-01
-1.447121567052148117e-01
-3.017856084272705908e-01
-7.717708272211304399e-02
-6.427011299039446790e-01
-7.308806506700143979e-02
-3.241570136116114775e-01
-7.095151633209845210e-02
-2.483969364607046537e-01
-2.887094612865906407e-01
-1.392132505851422786e-01
-2.255124525016012904e-01
-2.692496402453109505e-02
-6.070646907616645827e-01
-2.690667865730920760e-01
-7.079956955269151031e-01
-3.379375449876716453e-01
-5.053107047563938359e-01
-4.063166690876412468e-01
-1.020485271007599004e-01
-1.850089411501767978e-01
-3.580444921814547876e-01
-3.592435536289185216e-01
-5.118344167137860445e-01
-5.803174556604848711e-01
-5.220103535811131401e-01
-1.784866290697420532e-01
-1.360522053293356515e-01
-3.725080018240630175e-01
-6.980776517761673183e-01
-3.065230898572051665e-01
-2.960280166742497721e-01
-4.691281852221576565e-01
-3.662019044457012762e-01
1.678023341260578838e-01
-4.315340700506387628e-01
-5.890148812110642673e-01
-5.023621521549128666e-01
-4.654298098013894269e-01
-7.431896424785883193e-02
-6.247539650024234170e-01
-4.358469668477532588e-02
-1.649533088286401772e-01
-4.542366292816138462e-01
-1.097175359680001794e+00
-1.844984507576553079e-01
-1.612844542967342698e-01
-1.894666579250779415e-01
-4.126697741299776845e-01
-1.367062004302651013e-01
-2.977577081306149176e-01
-5.073381482172298895e-01
-9.784192229131299934e-02
-5.698982261659364390e-01
7.910179228027963694e-02
-2.573097922140240024e-01
-3.153223682799902172e-01
1.946530419189279604e-02
-2.925450466394239890e-01
3.634431594068793792e-01
-4.932741254968076583e-01
-4.779031107993181871e-01
-5.758642405436060763e-01
-4.913556231006528940e-01
-1.466521772069567242e-01
-3.058782548139623025e-01
-1.393928034734465138e-02
-8.478806109905484556e-02
-3.259373927730320752e-01
-4.584620412538292777e-02
-1.850713446837955467e-01
-5.986851199293892201e-01
-6.150977030217981145e-01
-5.289327840943269798e-01
-1.096941895667141176e-01
-3.656349532998289242e-01
1.042689531733275721e-01
-3.737950692608973946e-01
-6.333507282146482176e-01
-4.308270915343759833e-01
-2.755359932262640421e-01
-3.869954986265438657e-01
-9.551876425884811006e-01
-4.760889799201320494e-01
-3.378528382229471494e-01
-8.681664746138264555e-01
-3.802237465656160276e-01
-2.786812925861653634e-02
-1.556882926234775533e-01
-4.533466895878502378e-01
-3.091333832876804188e-01
-3.473383828912575688e-01
-9.075789501519937463e-03
-6.610356681994002948e-01
-3.001150484385460282e-01
-8.165680546663672823e-02
-4.759650060132477045e-01
-4.648529322156176868e-01
-5.407952743329969003e-01
-5.826056466112611298e-02
-5.220747679389501350e-01
-3.500354557148460111e-01
1.668867311759902328e-01
-5.242411357715153208e-01
-2.220148746691675279e-01
9.554933280485350400e-02
-2.144324288387858268e-01
-6.046268398590517457e-01
-4.102313305515080111e-01
-5.089276666866787702e-02
-3.548109163861892790e-01
-6.607742478250568929e-01
3.312512290686799310e-01
-2.559269963956585792e-01
-2.130295385908920758e-01
-2.328176120110581615e-01
-4.594885934618564982e-01
-2.742818943145609034e-01
-3.740050599428995093e-01
-8.244469603867493612e-02
-5.593959325992128306e-01
4.019833797357413863e-02
-3.639302568894434153e-01
2.799747599974317103e-02
-1.528896221337885941e-01
-2.456124836570131031e-01
-3.510389508192131580e-01
1.305809608325438353e-01
-7.837800141840642887e-01
-2.974537595812490332e-01
-7.387823585778119373e-01
-3.422516869919048355e-01
2.742347378331139174e-02
-3.176854448639799267e-01
-2.278154549843898757e-01
-5.309518160045638702e-01
4.448782085589225721e-02
-6.761570119623577790e-02
-4.456619471611671934e-01
-5.765533374069815586e-01
-2.849765304317003478e-02
-4.913649167659284722e-01
4.352164336670888423e-02
-7.753216636756374847e-01
-8.995942572918430580e-02
-2.257183897183244192e-01
-6.810590206293150040e-01
-7.835251302344912183e-01
-5.719152294449298957e-01
-2.304089350491236865e-01
3.199454183875007351e-01
-6.319202351129029616e-01
-2.881188937396755301e-01
-4.242822770591883619e-01
-6.595199605482489069e-01
1.067415549144698494e-01
-4.026511110524855774e-01
-5.640434480576925758e-01
-1.236184512293765914e-01
6.447611159206750875e-02
-2.184622306125221791e-01
-1.053370721714946279e-01
-4.464755584433289237e-01
-8.763493231623269430e-01
-1.092001761659707193e-01
-4.482895000089777704e-01
1.100777619004395524e-01
-1.416460704628695333e-01
-1.932185365326338222e-01
5.057969174712745319e-02
6.721655216583627412e-02
-1.533068245084377446e-01
-1.474663219354437893e-01
-4.310115354795667764e-01
-3.430102394639474306e-01
-2.138160059069070251e-01
-2.744257351132515788e-01
-3.944897422059026604e-01
-4.028640330330409136e-01
-7.332663693329571908e-02
-2.842358969399910729e-02
-6.738217055838977565e-01
1.655479641971768223e-01
-1.159136799252036831e-01
-3.884057269874721663e-01
-3.098558004374081798e-01
-5.927998778543295266e-01
-8.215440790759527268e-01
2.410890379301195430e-01
2.403454062386071732e-01
-5.522544274372315209e-02
-4.612250062598782785e-02
-2.660463696994850857e-01
-6.445390411535751873e-01
-3.013366393246284525e-01
-1.120144026171883689e-01
2.184258378762343744e-02
-4.984486248259095698e-02
-2.294713645350872633e-01
1.864837651687473175e-02
-3.504039000460551501e-02
-8.744189937520912004e-01
-2.983725044032970453e-01
-4.210429793380155439e-01
-5.245912440047502123e-01
-3.991411394149452230e-02
-4.028474834946043637e-01
-1.449640436112581421e-02
-8.142518075897392515e-02
-2.894150738529278066e-01
-5.769912638310121800e-01
-1.088951421639490769e-01
-2.471812574965395748e-01
-3.430398511582351539e-01
1.068797502561226742e-01
-5.387931719688059395e-01
-1.756675201663787100e-01
-2.712708590270307973e-01
-5.911795319440540375e-01
-2.070876532005603843e-01
-9.725555967161167992e-01
-5.611563911763659540e-01
-8.965743777328732955e-02
-3.247534697792074376e-01
-6.258966211563081750e-01
-5.312455476151680678e-01
-3.331632364852877282e-01
1.344936892475518397e-01
-1.357196262073726012e-01
-8.280450969896385738e-02
-5.128744559887192800e-01
2.308125972170737561e-01
-8.197645566067603973e-01
6.943355716824534118e-02
-8.612548045295835841e-01
-3.618627974473054842e-01
-7.832192824547949961e-01
-3.842681461746982330e-01
-3.452554194296167389e-01
-3.758357778816550643e-01
-3.082469501426641778e-01
-5.035439886701280621e-01
-4.885176953652501930e-01
-3.846754673921109480e-01
-9.844400570434835851e-02
-7.561741596240573182e-02
-8.312976328958271433e-02
-3.362904664559925316e-01
-4.514939964665792838e-02
-3.694093796348992265e-01
-3.934925555360391791e-01
-1.183668351959586418e-01
-3.371125161185060670e-01
-2.832310068776498491e-01
-1.524468582344807310e-01
-1.382530732573728494e-01
-7.888568132898972074e-01
-3.305908998683020905e-01
-3.723484456154655953e-01
-1.814324407463954736e-01
-4.132731328578285734e-01
-5.220192579469480343e-01
-5.314353544616960967e-01
6.430665881742519963e-02
-2.933125235619802873e-01
-2.612920971824164718e-01
-1.163210479586039292e-01
-4.112162675992015459e-01
-2.826203880985116990e-01
-2.280275957593401182e-01
-1.032422834449425175e-01
-4.558645228773295366e-01
-2.648704364136489908e-01
-5.314294177511169615e-01
-9.198833698316346563e-01
-3.256291616732878702e-01
-6.851145987779045932e-01
-2.243128705850563898e-01
-5.334339313639699931e-01
-2.352744232943391745e-01
-4.860988371797217433e-01
-1.636175662106578721e-01
-2.305314209811837878e-01
-1.759526562891733925e-01
-7.580902451610121995e-02
-8.088753288177881196e-01
-2.793370077929294149e-01
-3.289710108421322610e-01
1.329201555949412472e-01
-6.340554553594707210e-02
-2.857730541692178883e-01
-3.308641441060485300e-01
-1.876644498109426018e-01
-4.461009968189527108e-01
-5.519670132516947270e-01
1.085453956020531741e-01
4.430114200396267909e-02
-3.754901243922828535e-01
-7.983023549234552485e-02
-1.006676248707916721e-01
-2.082900778574941492e-01
-5.966670866112591121e-01
-3.845827155730643931e-01
-7.220238442958987202e-02
-4.498454230331501713e-01
-1.194328467592070120e-01
-9.899717350277775774e-02
9.231861341717223501e-02
-5.312848687527957914e-01
-3.732412261751930083e-01
-5.257876789631663605e-01
-3.074161686387922310e-01
-1.834143729501929720e-01
-3.543095308160287282e-01
-4.348725838553560430e-01
-5.490383008915178387e-01
5.959584282026092472e-02
1.586867858981934609e-01
-4.336184934898317800e-01
-6.493422292900139503e-01
-4.296258270560824877e-01
-2.978765581365974691e-01
-8.930125497181912175e-02
-5.573148842798087976e-01
-6.294852052955488553e-01
-3.296582110337920590e-01
-2.025957108077674484e-01
-5.565557211683125338e-01
-5.884337544775068984e-01
2.035753646394868333e-01
-2.690388466912492782e-01
1.073791498822313506e-01
-4.218253163522765470e-01
-6.186262852100417042e-01
-3.198374795154249051e-01
-6.037530376962085832e-01
-2.671323350847215061e-01
-2.976891596024598408e-01
-1.233656068824103280e-01
8.736878167971479092e-02
-1.018366439675558177e-01
-9.470673144874557359e-01
-5.294454123687200031e-01
-3.118685192669486406e-01
-1.579027066207011609e-02
-7.460164567206156727e-02
9.563682637448728263e-02
-5.629614474300805860e-01
-6.108063080446162196e-01
-3.123294277129723406e-02
-3.166755496733598130e-01
2.712078220173554377e-01
-1.334882584066982014e-02
-7.420818649545829482e-02
1.702428685110340956e-02
-5.977231376913363370e-01
-5.502687242935775380e-01
-2.951058755954716895e-01
-4.087540543589694431e-01
-2.967304605531962403e-01
-2.452441412565283252e-01
-8.584079915964487606e-02
-1.968400937049141763e-03
-2.872229345191646410e-01
-5.611968707406639334e-02
-6.913839040380875822e-01
-9.042261555418257268e-02
-2.909767043111562423e-01
-5.657379451419726202e-01
-3.147633196520094878e-01
-3.728031069437852119e-01
-8.922441055258514275e-01
-6.530461455362055467e-01
1.841805156305506563e-01
-3.943823895863319273e-01
-1.837285164559259720e-01
-2.641359031592114825e-01
-3.429792457922578586e-01
6.222781927265280677e-02
-3.087052196345721478e-01
-2.018931032386788726e-01
1.833508574885071574e-01
-1.406917755383188529e-01
-3.698921189518942776e-01
-3.752137216752449711e-01
-1.746175080487924469e-01
-3.019705820954255437e-01
-7.367717362848807960e-02
-3.873507538838799058e-01
1.923865135977592677e-02
-2.413855052863245754e-01
-5.560347192097805369e-01
-3.517575904153998345e-01
-1.323687230912012347e-01
-5.172155871045416298e-01
-6.212381201758714333e-01
-3.680416104848594494e-01
-1.016773903753081520e-01
-2.501478692303718554e-01
-4.303469667988265024e-01
-2.164776085412492557e-01
-3.426712984711426935e-01
-1.584174122262607676e-01
-4.202766129614983748e-01
-3.962224534495147332e-01
-1.538187494796444121e-01
-8.021766045441443005e-01
-3.698829806886264060e-01
-4.232188331578084495e-01
-2.018784059741390302e-01
-2.355045541359897521e-01
-3.546842674452049260e-01
-4.342991947320098967e-01
-2.461145668081000104e-01
-6.403090422671593451e-01
-8.502791124887615348e-02
-1.743245290662689961e-01
-4.811931798132512705e-02
4.362926371427317540e-01
-1.905318481746972048e-01
-2.365132643487011799e-01
-5.628311973528110634e-01
-1.189813162731324092e-01
-1.094743518764472179e-01
-9.213161174819117782e-01
-3.360300922840804838e-01
-5.533645270481106770e-01
-3.640120096751400802e-01
-2.343702170046922384e-01
-6.222295114986633457e-01
-3.758880809905834064e-01
-3.755761026865057084e-01
-4.485065131451731468e-01
-2.178561673912722818e-01
-4.231932471713233945e-01
8.977308243381848518e-02
3.592292657909505471e-01
-2.422567660852555371e-01
-2.080801815619577888e-01
-6.447906216457099937e-01
-1.827241650311442478e-01
-2.356929265809424856e-01
-2.567780810026545901e-01
-7.389716261989858204e-01
-3.524908093597046155e-01
-5.890749295080976999e-01
-6.592191085978407195e-01
-2.598830178072054076e-01
-5.351681444373785901e-01
3.121103118863594039e-02
-1.249285506241020749e-01
-1.787674514937447889e-01
-1.920123893686392358e-01
-4.899095593014846650e-01
-2.608236519460054859e-01
-2.816327479629952557e-01
-3.820221881457049329e-01
-2.853035145263090322e-01
-2.968206581712480863e-01
-3.588920168484084905e-01
1.240421529362580322e-01
-2.454102477564786278e-01
-5.965596917577937752e-01
-3.749258284614894188e-01
-3.129677052686337668e-01
7.979707937202767942e-02
-1.105080834681513857e-01
-2.322756541549720333e-01
-2.106416721098765543e-01
-2.327455354723509395e-01
-2.973373017237475602e-01
-5.290541016423842002e-01
-5.846062163095777642e-01
-2.709791728706539282e-01
-4.762481222941202241e-01
-5.933301204935603756e-01
-1.904890755479340947e-01
-8.293948812254520186e-02
-1.298139673626549917e-01
-2.747601795888568454e-01
-3.535541363503519330e-02
-2.745700430797204938e-01
-2.663007342788544229e-01
-3.533422595121949450e-01
-7.935604393230701881e-01
-4.712357490149910455e-01
-9.768769422907080946e-02
2.771863575993499529e-02
-6.290558347537040795e-01
-3.809774032744753236e-01
-2.377443852428880455e-01
-4.716292922545304855e-01
-1.273495443710471187e-01
-1.942627899142448933e-01
-6.664806966438452385e-01
-2.266324636410713134e-01
2.465017821688095245e-01
-4.930936427974513259e-01
-6.420658992828305323e-01
-5.789060912466408304e-01
-1.519385844543248987e-01
-3.725223859218354527e-01
-6.034805048774640746e-01
-3.306542604169036559e-01
-5.133093765157004107e-01
-2.219180656591999701e-01
-1.380330435154922264e-01
-4.265713893240580257e-02
-2.735303326953411607e-01
-2.706967115470929053e-01
-6.913008818853936255e-01
-6.734050581803328051e-01
-2.994358542330083361e-02
-1.189226973289945755e-01
-4.336423009310093613e-01
-4.021520538200289985e-01
-3.757164703630189728e-01
-3.352466133680516713e-01
-3.727255390611615149e-01
-2.927725851665159973e-01
-3.401178904995814656e-01
-8.016453514063610619e-01
-5.677413584414786607e-02
-1.873230933088519401e-01
-1.148115763926970789e+00
-4.210691972945395656e-01
1.384303778097656923e-01
-2.382719786155971797e-01
-4.069470227346277391e-01
-2.966438242028038297e-01
-1.244298520357678961e-01
-2.658567737736015624e-01
-4.315288373580422610e-02
-5.093266722772029631e-01
-1.864230169921251012e-01
-2.221509505464749901e-01
-4.729470681135095611e-01
-2.681306851272187708e-01
-1.114519352540602193e-01
-5.770686869487886561e-01
-3.490692825232880048e-01
-1.096755015385438292e-01
-2.020045805267583483e-01
-5.150273179082813790e-01
-3.235346413707032576e-01
-2.163599054489684925e-01
2.346508821292608848e-02
-2.125962858523569587e-01
-2.619419584480807139e-01
-4.723739616463267788e-01
-3.769512290882102712e-01
-2.782121591243763015e-01
-4.851382281793364393e-01
9.254657156120543737e-02
-1.917220849555617002e-01
-6.845786025252970086e-02
-9.052095137206045417e-02
1.896594455677153013e-02
-4.968428833933953848e-01
-9.145098990052119570e-02
-1.075187963273518954e-01
-2.445268518620876130e-01
-5.381051982709998960e-01
-3.961538836814254005e-01
-1.726076070558702491e-01
-7.539497237596443080e-02
-4.854415034194699552e-01
-4.993153106564248156e-01
1.145975685583481840e-01
-2.344569284993168190e-01
9.666274094693910746e-02
-4.176704163667577796e-01
-1.754051740597427078e-01
-1.964508378750449702e-01
-4.717726073621340555e-01
-2.398321850967489177e-01
-2.588519743563542641e-01
-3.215927663952454219e-01
3.320161883857103424e-02
-2.515616274930861374e-01
-9.230545549685637008e-02
-4.874896584335287053e-01
3.860958169086531888e-01
-3.507580719167440741e-01
-4.341164756060931773e-01
-2.641273116113436736e-01
-2.106264378452818442e-01
-2.032585972595453705e-01
-6.679328609137393791e-01
-2.810016590402609205e-01
-1.832597662909368763e-02
-1.282009219047358095e-01
-4.178905069344094891e-01
-3.951848070437607441e-01
-9.915761285062224539e-02
-8.080059316960199745e-01
-4.098208978325997287e-01
-8.170909960703220953e-01
-1.817076110160552038e-01
-4.395402621951026156e-01
-3.815068855191428576e-01
-3.467356548819418571e-01
-3.190423376350364770e-01
-2.783610149382274579e-01
-3.676265868243118740e-01
-1.538048649953159264e-01
-1.328323616038074584e-01
-9.343779969121307483e-02
-1.346893724301137518e-01
-2.364222146196195973e-01
-2.378080655540775745e-01
-3.634281858297617185e-01
-1.537492106324163665e-01
-5.418062202525963933e-01
-6.249553992902048272e-01
-4.670271903096670507e-01
-1.256090502504290662e-01
-5.655072983266831166e-01
-1.641537355528979725e-01
-1.714826611852911520e-01
-1.108375746525963046e-01
2.966751816863956726e-01
1.607102344205055267e-01
-4.207233132405901466e-01
-6.376134837418914181e-01
-2.039927235100589820e-01
-2.482816769642554044e-02
-2.614280734073593515e-01
-2.495413024848614492e-01
-7.832965200773434056e-01
-1.593107218194416697e-01
-4.792772800084504348e-01
-2.215165750452752769e-01
-3.213991239202199091e-01
-3.622929859901380945e-01
-3.378809896888488873e-01
-4.832459044438449092e-01
-2.547488785169070291e-01
-4.471171456720708925e-01
-3.302833319590559591e-01
-3.060560780766406475e-01
2.267401760855522475e-01
1.751759213583120589e-02
-5.310492043398764572e-01
-4.968091055390755906e-01
7.335183142394846589e-02
-2.075609466276593928e-01
-3.609077017037987667e-01
-3.070985039247245418e-01
-4.684195559912507911e-01
-2.209536585158713984e-01
-5.690676819714508561e-01
-3.561574157458165524e-01
-6.860007009135427047e-01
-5.427741407324977452e-01
-1.797894059138980816e-01
-2.061848474732924097e-01
-2.749643477188006835e-01
-2.474464544194874827e-01
-4.286836853119173063e-01
-5.800003399443203200e-01
-3.491312115537153482e-01
-5.208543644758916180e-01
-2.608422393648877624e-01
-2.932587755604925683e-01
-3.682885157018885303e-01
-1.664182193361978812e-01
-2.918598973194233559e-01
-3.970658430290937013e-01
-5.159486794887695460e-01
-4.262534246498222434e-01
-3.422336436227345069e-01
-3.204342350893286118e-01
-5.797662594560333282e-01
-9.161100501998302725e-01
2.320350574051438519e-02
-6.153214891661886732e-01
-2.870261695457654860e-01
-3.581369780997830099e-01
-3.983192224830963135e-01
-3.454970267732835887e-01
-2.483628244260925322e-01
-1.918384796500772205e-01
-1.570508840488327729e-01
-4.860467358701723861e-01
-4.841643276506713556e-01
-7.183071515616714642e-01
-6.204056148970737983e-03
-3.320595322074067490e-01
-2.347257777443130800e-01
-3.413581780340889105e-01
-4.064900740692150571e-01
-1.989881745388158429e-01
-1.578309273095307441e-02
-7.003652401875065658e-02
-3.560187618041053548e-01
-6.621654018453831947e-02
-2.815589637168725567e-01
-4.065642110476024862e-01
-2.544097889659436285e-01
-5.918418839135850540e-01
1.162292961880306286e-01
-3.682886854089174045e-01
-5.236301273353355379e-02
-4.647926648768288538e-01
-4.064376434083577516e-02
-4.222358241850057703e-01
-3.874196119614912726e-01
-1.725367058745921889e-01
-7.294309429373027065e-01
-2.042089463534365046e-01
-4.018286348274818232e-01
-2.236040964297756894e-01
-4.477572723758496687e-01
-2.769494000225810049e-01
-5.932069432201108050e-01
-2.764635756153422386e-01
-2.914718882925169674e-01
-2.740880969017181479e-01
-2.758708110243728862e-01
-4.469500341089341355e-01
-3.865455664346027498e-01
-3.846964546604892399e-01
7.621868866719999636e-02
-7.813789403279227663e-01
-7.382627612844960829e-01
-2.006623413688335966e-01
3.254957199728116257e-01
-5.711535267458995868e-01
-2.525809635684095888e-01
-4.027696775288843178e-01
-7.805705346357832974e-02
-6.332003260974770065e-01
-2.681395433768370418e-01
-3.109673676594906788e-01
-1.640518587779565274e-01
-6.559587378144375869e-01
-8.001211583775824643e-01
-5.622731557048550322e-01
-4.258487987708342581e-02
-9.230551371696599228e-02
-2.541251478835922506e-01
-2.410300421982794483e-01
-1.194065156485249468e-01
-5.756346757046357787e-01
-2.698379249145586578e-01
9.374639847243976254e-02
-3.220565244706362074e-01
-5.807060972453439440e-01
-3.045583034271968637e-01
-6.655546810963550719e-01
-5.742056362925436197e-01
-3.221436222969101260e-01
-3.389326287625747391e-01
-2.862256074424401331e-01
-3.546075118093772738e-01
-8.034605651642628965e-02
-4.386013725392641782e-01
-4.462557156811937653e-01
-7.034701615104776984e-01
-5.547732490686709816e-01
3.039717017371929564e-01
9.691839591226381057e-03
6.289038819895104160e-02
-5.640152285342563410e-01
-1.274453730908474136e-01
-1.149487063796681974e-01
-3.329616833841809176e-01
-2.410882307290945215e-01
-4.252707222894280825e-04
6.612671525587593413e-02
-2.257741524216717033e-01
-4.870209984799669933e-01
-6.155133324402410899e-01
-6.452534179278903714e-01
-4.694329762848519771e-01
-2.296498837333876275e-01
-5.246617692728254845e-01
-2.893252366610875037e-01
-1.176773128153426051e-01
-4.375515484428549318e-03
-3.308566277894447460e-01
-2.610311634381444201e-01
-5.573463263840179316e-01
-3.046141416559647319e-01
-3.324771238777129434e-01
-3.257511417736407844e-01
3.708892787563866644e-03
-4.818541086132666629e-01
-3.435473949321275478e-01
-3.317220181852432170e-01
-2.644537463667800403e-01
-3.182160346756189306e-01
-3.397952272606877266e-01
-5.920430767960422891e-01
-4.645962310660008421e-01
-4.320649751862651322e-01
-2.199016486298651096e-01
-3.476972233058047146e-01
-5.385877335846882552e-01
-1.293164820953447980e-01
6.617779594474576532e-02
-2.645217942846725401e-01
-5.189663882712030052e-01
-1.579441693038572958e-01
-2.384501144736757561e-01
-5.003417533186902411e-01
9.187689878588256587e-03
-7.576137886323874859e-01
-4.374504938942860854e-01
-2.652563825943486386e-01
-3.161232073289910738e-01
-1.702818918875750875e-01
-3.949176820562070866e-01
-1.844886652124989035e-01
-3.522265883692808353e-01
-4.444489093749309228e-01
-1.935132905285504301e-01
-4.454965488388116790e-01
-2.215273425266467422e-02
-6.765520420507695754e-01
1.209127128349324898e-01
-4.894298251024662982e-01
-3.345186510530422930e-01
-2.337497511690683205e-01
-1.430655906853748882e-01
-5.477184911539194623e-01
-4.777932063577048916e-01
-3.433596086914510459e-01
-4.778014634772529967e-01
-5.777303698097111528e-01
-2.239891479583140943e-01
-2.883195706520856327e-01
-1.956565516111621883e-01
6.800608112655964765e-02
-2.893068186227095162e-01
-2.996901751206882403e-01
-5.378629082791612781e-01
-9.840880839958693338e-02
1.431932678851341456e-01
-4.179134445868376013e-01
-4.871923262151658940e-01
-2.155387189764508826e-01
-3.082969951987420409e-01
-3.851297074430744538e-01
-3.190271212993125993e-01
-3.565443125523271584e-01
8.680363627478321353e-02
-4.514483499762538821e-01
-1.832164587167822156e-01
-1.452461424922951716e-02
-3.901322560804386108e-01
-2.014246051375683799e-01
1.782280712096126485e-01
-3.567256852381999743e-01
-2.941488905906309292e-01
-5.364877353274235539e-01
-8.332590639827590628e-01
-5.369375915381842113e-01
-3.890102867681269339e-01
-2.436914320635997222e-01
-1.827089865064520091e-01
-1.356633754906445000e-01
-1.325709621408007188e-01
-3.533212153693346402e-01
-5.921040000773030165e-01
-4.942746924689883081e-01
-4.953253688639916441e-01
-1.089471856791531246e-01
-2.229995205410238435e-01
-8.597490074227835954e-01
-8.705695328737711458e-02
-4.221121113379067702e-01
-2.287570462442976571e-01
-3.761939668150309779e-01
-4.290559300046835056e-01
-3.531981480940698526e-01
-2.734184644898936534e-01
-3.686376355985437892e-02
-5.677649701731053433e-01
-5.624190213536466310e-01
-2.340304126923454242e-01
-2.744856208875111059e-01
-1.700964808832350905e-01
-4.359479246474760594e-01
-1.744874904819729289e-01
-6.410647592294044239e-02
-2.552008465996676301e-01
-5.814240660212957046e-01
-1.097130573837828416e-01
-3.555574580555398989e-01
-2.868234693991574269e-01
-1.246010867146343792e-01
-9.350631683906535097e-02
-2.763906116581674177e-01
-4.404343989823159000e-01
-4.143189282592350531e-01
-4.019327247823452631e-01
-1.455156422879367306e-01
3.298375462231279420e-01
9.250109802099920620e-02
-9.200569102192486248e-01
-4.633452563478717701e-01
-5.599474567969814354e-02
-3.813393886349386031e-01
-4.773327322993076161e-02
-1.652547119459347180e-01
-1.214125342374186567e-01
-1.847929741954926208e-01
-9.338252179565792455e-02
-1.607308106653069779e-01
-8.687174615607671235e-01
-5.504832460721016396e-01
-1.465688420700002603e-01
-5.302289447010974932e-01
-8.006126646061823005e-02
-3.024103118910202448e-01
-1.360917684535434824e-01
-4.051258943361558118e-01
-2.639735321165770920e-01
-3.737695139168245584e-02
-5.290982857100066106e-01
-1.389486288119994861e-01
-4.015012726711409408e-01
-5.347162355186907412e-01
-1.711930112663294090e-01
-6.933892167191868516e-01
-8.542363894475052399e-02
-2.613324428653034937e-01
-3.162721358314086184e-01
-5.090292892366972133e-01
-5.515468505613374539e-01
-1.425937118731260278e-01
-1.680871605423256421e-02
-5.221273023325818663e-01
-2.901868089499939907e-01
-1.233446102685370471e-02
-8.429170634578153631e-01
-4.882107487419600766e-01
-3.644196291223989470e-01
-7.077335259567942849e-01
-2.183082699270194604e-02
-2.974602877716142069e-01
-2.704802413500134173e-01
5.356300103734973339e-02
-5.122608596235136424e-01
-3.691278832477046246e-02
-7.876797438047202782e-01
-1.849913186138505972e-01
-3.281934702826406203e-01
-3.382972473151696358e-02
-6.268627461257989530e-01
-4.668964451075053312e-01
-1.178933827489392905e-01
-1.784952748505089226e-01
-3.070202459866027689e-01
-4.864952936632077063e-01
-2.071973792306153195e-02
-1.612180722529879540e-01
-3.730152323815230653e-01
-2.742426115338908454e-02
-1.898335122178065881e-01
-2.255214943549793127e-01
-3.061799990548129125e-01
-3.686719336553428428e-01
-2.772797983991961979e-01
-4.245393118513707820e-01
3.552476741770810298e-02
-5.499840586693633959e-01
-1.440464541779325480e-01
-6.127425962334762666e-01
-3.999721847043003486e-01
6.575841448045902093e-02
-3.922752982084714568e-01
-2.086659274234823891e-01
-3.829869388867074287e-02
-5.751504448319431084e-01
-6.359519525972143761e-01
-5.787717499117914777e-01
-4.273347808735513120e-01
-3.963912739203406255e-01
-6.509840493758695112e-02
-3.047520280197955622e-01
-3.662802783057981793e-01
-5.114451665857271401e-01
4.331232209020136059e-02
-4.295731238524714279e-01
-1.186240467257638209e-01
-4.308552557602909894e-01
-5.347073356924458842e-01
-4.297925996179619568e-01
-5.097277244650705308e-02
-5.819747012168794420e-01
-6.095389457445290482e-01
1.267390996197436670e-01
-3.985987620235432183e-01
-3.334055655420980480e-01
-4.101705194715142277e-01
-4.431871784141745985e-01
-3.730150919895192652e-01
-5.179612455494404522e-01
-3.717508826164431235e-01
-4.005989243913253284e-01
-2.821099692719682417e-01
-3.400852933277432322e-01
-3.042258826103717007e-01
5.815894853245090479e-02
-2.167296038882509657e-01
-3.168864562588039058e-01
3.136206619798137529e-02
-4.196838356134305337e-01
-8.464804555000680075e-01
-1.582402998853287834e-01
5.137009873172393437e-03
-2.344426022251693831e-01
-6.331964636798237400e-01
-8.176042619370399445e-02
-5.551552836073843089e-01
-4.032803378576735320e-01
-1.097510443634104882e-01
-2.293333254595180670e-01
-7.091359338860709904e-01
-3.946589863742855919e-01
-2.313314740063217578e-01
-5.680843538809630111e-01
-4.220844720828390018e-01
-4.063412165724398784e-01
-3.154650165804864792e-01
-5.479218409308974636e-01
-5.131265704303697994e-01
-2.469927474862499417e-01
-1.818334646765512042e-01
-3.778584645720184931e-01
-1.893199312145950608e-01
-3.220981507162013480e-01
2.845729389963691514e-03
-2.051726929939801658e-01
-2.783023592545857405e-01
-2.779301106077274874e-01
-3.242607054111528719e-01
3.863504861700284287e-04
-4.538424411172639616e-01
-1.031359763581148337e-01
-1.214535585280783203e-01
-3.367847594917178222e-02
-7.421411701247443427e-02
6.053056867987599565e-02
-3.226599308122045096e-01
-1.557759131522638563e-01
-1.905114172305358289e-01
-2.990314793845887942e-01
-6.236393000786439877e-01
4.019245366831064592e-02
-1.274956072539770724e-01
-2.782627165661792357e-01
-5.914395962562761788e-01
-5.036362056794385644e-01
-6.107465567635057546e-01
-4.183746476625889721e-01
-7.396833875763246802e-01
2.820264560374314278e-01
-5.192230057868241211e-01
-1.562222129282103134e-01
-5.868669229869323267e-01
-4.325380521421711699e-01
-2.535893786804206962e-01
-1.238454754816236680e-01
-4.573499501055367511e-01
-1.488817031355834097e-01
-4.735352815071399157e-01
-2.271676270760854544e-01
-7.315919802323606058e-02
-5.085917169567584217e-01
-2.127998678438599023e-01
-2.509631453157906145e-01
-1.397246498266651593e-01
2.915530576327135526e-02
-2.817115347755572707e-01
-4.220539860636774443e-01
-3.889948123667559821e-01
-2.757728461780364904e-01
-2.637066616548442988e-01
-3.395823707673142899e-01
-6.644599230859395966e-01
-4.037720300914010574e-02
-2.485378599596655413e-01
-5.181650663079016006e-01
-3.970349464830796871e-02
-8.238099032901807783e-02
3.264819055101244039e-01
-4.550904460008192154e-01
-1.868444335921820021e-01
-3.183693747755467762e-01
-5.280611973251656543e-01
-3.914704233849418125e-01
-3.278951886511590197e-01
-5.890074230720687698e-03
-6.818302809933922681e-01
-3.360679566329101697e-01
-3.001613502047502657e-01
-2.670842960233002494e-01
-2.192614976302356689e-01
-3.303006679208669305e-01
4.127601123108023962e-01
-6.647905351739997748e-01
-6.218508945412932754e-01
-1.258372671662440490e-01
-7.865102631529450328e-01
-2.130197436838484060e-01
-7.512052901318228004e-02
-4.294119775970100528e-01
-4.500544701493543465e-01
-2.172396978422708735e-01
-3.209198819790857748e-01
-2.797573720038931122e-01
-3.844890212889536252e-01
-3.269591559011542636e-01
-5.934761871420843882e-01
-3.363004643790153403e-01
-2.581818355404804088e-01
-1.548437666981246630e-01
-5.782889335601635317e-01
-1.615669896084576118e-02
-2.250577630788464512e-01
2.572467981581313956e-01
-6.764496784466944579e-03
-3.193534647095544465e-01
-4.514403157486169271e-01
-3.344024721618699680e-01
-4.599457561281040108e-01
-3.178796262192631894e-01
-3.525479864113561512e-01
-3.030257513763623956e-01
-4.664158510316274708e-01
-2.753675330339118710e-01
-2.341482282988818775e-01
-4.905124929352847052e-01
-3.544458534127775118e-01
-4.245570013810114340e-01
1.958311293662701180e-02
-2.069871300895838595e-01
-1.482493432210430506e-01
-1.421489186393221638e-01
-3.832328717308022825e-01
-3.764099782786610171e-01
-2.307723074856338763e-01
-1.920403710818275322e-01
-3.793113217553636951e-01
-3.658717326699237327e-01
-4.598693988501368346e-01
-3.098936546685036597e-01
-3.453928131983699523e-01
-3.100757780590979729e-01
-2.731555422436682812e-01
-3.573036397244809259e-01
-5.173703534809424021e-01
-7.546576354517997576e-03
-2.919978603654720950e-01
-4.878272273055484498e-01
-1.848786568857599399e-01
-3.278392147932299161e-01
-1.409081885993548888e-01
-4.657668908031405430e-01
-4.876229488739559081e-01
-3.383191464777799973e-01
-2.480235219368194799e-01
-5.064010045527180814e-01
-1.931678445661906829e-01
-2.540064146486576413e-01
-6.855661096910741215e-01
-1.450179717394611822e-02
-2.129572999644558373e-01
-5.299453392165713872e-01
-3.451748796165757249e-01
-4.842171044039501049e-01
-4.766173990123384607e-02
-6.340821954794191306e-01
-5.952571554838610446e-01
-3.882247242830244027e-01
-1.991981195822103978e-01
-4.279391574400902010e-01
-2.743186173411911732e-01
-1.544197925553168482e-01
-3.802205290155034612e-01
-2.214696597553680868e-01
-1.152710584380192693e-01
-1.489235064351839832e-01
-1.322603252570320742e-01
-3.638686076177611306e-01
-5.279299948482756299e-01
1.891086304888491276e-01
2.931756258908663204e-02
-3.238269022624469806e-01
-2.004058569977301141e-01
-1.219500897299999331e-01
-7.264573619222525203e-01
-2.574401758712210886e-01
2.633084844448368989e-02
-4.694653327854330649e-01
2.382158471401995548e-01
-2.181398939832246975e-01
-3.454707525913503496e-01
-4.304243402407590957e-01
-1.613992450598372153e-01
-1.517832386396774091e-01
-1.764396896882325927e-01
-7.818832662423713664e-01
2.196553508628390494e-02
-1.889679551073269459e-01
-2.105361222859181702e-01
-4.912036825776096571e-01
-2.890279952692336729e-01
-7.365155891236310204e-01
-4.513882704467460649e-01
-2.832289287638017350e-01
-4.340383189525352514e-01
-5.041993143536243061e-01
-1.321966361170124338e-01
-6.446813852300654624e-01
-4.241553835680141327e-01
-5.524634399534424922e-01
-1.432309117719677283e-01
-3.403042215251486646e-01
-4.336283340256704144e-01
-3.841923611809119898e-01
-3.742181085586940292e-01
-7.534485657846343720e-01
-2.876165434728404358e-01
-2.788663573429742137e-01
-1.371808380318718101e-01
-2.110092723310229013e-01
-3.427618889182296180e-01
-2.747950126514565050e-01
-4.796124413791216790e-01
5.658095815524738503e-02
4.808292571535893734e-02
-3.226091958018071915e-01
-1.349778808388611417e-01
-2.361947243503129124e-01
-3.235477073049240482e-01
-5.028443197095211481e-01
-5.342134392722521774e-01
-8.175584723311151158e-01
-4.482633868545674027e-01
-1.377385668513047556e-01
-3.381171316446623387e-01
-1.254752335809113384e-01
-6.164052188889184158e-01
-4.813281206390481182e-01
-3.119358163199419942e-01
-2.026575229881442675e-01
1.764164077356399907e-01
-7.630449373563661375e-01
9.377024239468617628e-02
4.913203109040459315e-02
-6.343372515401637379e-01
-2.551939151550831064e-01
-2.062590374946294269e-01
-3.555169735303321255e-01
-6.076464034140287573e-01
-2.055561227177862826e-01
-6.422375330092973122e-01
-3.777348964430911615e-01
-6.286225097593001188e-01
-6.749484969581281968e-02
-3.931351176531774905e-01
-5.163541778276194982e-01
-2.259172679657024951e-01
-2.272533856600734148e-01
-6.727515110476045557e-01
2.117055939109450668e-01
-5.014473229192764059e-01
-2.004839750761325257e-01
-2.029804612074959658e-01
-9.591611137219016037e-01
-1.289516662936002200e-02
-1.584057749138848004e-01
-3.911615608925740895e-01
-4.458938534080770233e-01
-1.743134214097961654e-01
-1.867063376477884895e-01
-4.066028395565735587e-01
-4.664846646133651853e-01
-3.018142194306503989e-01
-4.589270260068301632e-01
-4.455643562338634234e-01
2.712921704892709562e-01
-2.016247258974997458e-01
1.252568443353702099e-02
-2.645382001927925608e-01
-4.849431074393604768e-01
-1.311287903995724258e-01
-4.033440383075413416e-01
-2.915456146167057505e-01
-4.281632468754393295e-01
1.302208192788003038e-01
-2.765824764820075665e-01
-2.795071343751627801e-01
-1.806800066696650497e-01
-3.761395469054869545e-01
1.905434695796119626e-01
-4.270099402305516656e-01
-5.638175052012646127e-01
-3.445332364059124353e-01
-1.944353930512688344e-01
-3.875168248422338757e-01
9.538365726928738075e-02
-2.753364414305222163e-01
-4.609367063224110717e-01
-6.511981761171320437e-02
-4.979982250785437992e-01
-1.500259855332602421e-01
-2.803277860378164399e-01
-1.571025854968409186e-01
-5.568986601358543176e-01
-3.886581826405231532e-01
-2.661459804895654480e-01
-2.840487072909714805e-01
-1.234314775370682349e-01
-2.275965863262042199e-01
-4.080685183498969359e-01
-5.310170748832274690e-01
2.603920574149348743e-02
-3.070576540364631790e-01
-8.110055322223215235e-01
-3.504073672204427448e-02
-4.749342597315374115e-01
-3.352294233720561345e-01
-1.221113405065304414e-01
-3.039138622308504289e-01
-1.596173389715827562e-01
-3.691561735033901948e-01
-3.536708849628556472e-01
-2.272879323660075834e-01
1.763692698448937057e-01
-2.098973199688499158e-01
-4.365661162548276075e-01
-1.096923949511077745e-01
-1.283969563766729771e-01
-6.173288847088547193e-01
1.428554244425276898e-01
-3.268753876374269618e-02
-1.409423255883877624e-01
-3.956481219894141810e-01
-6.052501742984941480e-01
-7.312066845983317132e-02
-2.120915095042588683e-01
-4.814404061157923076e-02
-3.619571513621094305e-01
-2.729638479891503544e-01
-6.867609582242067967e-02
-1.232281773127935076e-01
-3.625899722512007650e-01
-3.426828335921326407e-01
-2.056227751221340605e-01
-3.459101975528118822e-01
-7.283436960163567342e-01
-3.399399549244007113e-01
-4.236623320192838826e-01
1.006825384714206684e-01
-3.471268469678539526e-01
7.104608323948935489e-03
-5.762076592408686970e-01
-9.817064806988590187e-02
-2.313331616870582530e-01
-2.541438140226160436e-01
-7.137019016891952283e-01
-2.252212058438698983e-01
-8.360332349977679378e-01
-2.264746050027289237e-01
-3.619496165735794357e-01
-7.607802125957491279e-02
-4.990554717431022191e-01
1.599270922813657569e-01
-1.180933830166429055e-01
-2.940632257313642861e-01
-4.846019922145044512e-01
-3.653199395753544132e-01
-2.690941933022484300e-01
-3.761907316580637706e-01
7.185399179273799231e-03
-4.261364385708153457e-01
-2.164192786215620168e-01
-7.148256549938563076e-01
