2.154795216273880931e-01
5.458815835427368590e-01
6.848117558413053807e-01
2.945515991375588505e-01
1.938487180106157615e-02
4.262827510675921139e-01
5.739399731132013294e-01
4.169657104904297973e-01
3.499471461617988388e-01
5.253730198025539089e-01
4.164381384803407804e-01
3.974550399813331358e-02
3.398534050872891732e-01
2.356705222663494914e-01
2.551140212465443091e-01
7.937406492976921690e-01
4.174241980970622712e-01
1.186483626592144680e-01
3.600569614678933994e-01
4.191538630804844678e-01
4.606766145911750931e-01
4.403834534874592754e-01
4.900919457928369360e-01
2.159642355974784045e-01
2.123703934785363123e-01
6.225841248347694368e-01
2.973733961000308290e-01
4.425973067845804798e-01
2.393253556362497370e-01
4.525837459603780366e-01
6.527349624598506317e-01
5.847777936217286587e-01
7.854370108926356231e-01
3.123130286033659053e-01
3.215549893789417246e-01
2.957105959969558717e-01
1.727525867903340617e-01
3.313153422926648495e-01
2.434347767744102220e-01
3.442031272448135559e-01
2.398154334044195202e-01
4.304353103519277801e-01
4.170484270501150781e-01
3.691490391251294745e-01
2.844621675144724526e-01
8.375620219826127588e-01
3.678444551301782162e-01
2.969547552794966072e-01
4.539999035783241488e-01
4.114591840044047877e-01
4.046327869208669603e-01
5.686206264683586475e-01
3.240025324561552345e-01
3.830885329179731236e-01
2.938204508281389571e-01
5.053623497145411925e-01
4.103809417089112066e-01
4.998679206805802244e-01
2.171862647095922916e-01
3.790032500692137041e-01
5.987259993675979608e-01
1.258868321542325197e-01
5.095562475554902271e-01
2.526139419793226870e-01
6.228848589853970275e-01
3.611418351653993830e-01
4.982199539548050615e-01
6.478199926996910385e-01
7.200063940524485950e-01
5.960621488233672771e-01
4.665131458756905380e-01
1.820114409355996776e-01
2.599373837986997393e-01
9.189066273327202161e-01
1.409947775945101234e-01
5.748388336040330948e-01
4.188546460642394442e-01
6.397812354226828369e-01
5.572800354223796937e-01
1.660825099609612443e-01
2.820704462607141472e-01
9.665365393644925751e-02
4.899726180457792402e-01
-1.682147560290059851e-01
6.816081096248072235e-01
6.984553992837478908e-01
5.281013596359431794e-01
1.837271284757692746e-01
4.964854406953053689e-01
2.730535718650303756e-01
5.801840031462570657e-01
2.943232426940442514e-01
2.392617568354639679e-01
5.031863342130864503e-01
1.354440546985062332e-01
5.285334733335562696e-01
2.218168879095218649e-01
4.641606362818068710e-01
4.876392513316888944e-01
2.119698466832988237e-01
5.078100889659782347e-01
3.548566805806258606e-01
6.536276999488168649e-01
5.711710936407705663e-01
6.477506979812051036e-01
4.576947452053689580e-01
4.970636534719860555e-01
6.945071885567943859e-01
6.518043230859933423e-01
2.673594515764067814e-01
2.728204455304452103e-01
3.767230831003973157e-01
4.127609092473138452e-01
4.903578185324763417e-01
3.697778222450413543e-01
4.669189956835739230e-01
5.030172813145159516e-01
6.413386383042357641e-02
5.777599740067951295e-01
4.551953619286712160e-01
3.585356949096331625e-01
1.666458655445838821e-01
5.041934182644598472e-01
2.973256213425261030e-01
4.414495816009859630e-01
4.152924368882823791e-01
4.714859119652116681e-01
5.982283412196838235e-01
5.710911384216035280e-01
6.384829183577873657e-01
4.076843257056030345e-01
6.951975049441734278e-01
4.337040375633053890e-01
5.235503432873893637e-01
4.270177762536992438e-01
1.074689458740282766e-01
6.388994041560418502e-01
5.567042957363237399e-01
3.144568490492569146e-01
1.707153928680073540e-01
7.587277010135511368e-01
4.217936938089041354e-01
4.191895793326802511e-01
7.847883213453810125e-03
3.452100076575663201e-01
3.086535018378575024e-01
6.032419198000869009e-01
2.003350239365987995e-01
1.079150802323475267e-02
8.379086464128121525e-02
4.512011266737618320e-01
3.704428805341292708e-01
2.168502929829858039e-01
3.720962676543914660e-01
3.547830191984213122e-01
5.580066553029108256e-01
4.783594348300143628e-01
2.782166886994725252e-01
5.985600216267470408e-01
9.089707854748136917e-01
2.365141060380575033e-01
6.909384958912343500e-01
3.807228924047580398e-01
4.903139317529183194e-01
2.802682272905764882e-01
3.620229743180582438e-01
5.411681015222487012e-01
8.000274208273583376e-01
1.512076697766348565e-01
4.049225795856296606e-01
5.954672636966438226e-01
4.408359212994627518e-01
5.865004836364238194e-01
2.279023725446251425e-01
4.987326937926925274e-01
1.824156697518043990e-01
5.059313399166422975e-01
7.311061890928478579e-01
-3.840338540277038470e-02
1.977982508039590193e-01
7.292815622135626619e-01
6.063214542742616509e-01
3.166260771757082870e-01
6.622402732880998677e-01
4.063898217828944559e-01
1.306508927678201593e-02
3.732318662560376032e-01
2.595129757088083244e-01
4.048754418867050453e-01
7.017161512720551109e-01
6.400906836921751442e-01
5.287686319941431456e-01
4.177195738778708978e-01
7.264072164019483857e-01
5.314454848138896459e-01
5.972685033882352279e-01
3.965271839663019882e-01
4.823279814079798888e-01
4.724903854240269374e-01
3.256095518763503782e-01
3.683104688187976428e-01
4.729794302410392226e-01
-2.757822604951037926e-02
6.509758788416877273e-01
3.722092486850132054e-01
6.406705127511886921e-01
4.928605082473710985e-01
9.022507681777756083e-01
3.478916349632500959e-01
5.539301045063100837e-01
7.170042610143201323e-01
2.997231667363772778e-01
3.022029828981298016e-01
3.244329019654474400e-01
3.902297503645856813e-01
5.402139166171298079e-01
4.013440181940590157e-01
6.798478797232543336e-01
3.099363290257416970e-01
6.657342083947841438e-01
5.664488879747184846e-01
2.881438975672802605e-01
6.540561177658221759e-01
4.327755303428423850e-01
6.831263518176799998e-01
-7.569436909584276174e-02
-1.253755892396566929e-01
3.235788673342300803e-01
8.058664855544992456e-01
5.722126171085437640e-01
3.610644876799286584e-01
5.997595954406054197e-01
4.763227890607554804e-01
7.327937455835242808e-01
2.795124462437458823e-01
9.557018269139966327e-02
2.289483688875643685e-01
2.163152989825820049e-01
-7.401484800475138792e-02
3.155126344606204447e-01
7.141221437929909932e-01
6.155206322565631716e-01
4.697276372978893000e-01
3.803549662676845577e-01
9.715036491564149612e-02
6.448055020723120201e-01
1.411533414598013514e-01
3.701631383054392876e-01
3.992956857600442055e-01
6.564858139401894555e-01
3.225516859696244132e-01
4.037071586321476224e-01
3.720099557018791137e-02
3.765495148302266393e-01
5.843191318693743419e-01
2.979527452591698711e-01
7.175773281970161399e-01
1.663147737027048101e-01
3.911863900886802248e-01
7.739268954760141206e-01
5.831745474387193262e-01
4.384824628484724207e-01
2.310416056119203865e-01
6.175482133447931510e-01
7.948116779287732747e-01
6.088876779318963539e-03
8.111958430696186717e-01
8.960592860827136796e-01
3.905004914644502612e-01
2.475625557507198926e-01
7.306648669700471777e-02
8.737438591824644440e-01
4.857370121204484525e-01
2.701283147096086856e-01
5.646333212380016953e-01
3.920452396031594566e-01
3.018056991982577819e-01
7.048374845259490762e-01
3.694438514167148191e-01
2.789976344117904850e-01
4.625143148183705200e-01
5.415139630793102121e-01
5.050444134135747554e-01
5.356438824755467287e-01
5.341606200494503076e-02
4.760394668672573437e-01
3.795039506723134060e-01
4.357450898448322341e-01
7.098601598690124082e-01
6.450472593812892619e-01
2.275090658658184828e-01
4.277182375546878523e-02
3.379598926523103564e-01
5.577204465689642454e-01
7.525626952074708775e-01
2.287413119400087402e-01
6.632147362641513944e-01
4.454003216255090769e-01
4.665388098080457957e-01
5.028777949984228890e-01
6.190204034740705019e-01
4.879930380928345079e-01
4.268504120181150774e-01
4.142791929134647666e-01
4.772165018930424885e-01
4.989531687129899473e-01
3.966858381489716812e-01
6.672084102754598511e-01
1.877039095493730492e-01
8.926452430464197896e-01
4.982677494385607253e-01
2.329532304497691775e-01
6.913399898361939355e-01
6.920863894612128142e-01
4.748116889560053955e-01
1.548824043522460392e-01
1.462134858654766112e-01
4.274048732256789385e-01
5.940695374924156447e-01
7.522933469620816105e-01
3.990301788751175471e-01
6.715920816239022706e-01
3.974657306808561663e-01
6.205899137090145068e-01
5.408478013298387843e-01
3.646726565467938719e-01
2.898819850642015417e-01
8.981352720943180934e-01
4.813246881315821901e-01
2.380820950210593145e-01
9.131323264308721654e-01
5.219577770353960311e-01
3.887601524682965937e-01
8.173434877330936210e-01
6.778112722807523305e-01
6.481786190296712213e-01
4.431291385524178117e-01
4.337398028282878903e-01
3.787163658430307556e-01
6.294946969831900496e-01
4.649898635348085896e-01
6.126379511423922786e-01
5.607686757153684809e-01
4.526929656774742461e-01
3.198571125133002346e-01
4.568549364448019623e-01
2.033500443363495669e-01
4.552199960838367310e-01
3.943463633107770483e-01
4.436046517782971654e-01
4.271158372687575144e-01
4.415117141243842247e-01
5.927653479418597549e-01
5.610342299125394838e-01
7.905673679653335562e-01
7.071785397800414152e-01
4.863727163435166978e-01
5.295689661837701401e-01
2.487319243108063183e-01
6.269334926570961919e-01
1.755790407140582210e-01
3.510099998970050428e-01
2.920483568386659790e-01
5.422258571054814347e-01
4.600721912813105496e-01
-9.873246970367027808e-02
4.536105439637618253e-01
4.590998678446100434e-01
5.539058011497526302e-01
5.762805106682935552e-01
8.170855836067052458e-01
5.524848717221639838e-01
4.865723174628686087e-01
6.008203845853148373e-01
7.158302102282507740e-01
4.935963747579310001e-01
2.878780940340414651e-01
3.590368146118012027e-01
7.664048749329128718e-01
8.912932675459067644e-02
4.544522593981201175e-01
4.465980724266346846e-01
6.475958231421787836e-01
4.462544279840935935e-01
5.626310843669339867e-01
9.976836340851593654e-01
7.233692085381835390e-01
-3.358285112154796304e-02
2.720513621607700272e-01
5.889749411660178957e-01
6.052434586764259272e-01
5.075193303178227033e-01
3.767637041656288210e-01
2.572232874669987956e-01
1.872944219277345446e-01
5.721919455716224512e-01
5.134947393674269556e-01
3.020193938306898196e-01
3.163561651394241614e-01
5.429165145686165594e-01
4.177874051380742748e-01
5.644055304580102295e-01
5.201424882180556430e-01
5.095695586863047133e-01
8.087621046497761590e-01
3.423200179765823470e-01
4.767830404784407228e-01
5.443703167440534507e-01
4.244307380882292313e-01
5.293614290526558186e-01
3.845856488980844978e-01
3.164693927173298227e-01
2.742329295849325610e-01
3.754801479206819059e-01
5.870394063284254393e-01
4.364790097653811762e-01
3.868333449464133600e-01
7.664203537303726499e-01
6.512532245466878811e-02
4.357827326922065203e-01
3.901130185606364598e-01
5.388504389451216348e-01
6.499193562521088374e-01
3.874995453808759982e-01
4.929301685113087195e-01
5.829939098313086099e-01
3.474977998456653672e-01
6.613756721648971215e-01
6.848842207538399229e-01
3.344558500821554481e-01
5.915662099437173360e-01
5.793945620392579876e-01
3.627115312180708151e-01
3.515708713790561268e-01
8.183545864051029461e-01
2.130174437085900485e-01
1.702997500522615559e-01
4.764798973579042474e-01
3.224403964159025526e-01
1.620227662013848380e-01
4.630877578381737414e-01
2.215708803977806673e-01
5.920843194960343503e-01
6.870533590203176111e-01
8.677617709934177803e-01
6.654473879094022770e-01
-6.564882771120444938e-02
2.403518000383297326e-01
6.520720698871467214e-01
4.417234008131631362e-01
1.318569547428398159e-01
6.767311032046552377e-01
5.603207632389834991e-01
5.886435038879542780e-01
6.809148664152995245e-01
3.231889381748138113e-01
4.240093388785228234e-01
6.682914721657016166e-01
4.663345605347290479e-01
2.121096353875712714e-01
3.733120475876349764e-01
2.941405207094684449e-01
3.165908321660952374e-01
1.364218095471917969e-01
2.931913182603475554e-01
2.264023971880634867e-01
6.904158545347658382e-01
4.344089127105052461e-01
5.532455183500633034e-01
-2.104581762514051713e-02
5.470075024656426699e-01
4.870780849905566590e-01
4.017951708089486096e-01
8.192328351718489721e-01
1.812462958639317612e-01
6.298250626988450840e-01
4.897076706015641157e-01
6.000441620001377707e-01
5.907299122552589488e-01
5.332429854868538932e-01
6.266818047243840617e-01
3.296879034496841832e-01
5.172944498026725846e-01
2.140843284193815754e-01
2.734214285161436497e-01
3.940978631286173317e-01
1.377105028325220082e-01
3.775743109736597325e-01
3.227544091082167887e-01
4.640668057317642314e-01
6.307614525040459164e-01
4.261933283419269691e-01
5.039743276519916826e-01
4.498437811005361886e-01
6.951755362707792152e-01
2.755397275604666851e-01
4.477425906782132592e-01
5.168718451652440926e-01
1.900192958155701439e-01
7.733912066716217559e-01
5.743669428713285008e-01
6.603773588895651692e-01
9.735953141343450801e-02
5.753191247275729614e-02
1.408306944591965482e-01
3.327916758562738386e-01
5.697725666211570505e-01
4.972098370187540417e-01
9.718955536388790284e-02
7.039762566407453681e-02
1.150275174387042632e-01
6.839764545377522431e-01
6.839124939224663358e-01
4.119549896005695877e-01
3.862387935150083940e-01
5.584189754267171457e-02
2.182481507300261803e-01
5.221686340576172647e-01
1.946245699988504163e-01
4.889647240346763346e-01
3.800663150905427279e-01
2.017076323350130984e-04
3.369903932488997333e-01
4.592243935424522028e-01
6.374135759082135699e-01
3.318662884130313961e-01
4.192044376161833674e-01
6.274113279468482851e-01
5.525744547443198762e-01
4.565315235478978884e-01
4.033553629056671475e-01
3.459904733193356896e-01
1.247654767364418382e-01
4.354469511995974762e-01
4.579687539901757254e-01
4.894804219694068315e-01
8.531620756960287544e-01
4.727482897195786626e-01
3.985859453540209763e-01
2.857012186728264402e-01
7.666639193443560707e-01
4.134143877507513998e-01
3.249673356246733369e-01
6.392240578718886290e-01
6.261358518883812785e-01
5.122243291999750703e-01
3.656942232484214350e-01
5.686370697199509827e-01
3.272955428897605379e-01
2.047955857946379132e-01
2.745129601843063205e-01
3.519436416407759061e-01
2.520974849593211053e-01
2.853649251921299146e-01
6.443741469991297599e-01
5.459880930615876871e-01
8.157799377881747027e-01
3.339486534512245419e-01
4.017902135314587730e-01
9.062382612698932638e-02
5.446951904025811864e-01
5.114377992279544038e-01
4.392358674055735213e-02
3.597539329601170954e-01
4.661469202109666532e-01
4.229336820273270070e-01
2.429023835824035138e-01
6.830449131887195158e-01
6.620225515205926392e-01
5.297635865385106335e-01
5.776031620173927017e-01
2.850802164484451118e-01
4.359937279597576043e-01
3.851739212697213310e-01
3.900410276018919098e-01
1.212947451440515301e-01
3.861296949085608055e-01
2.384079916552361289e-01
2.908735822818643846e-01
5.631296650203299059e-01
4.355671347808213745e-01
9.203109549577768167e-01
7.477117779241404527e-01
5.279148561161153275e-01
6.839477834581866311e-01
2.581800466558691887e-01
2.529333693085286661e-01
1.584160986307305286e-01
4.225774718206233849e-01
2.903366277328517930e-01
3.306603512893561692e-01
5.283765969859710587e-01
4.847243405553344764e-01
5.490621644704023474e-01
3.045698168965630948e-01
9.702847097023287182e-02
5.729089452263127491e-01
6.460826827525987248e-01
6.434886046710661667e-01
5.348670406994835425e-01
4.687706072508918687e-01
6.347821283649248691e-01
4.912123240156235915e-01
9.823006296878253885e-01
5.549586570709368338e-01
6.330579199370123256e-01
2.249005623433072976e-01
3.505181960749256809e-01
7.584050155785209135e-01
2.987282912970487536e-01
8.558418265268445957e-01
5.442560723640705866e-01
9.216410335301357115e-01
5.472490603539931220e-02
4.717014460452903513e-01
5.619756962059265781e-01
1.184394461305319890e+00
5.411686428433983842e-01
2.992067724474156698e-01
7.035828391037344254e-01
1.905535697395310257e-01
5.564495039454260272e-01
4.259815192134647766e-01
3.859830436181427848e-01
3.937957708881358321e-01
7.012499004194512331e-01
4.730520328062807756e-01
4.578817246058010659e-01
5.988865461423098502e-01
3.519222963562315676e-01
2.985768407843915617e-01
2.565489175411132527e-01
3.346690986368047738e-01
4.317998714601886667e-01
6.016202056179511537e-01
7.415079465386500424e-01
5.469725605033590732e-01
5.207466662203272811e-01
2.730330932262420851e-01
5.912900507571481334e-01
2.804554648409189332e-01
1.954215941865231065e-01
4.721138677485003377e-01
4.019928577623227972e-01
7.327073837580786453e-01
3.720517378045634649e-02
3.721532047986104152e-01
3.192576107903230542e-01
4.398230789841223731e-01
3.995603659798105389e-01
6.030172953119783408e-01
4.460416873287793016e-01
5.717321429686630374e-01
5.681048346124017989e-01
5.694037073324582643e-01
6.440445185089269664e-01
1.964599444014995533e-01
6.497500157556710398e-01
4.306811712606619102e-01
4.471909085078453194e-01
-4.899373049263078261e-03
5.883837134550051751e-01
3.866914461325303143e-01
5.997803674663546580e-01
2.264017336753058607e-01
3.140865396618183758e-01
5.127178936849818847e-01
2.946627996075785183e-01
5.989432970611647811e-01
3.476517870536883215e-01
8.242744038730864808e-01
5.739646242482687732e-01
5.285753351406898837e-01
6.885017593105504652e-01
3.688840557926424402e-01
7.469683259937576203e-01
2.519499963538893161e-01
3.245995283194384462e-01
3.331607706508381006e-01
2.005326901143784091e-01
6.103456651301573110e-01
4.820351983262009532e-01
4.330949468424160620e-01
8.257515875498095959e-01
7.657020947950132772e-01
8.198802918702763343e-01
6.899342580850560402e-01
2.163984202654022915e-01
2.439659792622470014e-01
4.571726272309705741e-01
6.381157895174811578e-01
1.127838654078944791e-01
8.385502947008762753e-01
3.657480561549237286e-01
3.414604326177114735e-01
3.222653446264653332e-01
6.986448238048192927e-01
4.797377766264107612e-01
-8.362915348059779541e-02
1.397733793690351667e-01
5.988049721684054472e-01
-6.149897541645238386e-02
3.909233421032242695e-01
3.155494474342836475e-01
6.847123385204159085e-01
4.204935375932125630e-01
5.108040746726696391e-01
5.196931695731108469e-01
6.157050775771781836e-01
1.637842690798438361e-01
4.791070264552774183e-01
5.350590451001973058e-01
3.235232532415105999e-01
2.515501293079611123e-01
3.439495224129660023e-01
5.711074711669392734e-01
6.414637473455218064e-01
2.782109550081765525e-01
6.858636001579987429e-01
4.396022922771609109e-01
3.695353392363531220e-01
8.176404733041411355e-01
5.146567999347602118e-01
2.752567736611263860e-01
3.458722497321988221e-01
6.879125257606655275e-01
3.324548834321165436e-01
2.888581015811583774e-01
8.884496558972432290e-01
1.017330109186213583e-01
4.179368996779503909e-01
5.963211628311912982e-01
3.295777053492651709e-01
7.602607553864912937e-01
3.610490702910484351e-01
7.121914202707730901e-01
4.296078258226460611e-01
8.038659926748681350e-01
3.450994301115772322e-01
8.197173999134039768e-01
4.402057826470086588e-01
7.573127091024356439e-01
4.941397231818770996e-01
8.213975750441426804e-01
5.727087220946763813e-02
3.009924622267407535e-01
2.558188826650779624e-01
5.131098889331258128e-01
4.842668442427213171e-01
4.110610896853929552e-01
7.686524294789101042e-01
2.598874429592785140e-01
6.205950714447383554e-01
7.046189179882378362e-01
5.249941534775675045e-01
1.532753074215764122e-01
6.144131269495765046e-01
2.300445101893048849e-01
6.151364383730348884e-01
1.551027616096720130e-01
4.158387909112870040e-01
5.480252171149255780e-01
2.025399346603279360e-02
1.576833032090436126e-01
1.162721756332944500e-01
6.049861445526434345e-01
8.701571681719673101e-01
3.206046648285221234e-03
3.876113630576755731e-01
3.723478383727924501e-01
-7.518345843724866251e-02
7.811474518619889729e-01
4.056753422063290038e-01
3.043920876479994098e-02
2.710387494881980053e-01
6.708663315419118867e-01
5.633349528713664789e-01
5.761390296098052310e-01
6.510912009378233556e-01
1.441712366253286581e-01
6.297502239570600402e-01
5.050160113994386357e-01
7.110842500587444270e-01
6.406604330534686476e-01
2.350009357442170432e-01
4.195198589016330692e-01
5.841037391342971397e-01
6.123724002505315234e-01
5.141449273611402582e-01
3.395361721001139421e-01
3.963950885883237851e-01
7.851456281457411812e-01
3.674459139397216467e-01
3.592998448173107540e-01
1.230575992958046760e-01
9.580909414636447075e-01
6.047537814970964654e-01
2.972618626478359949e-01
8.622143545789557884e-01
7.015544627506034026e-01
5.686918525745876529e-01
4.836695036662876368e-01
2.856981612667114923e-01
-3.877190641972966256e-02
7.117940043626691526e-01
6.856521037069751578e-01
6.504256979480476097e-01
6.996643213470821188e-01
2.988349195523584689e-01
3.662134067421923822e-02
5.002517347153374594e-01
4.180963960925682676e-01
6.975596123667524573e-01
5.708959466774063962e-01
5.564738328799161415e-01
6.235891347458948353e-01
5.480804359073139231e-01
1.160030789773247029e-01
1.751946013654825385e-01
2.565581671209672954e-01
3.155759709984979344e-01
9.067143392462191365e-01
6.137828799893507714e-01
5.787114451040902274e-01
5.706666652865766132e-01
2.697638222176065859e-01
1.931236399278825622e-01
3.888852637273702562e-01
2.103321118363043474e-01
6.683973215676561885e-01
4.825146765100742363e-01
3.812436872126307441e-01
2.623183177629395124e-01
5.352332265838373182e-01
4.606166469269673547e-02
2.630153358201278713e-01
-1.115161565749046013e-01
1.480165786263278327e-01
8.640059705432281412e-01
3.048917628208615560e-01
4.212576410899865897e-01
3.430893633475479709e-01
2.690970762282378081e-01
8.593848363777172317e-01
5.360338975475147372e-01
6.663198612688563394e-01
3.003566013522802058e-01
6.986953784924945232e-01
1.100286081657304016e-01
9.504946209215954234e-01
2.923766777055578081e-01
5.879857172077538330e-01
2.464568445598866453e-01
2.867551929066318173e-01
6.467099898195161067e-01
6.010839116282862271e-01
3.576314888302038475e-01
3.632764229105193698e-01
3.049867338359705804e-01
3.372124039764971548e-01
3.501550156467802544e-01
5.262484301765293360e-01
7.287219572748084850e-01
3.988020256301036404e-01
8.520976707894933888e-01
9.966235659422600923e-02
5.565314924886766157e-01
5.896115196183000506e-01
1.686141281123840208e-01
3.877875009064334910e-01
1.584586306359940244e-01
5.758765467016941919e-01
-8.584254615528197352e-03
5.354902445091016538e-01
7.390189914058065135e-01
4.366631020530564178e-01
2.165211294508497253e-01
2.111832995621968911e-01
1.925574817770256408e-01
6.206897470307768394e-01
4.993481075796632473e-01
6.628430068471575787e-01
5.140749570204437013e-01
2.823063976752843707e-01
4.630459164628705770e-01
5.409544601287055166e-01
5.738899202684843992e-01
2.068362666908049596e-01
7.569300618389109836e-01
1.816614062708298838e-01
1.965377829286327205e-01
5.274442995307881965e-01
2.420070819140209273e-01
3.793245859623470273e-01
2.073781372455871241e-01
6.584572670058892463e-01
1.040764063423042507e-01
5.879653626179535131e-01
3.905771325266544358e-01
5.095485523374736481e-01
6.754365148396490603e-01
1.839888600840881572e-01
3.640709529395453337e-01
2.440935854614063039e-01
7.182363944692684576e-01
4.560747642014990055e-01
4.439286132784529548e-01
6.454293874860428382e-01
4.217612549120376975e-01
3.576660356990006284e-01
2.838187564461551182e-01
7.868907220859600038e-01
6.079142650431665906e-01
7.145719082697072899e-01
6.478956635301709177e-01
5.853589449752436558e-01
4.738721637225506433e-01
3.568588797836044768e-01
4.754724597948966625e-01
6.706518353885377870e-01
6.574025667216463198e-01
4.410502505364663484e-01
2.721512548866828474e-01
7.497605552533408435e-01
2.272718839684375047e-01
7.308529330748875230e-02
3.833195844059846258e-01
2.632887101906819516e-01
7.675781469446465444e-01
4.150627871717164630e-01
5.269327555061340540e-01
1.896506584947909579e-01
7.824477759722756609e-01
9.574957894378388623e-01
3.628255909131605228e-01
2.414594871649024532e-01
4.611660160034775635e-01
3.043211146458974503e-01
6.384795360318054058e-01
2.564719530652967427e-01
1.419447863487052763e-01
5.079339754709155663e-01
3.840384851776578734e-01
-3.246804240626893767e-02
2.265526593747319573e-01
6.706713030815580900e-01
3.606076228946010764e-01
6.637920679069932994e-01
5.435007234576754165e-01
3.381604265811683496e-01
6.034399072952711940e-01
2.735342477594139843e-01
3.267434547305074211e-01
2.391603053222114972e-01
5.530023513216719699e-01
7.132969605972623306e-01
5.124022773311369683e-01
5.166725628119145375e-02
1.834676902148503763e-01
4.474012881425610266e-01
8.106916937434323067e-01
4.310410374935992883e-01
6.521111206305643115e-01
4.158545848813618995e-01
2.647717380297315293e-02
7.645038232807190859e-01
4.415260466619516655e-01
7.740317880892280122e-01
5.536503496942049019e-01
5.592238228537769196e-01
5.955097275144747293e-01
5.599193876060968300e-01
2.469612203556112440e-01
5.308920893533684016e-01
2.947816206799233618e-01
4.120176943292181426e-01
5.466757163803843689e-01
8.170161646516009846e-01
6.432212943564894481e-01
3.332739809115844998e-01
4.965617428737582606e-01
-7.466182808734039833e-02
7.871200214651774552e-01
1.988884530800940076e-01
3.446962837727371443e-01
3.626251119292115965e-01
3.201570778649406868e-01
7.419813929275725917e-02
1.762291389396923313e-01
8.923979307094849212e-01
4.358891610229362334e-01
4.589276183020731259e-01
5.272728415614724717e-01
5.149814101692480328e-01
4.951261140994804300e-01
4.014421954558601846e-01
6.055224457939332172e-01
8.410219821881255164e-01
4.605084274514114617e-01
4.447819009898820730e-01
2.861239717730862941e-01
3.374254913136005007e-01
5.468066359742738136e-01
6.468877910411321430e-01
2.807932030408432644e-01
6.802676817281301247e-01
3.906120078151284480e-01
3.126798262853144883e-01
4.116981816726367760e-01
6.845013996393052302e-01
1.026899381982419590e-01
1.962004798382852022e-01
4.867325389777685252e-01
6.099927392546571348e-01
4.861902438772775503e-01
2.427737935427631277e-01
6.750177002861668107e-01
5.961939434117797809e-01
5.450037147925672620e-01
6.074705810556397800e-01
5.897002030021201158e-01
5.538958861958849234e-01
4.981955784054953318e-02
6.354986560226367764e-01
1.156760477594604430e-01
5.723160661428212670e-01
6.231870475224030592e-01
4.369456774573196589e-01
4.344634450380015500e-01
4.248533984049944201e-01
2.494615935885521885e-01
7.747669119374722690e-01
7.315871895594336927e-01
8.939244583010643730e-01
7.539847142759197318e-01
5.798879696035501574e-01
5.193508998475810934e-01
1.591646653141611245e-01
4.676062637155128932e-01
4.142197609513504353e-01
-4.360431693821859023e-02
4.023320316810087838e-01
3.338647189678662364e-01
4.197335508807315541e-01
7.574069414290138802e-01
2.863944759481812929e-01
1.632848584460559471e-01
3.992738944356405972e-01
5.110557278181775409e-01
2.160945037736214380e-01
1.574265706238721640e-01
7.329644248113953431e-01
1.101636420515283543e+00
4.638543403756111849e-01
6.603881266827431595e-01
2.156741099087197688e-01
7.326397519472913622e-01
2.495659483399310097e-01
5.836252983199972100e-01
3.507715648017212806e-01
3.039317079795468834e-01
1.529484208545172641e-01
1.859261596749041678e-01
6.001381343716825079e-01
2.666973118798944831e-01
5.166707545738833396e-01
4.294708539585800344e-01
3.973570872913074203e-01
4.885522418218246066e-01
5.618912782992100396e-01
7.465004466461020449e-01
3.917876438510385362e-01
5.152782716455628353e-01
5.587183830156976505e-01
3.959578198058237297e-01
4.137566319988716379e-01
5.318962992935527545e-01
3.634328429546828665e-01
1.564693079543206244e-01
1.312845937941732877e-01
5.228868917034925623e-01
7.096975244336216626e-01
4.093661851889253689e-01
4.589203796534379598e-01
4.254269897264850164e-01
6.640850430814668748e-01
4.676882444688987284e-01
9.056464594742713592e-02
3.955683650547032193e-01
5.122596344441201488e-01
4.231983291039144723e-01
1.464017053932322177e-01
5.441618644874739452e-01
6.044474948034550543e-01
4.173831073358330035e-01
4.812575604771426874e-01
6.958699551691540641e-01
5.668853326841509777e-01
5.025072186909826932e-01
3.307284461117573904e-01
1.587416228096602544e-01
3.490295857057250095e-01
4.412642118959503867e-01
9.130733072162331432e-01
2.692545363242646039e-01
2.858842426701885819e-01
4.132993871344185499e-01
4.353165117671581874e-01
3.933191280530609624e-01
5.493254035877899177e-01
2.512979464939628094e-01
5.676941818456913147e-01
8.235855259323332511e-01
4.599513202467976902e-01
1.898420454172752847e-01
2.812869530320897815e-01
4.045832308212484185e-01
4.480463835462464295e-01
-7.602331697935632571e-02
5.609873613520366398e-01
3.991641418975073186e-01
4.776080860557629371e-01
5.545171737084326757e-01
6.717827917276859573e-01
5.166490981460216680e-01
3.724119110017868883e-01
3.563214903435495962e-01
2.541477168793337404e-01
7.101598487431846074e-01
6.272461813394474284e-01
5.368949638607918295e-01
4.715068812219018191e-01
5.299949120066265174e-01
4.665575105331546957e-01
3.372383740917714312e-01
2.341851095039841346e-01
4.470095148281560404e-01
2.443602483527941849e-01
6.805754499572915783e-01
5.372870817581758551e-01
-1.918925333581041337e-01
5.536434392364273371e-01
7.006102588377527418e-01
4.326160177515307459e-01
6.081533497696933743e-01
2.422265469982244901e-01
8.040968588986809884e-01
5.031889646956293483e-01
6.728116079004098360e-01
5.391977091378605813e-01
7.598409282068820936e-01
1.999370485401956166e-01
3.552643265635455072e-01
2.576382793079824984e-01
6.917698983261497681e-01
1.251179392041907312e-01
4.325395936486703952e-01
6.217055476187911545e-01
5.977949397159281197e-01
3.583007601465015290e-01
2.782869533599056644e-01
4.475132995169980865e-01
7.368150393935155584e-01
3.522810177817911614e-01
3.405495943269828962e-01
2.498937317734539199e-01
2.416656872201729533e-01
5.365770534568272687e-01
2.636332749354432514e-01
7.703752393498368711e-01
4.765575724071839381e-01
6.832060854214243584e-01
6.332328883486968429e-01
6.456613875852101891e-01
2.469813961942750047e-01
5.546961433010451081e-01
5.650969015387974359e-01
4.873118635388666298e-01
3.590713122183166184e-01
5.504026992752204528e-01
6.067922935871865597e-01
4.370378551464244032e-01
4.464763678008511483e-01
8.253591799915532823e-02
3.761444424242301188e-01
4.686005076685932358e-01
1.006557454979755573e+00
4.252147414078594756e-01
3.529425390827233833e-01
2.866166869026076092e-01
1.573382675670766395e-01
5.559744267336088619e-01
4.743329750275857015e-01
3.716210704922348618e-01
7.064300935071474719e-01
5.521389645374230604e-01
2.412227314278391765e-01
3.308053667977079448e-01
1.152750988537025290e+00
3.390578183905285647e-01
3.079674293894316128e-01
5.392778659471448854e-01
5.948357370112193898e-01
5.332625298821684900e-01
4.026321348532326261e-01
4.900358913340698286e-01
8.101902662260365151e-01
5.187337355879573231e-01
2.971003804717926022e-01
4.934625252458046396e-01
7.428761538983326140e-01
2.636803007906069474e-01
2.116633814007004566e-01
1.410054348910824706e-01
7.215763937687815766e-01
4.124702293718409130e-01
4.511508653843931405e-01
4.071437555951695209e-01
4.181606347683017311e-01
5.056221915318839244e-01
3.853210261759758004e-01
4.908995049282859902e-01
5.435999781440545853e-01
4.454584539182237513e-01
5.394891932949010815e-01
5.950296285388279038e-01
6.706696468230570751e-01
4.242221464370596329e-01
2.921273562614276620e-01
9.285649769654419350e-02
2.289030661131862820e-01
3.791087439471687026e-01
5.290693461354325500e-01
3.530438877265810738e-01
2.286124007780218625e-01
4.075412318614328178e-01
5.788434745877562015e-01
9.867427945875983930e-01
1.013959369580745840e+00
3.488541940532700614e-01
1.251215206175645966e-01
6.052230258624109460e-01
3.781814077427453902e-01
4.407407500325741245e-01
3.882430033372900602e-01
3.941873818710867061e-02
5.871527046357516433e-01
3.827238301945316556e-01
6.361496413701774877e-01
4.596780016742729180e-01
4.219288334017216591e-01
4.489439060545445392e-01
4.421984833442026974e-01
5.520758854370479973e-01
3.951839752294676322e-01
5.320453454991525000e-01
5.357593156379283350e-01
9.193764308609320146e-01
4.239324509917276607e-01
4.368654621431348750e-01
2.574230945913699720e-01
7.884795366683614581e-01
2.818565539766448302e-01
4.237932340145209031e-01
3.121760613204531132e-01
3.919516310877030896e-01
4.502275327351087930e-01
1.471634865714394613e-01
4.865469799568233333e-01
-1.180789015706307787e-01
5.787892338316775742e-01
4.948205114298888652e-01
4.733972358079827081e-01
7.051648364361748911e-01
3.553772040398412435e-01
8.083795227565065966e-02
4.293735380976494986e-01
1.930135373715233249e-01
2.247044544063813709e-01
4.819511847364767454e-01
3.116318390938305760e-01
3.489683119009074352e-01
5.223427464312169199e-01
3.580108241547210191e-01
4.521614473790864230e-01
5.597630832601246942e-02
1.397952821538905321e-01
4.920306945577119229e-01
2.052702839291895009e-01
1.769042655399916675e-01
5.944227233097215679e-02
6.712275469779913628e-01
2.027081658682904908e-01
5.062070055841334515e-01
2.344372021109210613e-01
6.318073304497739962e-01
2.647203333683489368e-01
3.323015618227346812e-01
2.839314427250018702e-01
6.212059195675538881e-01
3.833495937437194079e-01
6.109205840736993132e-01
3.036544793102130546e-02
5.292181794410057982e-01
3.772016651538225296e-01
4.083691220183597870e-01
6.339293947940762841e-01
1.994390026278511363e-01
4.432635856311679112e-01
7.276943685360950376e-01
6.507872175633298006e-01
4.356699955578479666e-01
7.201749573905575907e-01
3.825523422017229058e-01
3.686768424702999147e-01
5.185603799076550224e-01
3.740013516296331608e-01
5.555985693872211861e-01
2.785799152884957386e-01
4.587919177562044815e-01
6.339762797533086136e-01
6.039170511025200305e-01
3.406209710001379398e-01
3.976672177913082584e-01
6.616873724030649662e-01
-1.219713870361159302e-01
5.040200367302634099e-01
7.083112661160408940e-01
4.703037463165088972e-01
2.748197460900771438e-01
2.398346413954963174e-01
3.373863843417263531e-01
3.626457374038198345e-01
5.982486474572854540e-01
5.026801837862566735e-01
5.248105849747903839e-01
2.274909657306553590e-01
5.233764302578438610e-01
4.306387136526512172e-01
6.144364795913364041e-01
2.906276706081913352e-01
4.852462644830021765e-01
5.702086032190076814e-01
1.030659542502566861e+00
1.939105128609414641e-01
3.238795102926518843e-01
5.058825307695786755e-01
6.145460124674886337e-01
1.478725723834659056e-01
4.833258455433865897e-01
5.059148207396861885e-01
2.868313185243737684e-01
2.138439318985158599e-01
1.905085195055521985e-01
1.746222213702880999e-01
7.264780793318119656e-01
2.739855189587240836e-01
4.952185197236710912e-01
3.802949583734078209e-01
7.044973486724575018e-01
1.838668778747475918e-01
4.017567328646651226e-01
7.562537797785533478e-01
4.983693928738008316e-01
2.819645843731665713e-01
4.256488889280407029e-01
1.204969514004096687e-01
2.741739881701791837e-01
6.800543273526886701e-01
3.998098801779294553e-01
3.545183235922088616e-01
6.741558225170360963e-01
4.600641160034152910e-01
3.494227449000990027e-01
1.817187579722729374e-01
2.857655115646501320e-02
3.588574268600725481e-01
6.351212200928801899e-01
4.030413806113694597e-01
6.674488244881042753e-01
4.520669069023343645e-01
4.437356796796509406e-01
3.466595351026131033e-01
2.733805972959290620e-01
4.017715773879148577e-01
7.604755523319819410e-01
7.314002682224720608e-01
5.739567587485008282e-01
4.283060011409349221e-01
2.837971903348263658e-01
1.457607050093225332e-01
3.516086904308485805e-01
5.334512724159448105e-01
4.590420640097358507e-01
4.623137635158775516e-01
9.263662308922877564e-01
7.928098795651812303e-01
4.403537716350451325e-01
5.465442725047640060e-01
6.640799553001985878e-01
5.288663938433829648e-01
4.236486164476746530e-01
3.817340226583598173e-01
7.127068455580238826e-01
4.678141643244759229e-01
3.622543156061256986e-01
2.278411048976098363e-01
5.242108752116112491e-01
4.227008650253866739e-01
4.915459680056168401e-01
2.382463815656480910e-01
4.618217046504712875e-01
3.362347764531956051e-01
6.982014804342280279e-01
4.426019417686250512e-01
4.288204921527837832e-01
4.954177718296536859e-01
1.054827480390336358e+00
6.456017793951391859e-01
4.268707158261330625e-01
3.974285208782818990e-01
4.652202963495030708e-01
3.373041094175905363e-01
7.717913040532109470e-01
3.989567134006039573e-01
1.898235255224593465e-01
4.754816671165502107e-01
4.922159712156654598e-01
5.597121483535061337e-01
3.671278787622713202e-01
3.332382954231287164e-01
2.253980967808319469e-01
3.841581245850664295e-01
3.474021865237441609e-01
3.915507248226712256e-01
5.642522669319656181e-01
1.666771314399570492e-01
6.324436568797398017e-01
1.807470738421800838e-01
2.942263488841833641e-01
5.690313688399331049e-01
5.340770735495321553e-01
2.267692799517492808e-01
2.873619932486781159e-01
6.811931068915622056e-01
3.908440066105600130e-01
4.487214464706030248e-01
1.051187831364538972e-01
3.548876683973029578e-01
4.213616329534234928e-01
5.444127920989152436e-01
7.036565226971549514e-01
2.759298177707729116e-01
2.261409438470897704e-01
4.883919017619961500e-01
4.594324747994948388e-01
5.085236939238266807e-01
4.564825431409071377e-01
4.860438895720550767e-01
3.591929955351420012e-01
3.805426076843291816e-01
3.356612891582257396e-01
8.198059719395049960e-01
5.732504126775554987e-01
3.518813038647929381e-01
4.382864937845911135e-01
7.442735433551308510e-01
5.709277604338001133e-01
7.168748469803669643e-01
9.617118697038296027e-01
3.855761850961587078e-01
4.297825498862865579e-01
3.463006543682100591e-01
1.385543400835653194e-01
4.039413845518775026e-01
1.838241932445891513e-01
4.570204417788654161e-01
4.648116130801897561e-01
3.456947891310799270e-01
4.188103919407128450e-01
5.553102040157393837e-01
1.931100637651285701e-01
3.217142391158093750e-01
3.287864233294430227e-01
4.703271947335453951e-01
6.184058508803640386e-01
-3.635554600803075909e-02
6.162551716390924916e-01
3.609312686347893595e-01
9.172083757113820290e-01
6.636050810558979940e-01
1.443674448788487275e-01
4.448337320192154443e-01
6.943378628327105950e-01
6.921990166950808820e-01
2.519657956430267354e-01
1.297844934541826922e-01
1.933624651806442052e-01
4.160394332546881180e-01
5.485832540713135863e-01
3.451639296438630544e-01
4.584557565873334517e-01
4.018430441987991819e-01
4.552742470117538409e-01
2.730503789769360146e-01
2.494002656732620671e-01
3.012803348223828670e-01
5.438359871782929567e-01
4.954313107884752987e-01
5.067888326793226206e-01
5.002740818656312705e-01
5.795350673860499846e-01
4.991737243683753156e-01
3.618060494433125718e-01
6.768131640691268380e-01
7.959796379643040432e-01
7.893676304534085197e-01
-1.550807693190319747e-01
2.353133765060770322e-01
7.610150422709121010e-01
4.351236072397059451e-01
1.843229099034781604e-01
5.116821200719381402e-01
3.294365882436411375e-01
6.974026281416132456e-01
5.737891435957211961e-01
3.987299331475990249e-01
1.311169224344541084e-01
5.042348754849146353e-01
4.245638778310154016e-01
3.291914420576591005e-01
4.456456587545995496e-01
4.386576005862993788e-01
7.059826752440403475e-01
1.316949048752990570e-01
3.696271026248924563e-01
5.917281482420793104e-01
3.157297488542094022e-01
3.993384178935914242e-01
4.268158416587079507e-01
3.909444725873884585e-01
5.278364639095189936e-01
4.649781578334670207e-01
5.228040093591590498e-01
6.479109419624289323e-01
3.481058780747077752e-01
4.542689558963490248e-01
3.412740688496138097e-01
5.566279101988196309e-01
4.161648947869127091e-01
3.450078983405648336e-01
3.490462980764905132e-01
5.315390602908105500e-01
-1.482043877846855873e-02
4.095405515940799268e-01
4.639054695463573075e-01
4.523429334927615009e-01
8.836394204736808256e-01
1.965901646713201223e-01
3.786394251800415112e-01
5.715401768826668949e-01
3.294424734917060227e-01
5.305606044096573548e-01
2.799685262794712748e-01
6.560471802672114272e-01
3.318083294426101282e-01
6.054499262404404725e-01
4.416607183802300773e-01
2.319450677582781117e-01
3.944102809527473830e-01
4.194732255046277891e-01
4.529690252628210678e-01
4.078489943526650285e-01
5.918859623722005914e-01
5.939079028055025411e-01
4.435618591080116579e-01
5.751905725220995969e-01
4.650722044161414437e-01
5.406918690062236799e-01
5.555401228021206173e-01
5.261293543006000384e-01
2.632924817532499850e-01
5.682114052668989501e-01
8.239147067127379209e-01
2.749250594848464124e-01
7.926551761783779959e-01
2.532559348959523282e-02
2.813817877025956427e-01
4.695163246632350074e-01
2.385048381943195017e-01
3.787618828375509117e-01
7.549226093406313787e-01
4.468553169729054253e-01
2.983371943996745990e-01
-8.640759453217278230e-02
1.965112622792015151e-01
3.258231480073336406e-01
5.653560066002252249e-01
3.083303613097245210e-01
1.168729116977788585e-01
2.292248920531707035e-01
6.432334882627226413e-01
6.790852503992463873e-01
6.003067837261180095e-01
4.438355282760836906e-01
4.398523588531867978e-01
2.384495253945497217e-01
6.322178008709538055e-01
3.810673585295058508e-01
1.022757953906565098e-01
4.730345867194105103e-01
2.278501760724753189e-01
6.194481587569771186e-01
5.911325406524592374e-01
5.331097294232480799e-01
4.697539414479154352e-01
2.281514124543266298e-01
2.519130722755379970e-01
4.167443198436368568e-01
5.652678788382590191e-01
6.497693221781761785e-01
1.283012700437028974e-01
9.964713925757275881e-01
5.437799457850647222e-01
4.826940757654613612e-01
8.209409157136735580e-01
4.318714624149850301e-01
3.261566877749849658e-02
5.140781440071076069e-01
8.422201651883853835e-01
5.739864331202286785e-01
2.543414610121454422e-01
7.427871028784021057e-01
2.419408639761039814e-01
3.863724533794576366e-01
7.584068917648170149e-01
3.017941146879112302e-01
9.759922215968991344e-02
3.864929601697286166e-01
5.224325333478989641e-01
3.259484671005021261e-01
3.100126386031880066e-01
5.404035847941091042e-01
3.449112506982205395e-01
2.302695386065773397e-01
6.562611012991115267e-01
3.374190933605193954e-01
3.498736814686575491e-01
5.720563898498585154e-01
4.257875018011420543e-01
3.923096699244150165e-01
9.509930319539026122e-01
7.292234112501350118e-01
3.282850604506068470e-01
4.169784248647227520e-01
6.788880746010721445e-01
7.814216124942876540e-01
3.516841839505774892e-01
4.948675449679486582e-01
4.835697730573928488e-01
6.272854409997865588e-01
6.399128267150326899e-01
6.303360617461453153e-01
4.279650978742952083e-01
5.850567757626499166e-01
4.989661684207393200e-01
2.816458507200744754e-01
4.402874526662751697e-01
6.573469145152155413e-01
6.393954467884124249e-01
4.085506271289419122e-01
2.613656838126021120e-01
3.300652636121159111e-01
3.137012072337443391e-01
2.887509861823640001e-01
1.634057417587330696e-01
9.477617432372542616e-01
4.440526737876839269e-01
3.783545269302836522e-01
2.585762399683022017e-01
2.139333894329875085e-01
4.793123484208864915e-01
4.956502591710498229e-01
1.509085004697125476e-01
6.471487344563970900e-01
3.810917158091053358e-01
6.239415140590263142e-01
4.953316578367980560e-01
3.113163080347329248e-01
6.894534617472163340e-01
6.588884311386666859e-01
2.285273417889145953e-01
6.778506476096768374e-01
1.761569916874594077e-01
3.007805835398146832e-01
3.362873037990161129e-01
7.037210814981942342e-01
3.097683240184845310e-01
4.906665014537767155e-01
4.677127273006251307e-01
4.409192802112359977e-01
4.460310113125020570e-01
2.368639022744356004e-01
5.468180050800977021e-01
4.201707939478568909e-01
7.547266530703811149e-01
3.921114275529950510e-01
5.727315837977360324e-01
5.194794504418598358e-01
2.643609773810235430e-01
3.975996759676151959e-01
5.489489781909884236e-01
6.933855297350954849e-01
3.253942396295203543e-01
1.650030836974062942e-01
4.420930010905367857e-01
7.138611214936790850e-02
4.916164450778305883e-01
2.429639854650100239e-01
9.587128270216953574e-01
1.241650567692497709e-01
1.644756163022437767e-01
5.182231271716406518e-01
2.130962856773978564e-01
5.498434324929308836e-01
6.043031536826872774e-01
2.993884192767838903e-01
2.533204605090015327e-01
5.413257654416869791e-01
3.560571247580823218e-01
5.323297440760721422e-01
4.252718260105043391e-01
2.885523908729327736e-01
3.414524293927345133e-01
3.540351276199582009e-01
3.494047666060313140e-01
4.138790406298337721e-01
4.609280189301147579e-01
5.537929656516769050e-01
4.681542360054228857e-01
6.277356207715558689e-01
6.562653135305711594e-01
3.907409343499170240e-01
4.204574596295986288e-01
3.742618207242993100e-01
3.935182661215778643e-01
5.324706952495321666e-01
3.689291071461399674e-01
4.164032605064042492e-01
2.862018318689360519e-01
2.730697523909130786e-01
5.370508256807897673e-01
6.348504494024032052e-01
4.532002456545919933e-01
2.700755519948567218e-01
5.510809365717905806e-01
4.560557355480513997e-01
8.523039067798054980e-01
5.812898532210719615e-01
8.134950399312352864e-01
6.225886954673121032e-01
4.724629863402216023e-01
7.041925385402580950e-01
1.675996413181510269e-01
5.599025919867623990e-01
1.328084334367444774e-01
4.716106723708252679e-01
3.302210536572859900e-01
4.662050537020436258e-01
3.985960250907995550e-01
3.115328157452918467e-01
4.132722617920303043e-01
8.266984544391635659e-01
2.571892892146485088e-01
6.837322676640940067e-01
6.500877397402269331e-01
3.830443458706577764e-01
6.164871655611530166e-01
4.285129240246283167e-01
3.158601734268481898e-01
3.529941114847398587e-01
3.459712294438860858e-01
5.246461789768903650e-01
8.391478820213218448e-01
5.707833971324443034e-01
5.270569073411546235e-01
4.222088480133580624e-01
6.197707612097240748e-01
5.060818707362915170e-01
4.553479568288766877e-01
2.005117361371335227e-01
4.162824857730770822e-01
5.651966149584403132e-02
3.654763910605000610e-01
5.221394526740215092e-01
5.533857204200063329e-01
3.910669326077881869e-01
3.879934648320388368e-01
6.882012899397262906e-01
3.549040284345318930e-01
5.918213860239833757e-01
4.319224632884365866e-01
5.337153883577605562e-01
8.575910861211082370e-01
1.610033854469032355e-01
5.096338594313212234e-01
8.629467288958809768e-01
6.613614925572632863e-01
5.088566798538134428e-01
2.712586885077885035e-01
5.368341153680726840e-01
1.978557680381575756e-01
5.605248495970900358e-01
6.936118409638925009e-01
1.094097441179537333e-01
9.495535613965873090e-01
5.342306048338474334e-01
3.830774496107411387e-01
2.854933497435214185e-01
5.419937994728942776e-01
6.438787792491669215e-01
4.880465655688558946e-01
2.748118976906285815e-01
7.489756682127253207e-01
4.584504079384176811e-01
2.968480192177884169e-01
5.866311459569878428e-02
3.337253941769548482e-01
2.692061761265693298e-01
5.224372196290505421e-01
3.341158551271833921e-01
3.031436153872521522e-01
2.406201915114282719e-01
5.313731956707417048e-01
2.981930977628545754e-01
4.652864706251231275e-01
3.801765417129553959e-01
4.548103041170298844e-01
4.144969525740082594e-01
4.307718652872973286e-01
3.973122965143107144e-01
5.295748464517369136e-01
1.456364578417778666e-01
2.255835554095670381e-01
5.850091746386740788e-01
5.983772606430428631e-01
5.906677908752047124e-01
2.759353715663936391e-01
5.544761460399700859e-01
7.184017385054225491e-02
8.551169188021066070e-01
7.419926096340776489e-01
1.937460731928228319e-01
3.923430578002319868e-01
4.401499880082008764e-01
3.066070668437261282e-01
4.924382151036205135e-02
3.504843439954589690e-01
2.228026094645935706e-01
3.923358704170384903e-01
4.187392020265074399e-01
3.476326905851467308e-01
5.442755909906540346e-01
1.810193709269002915e-01
1.441033620269966398e-01
4.223407057187844038e-01
4.841796780986017956e-01
7.833453783462647202e-01
1.015486937095064213e-01
8.767497884988020296e-01
5.659339273489893962e-01
3.376912119534795642e-01
5.779906365731259932e-01
4.346377560227838166e-01
2.769038621023968694e-01
2.804636292116894913e-01
4.148920227328231625e-01
1.379344592870483388e-01
1.391006298190932688e-01
3.003048037329948960e-01
3.867972087217803057e-01
2.412848880078359293e-01
5.141602038555137533e-01
4.410838787519639204e-01
4.127033694747165860e-01
2.424224643112071198e-01
1.028263110128189606e+00
5.530401447341399823e-01
7.379289680880343205e-01
3.642273673758817387e-01
1.657303173616954672e-01
6.511917286128752203e-01
6.284035406118309020e-01
2.148542110322568255e-01
3.546321171843120346e-01
4.191779436223543320e-01
4.248018579285459118e-01
3.372288136177376550e-01
2.854793357177344837e-01
2.818563916242626255e-01
3.023924868055760107e-01
2.154801959526042032e-01
7.513106594752048117e-01
5.692718243745278350e-01
6.452344744302780377e-01
2.864044435387670950e-01
2.199022453811311784e-01
6.393064555026906071e-01
3.035604157737269992e-01
4.519181248641248039e-01
4.043524629725001041e-01
6.497972801185443181e-01
4.818968162238780883e-01
7.550849438215752052e-01
6.960608694103558314e-01
5.265094881222203149e-01
7.933092497010565403e-01
2.303527130439521620e-01
1.027725901024533761e-01
5.649786065934239154e-01
7.460551282419447539e-01
4.136919325156926397e-01
9.350460574061183472e-01
5.723678879018510024e-01
3.276293807445997408e-01
6.550868319771043780e-01
3.701344619660917323e-01
6.705768803900595820e-01
4.018911452141930574e-01
3.694902580805776160e-01
4.386070729453907524e-01
5.109799729884403341e-01
3.869330999303914331e-01
4.981962370819341124e-01
6.667545568738399986e-01
3.799848426349074493e-01
1.468662129900297209e-01
2.355236619753599547e-01
5.844754639727613998e-01
6.871272469045730524e-01
2.748234374820585635e-01
5.956899013842984481e-01
3.105311705235069275e-01
2.771072840144194749e-01
6.123583795877087788e-01
4.351402264488721250e-01
6.399936123344391881e-01
2.995304113976344218e-01
6.694901343526109549e-01
7.452126825077445282e-01
8.226840245418531872e-01
3.157983033829440678e-01
3.394253059757902924e-01
6.220798063820072166e-01
6.846734134790781745e-01
4.760316151430238341e-02
5.977231910493947531e-01
4.530355194532477703e-01
3.546112039755615064e-01
3.578832863725227020e-01
1.861339337518574388e-01
5.166927384799779865e-01
5.448463948139337099e-01
6.127903774467529097e-01
6.113570469335019020e-01
3.156187306175967655e-01
3.749875010425873234e-01
3.345355457344711403e-01
3.099944820595079142e-01
3.222111088309448923e-01
5.082516394594622788e-01
5.586954030813013894e-01
2.823046932113970064e-01
2.731534369613401458e-01
2.731932290263112129e-01
5.334654110873375821e-01
1.705602662901805622e-01
7.719232795243224921e-01
1.884761454130727265e-01
6.192428957418587565e-01
5.530294783883564769e-01
4.498028002206341802e-01
3.522809575855591624e-01
3.485532107167119142e-01
1.167860052819214012e-04
5.286130419631471788e-01
4.607267575804913640e-01
7.026262785951487011e-01
4.534776276534304151e-01
8.546452003186231217e-01
5.955629555599410985e-01
5.273092638490619599e-01
1.953177704065071629e-01
4.081729929830290593e-01
6.077668716881592381e-01
2.921116019366744587e-01
5.772462920143186516e-01
5.968498137211422083e-01
4.381633141999360936e-01
2.217502082805000163e-01
