-8.832943883345003577e-01
-9.255754397595272742e-01
-1.022729567745532808e+00
-1.516648831504700201e+00
-1.082330250757682411e+00
-9.593934099273977445e-01
-5.313868966569228469e-01
-1.004934512957462278e+00
-7.223488592945384035e-01
-7.965701795124471296e-01
-1.119870739953487959e+00
-1.056282229071925816e+00
-1.162588032034598928e+00
-9.795062359445236844e-01
-1.058581976999203977e+00
-6.275908393770035509e-01
-9.518943509694577365e-01
-1.098812857603306714e+00
-8.521681258915632107e-01
-8.242531843477789444e-01
-7.757800935292107347e-01
-1.325986102474769002e+00
-8.390640882693429781e-01
-1.619914091813204227e+00
-1.707179781421459541e+00
-1.050571804580091584e+00
-1.443969604416249997e+00
-6.881907667884772373e-01
-1.068092380203158331e+00
-7.257835561578258599e-01
-1.181209922743131191e+00
-9.171946856424395556e-01
-6.442993787531325900e-01
-1.514430451769531505e+00
-1.030766762624321320e+00
-1.302142293535121897e+00
-1.161266765385921662e+00
-1.117027168168196471e+00
-1.084513028602924312e+00
-1.337759782666094299e+00
-1.620318894645333518e+00
-6.195031979956948653e-01
-7.724198116961429328e-01
-1.355367697059211896e+00
-9.325891866137436814e-01
-7.614865482669661567e-01
-1.226405933855350572e+00
-1.430205513847628840e+00
-9.924946118721433841e-01
-1.528552023275489891e+00
-1.240564303668268753e+00
-5.861393310558615788e-01
-1.247495218710888754e+00
-1.011266030497644852e+00
-8.971489569704087508e-01
-9.425427806842532341e-01
-1.149002043336974754e+00
-9.255478729796728921e-01
-1.222231231299307996e+00
-1.312745874785836708e+00
-1.036585901066719106e+00
-1.343415914283955903e+00
-1.087096628708270618e+00
-8.978466376242093538e-01
-6.310705735394930294e-01
-9.597507740484432226e-01
-9.124303373616098334e-01
-1.317208479308125124e+00
-7.536593029385714182e-01
-6.314257921399613060e-01
-8.826878810880924853e-01
-7.437770725601180466e-01
-1.419206568534463475e+00
-5.741988617608027035e-01
-9.779945811921106902e-01
-1.076382133732451951e+00
-9.843765241895359175e-01
-9.439441276739359843e-01
-9.783714392030309348e-01
-1.203332148145545677e+00
-1.000401339861501260e+00
-1.525362647447615405e+00
-6.566532565164533430e-01
-1.698584233439664803e+00
-8.274111104081893764e-01
-6.115848239793106877e-01
-6.410136150279552858e-01
-1.400795770638975757e+00
-9.984562400504910507e-01
-9.746088212292574049e-01
-1.134656293671526317e+00
-4.971488063339717933e-01
-1.084250510182567684e+00
-8.172925500555092704e-01
-1.152546414710617473e+00
-1.231007999666797748e+00
-1.451616351072875677e+00
-1.069935002531789525e+00
-6.490889573372666810e-01
-1.451739168965847870e+00
-7.989217334797484860e-01
-1.573267712142849550e+00
-1.034793334721865410e+00
-8.825811973860602233e-01
-7.140639740333267760e-01
-8.760858011562260295e-01
-6.507656710661930966e-01
-1.064758100572167354e+00
-8.114090195088334845e-01
-1.145364481097136622e+00
-9.910174286835595758e-01
-9.277537953253056635e-01
-1.191149167877651127e+00
-1.082588416016886601e+00
-9.945489702821670441e-01
-1.206184076137941208e+00
-9.235792412022587605e-01
-1.058222338011770791e+00
-5.618343625610298098e-01
-1.074018349683429907e+00
-1.013375092197847938e+00
-1.146971679770043995e+00
-1.275777519497840462e+00
-1.175957727062421743e+00
-1.206524477428379871e+00
-1.138382625072520415e+00
-9.919493783196657866e-01
-7.269758009004445576e-01
-8.576670208836856268e-01
-8.316320308060842770e-01
-9.915394042224501270e-01
-6.536709405888978530e-01
-9.049552232625015513e-01
-7.383501211092142746e-01
-1.189759568364031406e+00
-1.293626620604005684e+00
-8.638927578025676901e-01
-1.084406917464605602e+00
-9.480578699954453903e-01
-1.227843682406526415e+00
-8.161275514140453602e-01
-1.058423161741775420e+00
-8.129896723721121710e-01
-1.231648871059750849e+00
-7.639248726899166009e-01
-1.126698903320227263e+00
-8.751235615253674105e-01
-1.267884154299214305e+00
-1.907351928584003264e+00
-1.165243632583502720e+00
-8.355545122145184855e-01
-1.306779593175987575e+00
-1.398143176812095323e+00
-1.432151277031046721e+00
-1.596994499000957024e+00
-1.218015177048123565e+00
-1.110222520472273988e+00
-8.358261101198825038e-01
-7.906038144260834066e-01
-3.826921404068249211e-01
-1.554373257669894759e+00
-6.134409621713783345e-01
-7.839721204240572838e-01
-1.202432325560128579e+00
-1.539971345828093252e+00
-7.835287173413623130e-01
-9.152255111337805893e-01
-9.295303593398114295e-01
-1.341830348291001673e+00
-1.039564357783590243e+00
-5.367013171104031422e-01
-1.351943094444227444e+00
-8.770471273760489517e-01
-1.036316220682644396e+00
-9.416411219889480044e-01
-1.202015009260634759e+00
-1.188631105989188530e+00
-6.591640204527855484e-01
-1.574548257134946727e+00
-1.046355191030027942e+00
-3.672543959119516921e-01
-8.095956165633606538e-01
-9.491079069452621475e-01
-9.404212287465072428e-01
-1.091982516732870057e+00
-1.801254944053877427e+00
-1.053597170243801617e+00
-9.139248039277068081e-01
-9.156749963409507309e-01
-4.946097137436962776e-01
-8.778748958110225153e-01
-1.125666396683965065e+00
-6.077673700762216136e-01
-7.109376383483874129e-01
-9.623860865995763625e-01
-7.348383883984443976e-01
-1.010674784247183045e+00
-1.321695226323026606e+00
-8.398154483894981759e-01
-1.166924914208284481e+00
-1.296436562132023074e+00
-1.348126252356550925e+00
-1.236737921712912414e+00
-5.357561959275369823e-01
-1.030979531206920985e+00
-1.088598036996114349e+00
-1.076600108546177825e+00
-4.797256916414949779e-01
-1.159360669780565178e+00
-8.427910608314843621e-01
-9.577069445766182021e-01
-1.548058266047072085e+00
-1.212517561675590105e+00
-8.692856342949011328e-01
-1.098283892685469443e+00
-8.973219396057641184e-01
-1.004792634816148666e+00
-7.145905792234974463e-01
-1.173155805250634121e+00
-5.493288411204813038e-01
-9.463662557600511782e-01
-8.370778998924639502e-01
-6.723336459094295670e-01
-1.145817679032342884e+00
-8.834284406950811963e-01
-1.532583384118467951e+00
-1.535765128190423656e+00
-1.041414111327345626e+00
-6.360954713651136849e-01
-8.275177964315116874e-01
-1.345169150296837035e+00
-9.568958064581463141e-01
-5.752671220188898538e-01
-6.543429257211639261e-01
-1.072433768412463184e+00
-1.331617532499994372e+00
-1.304345378348238160e+00
-1.154116073282065447e+00
-1.446444223965315690e+00
-7.115473414635826721e-01
-8.019815869041910794e-01
-7.162623332714006530e-01
-1.230339960446347636e+00
-1.222150964378972748e+00
-1.423508897788061001e+00
-7.701091303420537493e-01
-1.583695669157816344e+00
-1.224247383726027483e+00
-6.605063410952785041e-01
-8.617935249719903545e-01
-1.020807436588843320e+00
-1.147555180653892837e+00
-1.371848651702507471e+00
-1.386238381733850833e+00
-9.937643063255063858e-01
-8.140482793894645575e-01
-8.744183736120665351e-01
-1.642453111341585004e+00
-1.610910318355106785e+00
-7.670298056619153648e-01
-7.458117222196247731e-01
-1.256517502057473923e+00
-1.350624638877122141e+00
-1.259891632772547343e+00
-8.384789491148620932e-01
-1.942350165029932629e+00
-6.309051879196876378e-01
-5.181077372339086828e-01
-1.150056517819024737e+00
-1.178849661467792576e+00
-1.578949725697296191e+00
-1.065112669621161690e+00
-9.790908580911446002e-01
-1.022586258442288898e+00
-9.885760279226230018e-01
-9.262963389183807017e-01
-1.204191072255025308e+00
-1.003169705019292923e+00
-1.436039518599475873e+00
-1.013989632774827232e+00
-9.995887275643799974e-01
-8.090422290558625384e-01
-9.106528956949344611e-01
-7.316588088083837427e-01
-1.328550715014497730e+00
-1.063799995066040172e+00
-1.286648063923495844e+00
-1.057219652303555524e+00
-1.032023655498588210e+00
-7.886551936037276000e-01
-1.131706094463949430e+00
-1.867841327067868651e+00
-9.307098452971840352e-01
-1.155931800648204888e+00
-9.948999908339737352e-01
-1.548553992480922847e+00
-9.332042932152693204e-01
-5.221439472275801741e-01
-1.027505184159306584e+00
-8.689807860636196146e-01
-1.205008400700233739e+00
-8.056859105078655325e-01
-1.530766408589539385e+00
-1.294147200242140361e+00
-8.852465657200920823e-01
-1.146590150967665256e+00
-1.170608997549731800e+00
-1.114706102675147026e+00
-1.370774013024356197e+00
-3.752061429109088686e-01
-9.820581500576044398e-01
-9.507189490218448391e-01
-1.043992718687662080e+00
-9.129707739830448254e-01
-8.918992069219808805e-01
-1.526892926810252238e+00
-1.379556226466999380e+00
-1.244077263587531679e+00
-8.386448659940275441e-01
-7.131421880091388665e-01
-1.010758501485971461e+00
-9.705373801263985634e-01
-1.499541421623725501e+00
-1.130556547852787919e+00
-8.647347421745128493e-01
-1.263923869787355603e+00
-1.130454451574334218e+00
-6.981710755976888727e-01
-1.165780742557825267e+00
-1.177693149814399209e+00
-4.904271670592206811e-01
-1.046986906302635578e+00
-7.419929404542355833e-01
-7.215601674276723720e-01
-7.861411104928888172e-01
-8.177914240523809219e-01
-9.133190079514901250e-01
-6.365464559630962249e-01
-1.194866826821469719e+00
-9.246533811571251427e-01
-1.240685534755814334e+00
-8.436275630684346716e-01
-7.458986598566328396e-01
-1.108262682374711705e+00
-1.265121596025683193e+00
-8.416810252384263613e-01
-1.152154273089234682e+00
-1.351119769492175937e+00
-1.023391488065155119e+00
-7.019509038348030749e-01
-1.176189761228869646e+00
-1.201550280134530357e+00
-9.944677689265870590e-01
-7.060895948077896556e-01
-4.041424261848516886e-01
-7.535862607130110469e-01
-1.063600932616559636e+00
-1.202347466241580509e+00
-1.383116279686117611e+00
-3.602263742407588176e-01
-1.222736056634982749e+00
-1.187405265240695673e+00
-1.574543115559674522e+00
-5.851349653355240044e-01
-1.093263413468607670e+00
-1.693737836871357150e+00
-1.332769468686862968e+00
-1.030049157308372987e+00
-1.184526377923717622e+00
-8.254057429108070387e-01
-8.604162409740818696e-01
-7.735172559997853803e-01
-9.690999980554448889e-01
-5.048516016136983531e-01
-6.240080688837221778e-01
-6.503219845408918509e-01
-9.896298618437673333e-01
-1.110635855155731821e+00
-6.098768085153563057e-01
-1.441082173888827089e+00
-1.355867280647264028e+00
-8.223590571875019073e-01
-8.257119216577888388e-01
-1.148149254188830515e+00
-8.761980120933334781e-01
-6.210424312590032692e-01
-7.427136238883531583e-01
-1.157611893891964616e+00
-8.858731094709888509e-01
-1.109262014786761785e+00
-6.459536243400241240e-01
-8.799391854776925648e-01
-1.254734069847412758e+00
-1.350506237034338586e+00
-1.274853808475083117e+00
-8.613220381341570864e-01
-9.188463364186714166e-01
-1.229238025400534173e+00
-6.889314656969678374e-01
-9.166231983728612143e-01
-1.414560972802359817e+00
-7.172940015410280701e-01
-5.005219752855798454e-01
-7.686144545761846025e-01
-4.410049501411604234e-01
-8.938441997045249998e-01
-6.906498762014590120e-01
-1.031613818527884252e+00
-1.120613992332839093e+00
-1.329823357310019549e+00
-1.078148275647120347e+00
-1.063816433713860921e+00
-1.366200890761583242e+00
-6.383089896181970424e-01
-7.355596781487077074e-01
-8.203142784776074059e-01
-1.155243690569645043e+00
-9.088290465763386727e-01
-1.576796277182829886e+00
-5.835012055403336895e-01
-1.573093313097420509e+00
-1.148432612047809886e+00
-6.200371207106525340e-01
-8.196994051766641753e-01
-1.106567064048688653e+00
-5.987226977230268865e-01
-1.032233303364695320e+00
-1.030305828370299270e+00
-5.872206812699443113e-01
-1.275648911585018030e+00
-6.891056563959563341e-01
-8.590346644520221453e-01
-1.258193128381475123e+00
-1.460341963318012137e+00
-7.595531462245799226e-01
-1.411452165579508478e+00
-1.072172857188153916e+00
-9.872644314018264033e-01
-8.754327335079890027e-01
-1.185036565579271173e+00
-9.807363348738467046e-01
-1.310004471595288766e+00
-9.211372026150184134e-01
-9.744530322974260805e-01
-4.787794545402382362e-01
-1.039330345468848282e+00
-1.783524308537682845e+00
-1.344785265454187861e+00
-9.742932821874252802e-01
-1.014862391212471682e+00
-1.652155054755997998e+00
-5.637235385018368738e-01
-9.317660343262237355e-01
-5.582078256110318826e-01
-4.448290035114373375e-01
-9.322387266002700734e-01
-1.384983259691079827e+00
-6.731681502990523036e-01
-1.089030586375205889e+00
-9.131802767642853702e-01
-8.226731791624186663e-01
-1.110481792320435535e+00
-1.161168915634423815e+00
-1.127348120708229207e+00
-1.265501224445664707e+00
-1.257807422838017164e+00
-9.237925502258090837e-01
-1.267453406792146797e+00
-7.991408592671587208e-01
-1.215416915115288266e+00
-8.836992227391573529e-01
-1.073401006895452259e+00
-1.141260590923654394e+00
-5.438398751322464086e-01
-8.416634540920111540e-01
-3.998952492692038896e-01
-1.045389511521062520e+00
-9.276688782499538100e-01
-6.851727868236108243e-01
-9.533736046004972486e-01
-1.079608241285214820e+00
-1.076523631565106331e+00
-7.025651678941113865e-01
-1.312492441962853196e+00
-7.720044576757350008e-01
-1.057845088415352297e+00
-1.210306958870898786e+00
-9.991010921252834187e-01
-1.203196891134706181e+00
-7.598216991155450906e-01
-1.092456211362261786e+00
-1.456776476426508982e+00
-1.310918587654708478e+00
-1.105126369423704791e+00
-4.515382664182988059e-01
-9.048883277405690428e-01
-1.217192781209409436e+00
-9.469925028304513326e-01
-1.362305492987591737e+00
-5.371291340878454612e-01
-1.043677112130219076e+00
-8.774680005953254813e-01
-1.362765340474748843e+00
-1.323148092955318322e+00
-1.386891228258122499e+00
-1.156313180325892365e+00
-1.065935899829366651e+00
-1.061286770792567058e+00
-1.532666984711819058e+00
-1.008184609086154371e+00
-1.536224330709899721e+00
-5.985333994260497725e-01
-6.152995375132062073e-01
-1.471528223244451983e+00
-1.208576765393513330e+00
-1.161174913870587577e+00
-1.090872109212093211e+00
-8.811191598449465978e-01
-1.316372147674301107e+00
-4.690754162382658188e-01
-1.167577519488960380e+00
-1.719617216366110757e+00
-1.287808454109861334e+00
-1.073915985801879192e+00
-1.027877892142341043e+00
-1.441652283104311483e+00
-9.963915782570507140e-01
-4.940355456547505519e-01
-1.042228924794141864e+00
-8.489202772096118288e-01
-1.425221006563706982e+00
-1.379279533248034983e+00
-1.398934688754039701e+00
-9.554768081051716599e-01
-9.256209413090030758e-01
-9.660267294438509289e-01
-7.041124308304538282e-01
-9.318661274502173519e-01
-1.010169099829149264e+00
-1.074426999215078116e+00
-8.271592085589500876e-01
-1.022775462921484024e+00
-1.230542222327390522e+00
-6.703440286280053506e-01
-6.933489002979453808e-01
-9.002099339457942939e-01
-1.063628097612170809e+00
-1.206611127140096773e+00
-1.005512559418502594e+00
-1.398082079118101451e+00
-1.078990359479480521e+00
-7.399996476862154005e-01
-1.228875961149370699e+00
-1.194707807970939673e+00
-9.287355542112121221e-01
-8.743230879168000236e-01
-1.037108586882386607e+00
-1.266177837987689347e+00
-1.022409230053707763e+00
-1.737270161862238371e+00
-6.389336258750515363e-01
-8.634533041119509811e-01
-1.524505158471701538e+00
-9.746047710434209144e-01
-9.435986601348038683e-01
-1.098982045507761018e+00
-1.455403525419470601e+00
-7.097130166619121105e-01
-6.945989657917128746e-01
-3.938371555801408186e-01
-1.003566112620039252e+00
-1.068192276217847070e+00
-1.247319095956154644e+00
-9.974624464465375873e-01
-9.722047045963972955e-01
-1.308677094506482508e+00
-1.218502043308433702e+00
-1.213894904351576987e+00
-1.258464466415926797e+00
-4.773441602583657351e-01
-8.773135609721163242e-01
-7.101695110307351122e-01
-6.067972777776424742e-01
-8.402325165540216467e-01
-6.851510292295661664e-01
-1.348500947486283241e+00
-1.373879837114337921e+00
-1.001842114571083631e+00
-9.396184694351537026e-01
-1.510681101698044149e+00
-1.071430272476260104e+00
-1.023018199720546750e+00
-1.359343035608031602e+00
-1.045388121206027865e+00
-5.832363399391593539e-01
-1.341652653408257567e+00
-4.920624291596920608e-01
-7.989795636138343760e-01
-8.257178344400100123e-01
-9.367088155948102290e-01
-1.258167415596315397e+00
-5.417922053422832285e-01
-1.370727124247377748e+00
-5.367760275581070495e-01
-1.112394157033623987e+00
-1.194570675497577117e+00
-7.109909430356968763e-01
-1.159184260343455453e+00
-7.475084874634174703e-01
-1.154128738470934668e+00
-2.216693958113720719e-01
-7.282262020385208423e-01
-4.216072070913701730e-01
-1.322881621889909542e+00
-1.540365904149848308e+00
-9.060353727850913863e-01
-2.410434930515604202e-01
-6.742594825135950209e-01
-1.340878254287180216e+00
-1.155745845826271267e+00
-1.247614718812802170e+00
-1.060457831082946445e+00
-8.948884722113779056e-01
-1.323955862522308013e+00
-1.400791892757734747e+00
-1.122796050926400557e+00
-9.281716344834038956e-01
-8.398109313832660128e-01
-8.334095314466343218e-01
-1.150898664815660499e+00
-1.497353662415605857e+00
-1.032138935534657964e+00
-9.742173511363216853e-01
-1.381899083794760674e+00
-9.655370167120733704e-01
-4.688626128099256385e-01
-8.696287569565765985e-01
-6.974893756552433821e-01
-1.431530621926928593e+00
-4.220726553614935761e-01
-1.361696318845212250e+00
-7.490536910348919442e-01
-9.695395797936936511e-01
-1.391736078676033106e+00
-2.696087768241893223e-01
-1.614802039338393502e+00
-1.271347356217870317e+00
-1.442367580226168844e+00
-6.883214447122694146e-01
-6.471528667396015955e-01
-1.261315881921696747e+00
-9.906974228535365690e-01
-8.263954801147197493e-01
-7.819478877208010381e-01
-4.799855084767839508e-01
-8.355974391236391519e-01
-1.215341198698592695e+00
-1.098608707593485168e+00
-1.345264093276196338e+00
-1.102612765453077959e+00
-1.283191302251431853e+00
-1.192601216762522842e+00
-1.057007141884029000e+00
-8.726457113061596438e-01
-1.283672475515555522e+00
-1.208062551054947864e+00
-1.220601919331369078e+00
-1.197716022832935767e+00
-8.916057492904241322e-01
-8.530828211254299909e-01
-9.080754282489675866e-01
-9.683671286083570529e-01
-9.171291565864660988e-01
-8.961657627949688454e-01
-1.137124456646068982e+00
-8.114867356211923344e-01
-1.403384702606470302e+00
-1.000322474388824379e+00
-1.321117405641498710e+00
-1.491234242684904121e+00
-1.183792977202042795e+00
-8.091550363672301849e-01
-1.277912826762744647e+00
-4.026090856372595561e-01
-2.813227225401005449e-01
-6.892921837882117764e-01
-5.471171737490050369e-01
-1.423542405536711630e+00
-9.692990414931963450e-01
-6.214946362080309150e-01
-8.470821739570664199e-01
-1.393071859997232043e+00
-6.286736695414174569e-01
-1.252916964681564327e+00
-8.479489854429655971e-01
-1.252154825087892664e+00
-8.089141832025110723e-01
-1.311590570041385906e+00
-1.336477266312595891e+00
-1.516050012248979062e+00
-5.928974076784963021e-01
-1.612145180108836673e+00
-1.045014169356772715e+00
-1.320269205239777310e+00
-4.785977251477616101e-01
-6.358546592301519418e-01
-6.796052449845224608e-01
-6.710758144914508172e-01
-8.564560025312570879e-01
-9.222430029639494542e-01
-1.229766727324876019e+00
-8.375905008916650907e-01
-9.137645468845581043e-01
-7.563590340185695204e-01
-4.602378133994916021e-01
-1.044113188147278937e+00
-7.834408366919274336e-01
-1.189260727936784168e+00
-7.127065861404582314e-01
-7.735523945050570838e-01
-1.205375309227275427e+00
-6.194965627599455793e-01
-7.575675876987539858e-01
-1.284579025084426451e+00
-1.278902932950952920e+00
-7.381560145708054854e-01
-1.402058719633235473e+00
-9.943280848836733021e-01
-1.042100747300868324e+00
-1.581166822883745215e+00
-1.200854682721403055e+00
-1.049034190584461346e+00
-1.284505601440060207e+00
-7.100234074339710766e-01
-7.499661239155810399e-01
-1.132175498718407614e+00
-7.639319399335673388e-01
-7.773931325175778007e-01
-1.108254268754035099e+00
-7.448722767393545219e-01
-1.322201206890330827e+00
-9.250280935351189449e-01
-7.414331075374431812e-01
-7.998747047767715834e-01
-1.363226244705235235e+00
-1.315640186065838879e+00
-1.240890758616917555e+00
-9.742448244607442298e-01
-1.205211547616944490e+00
-8.692857810152756493e-01
-6.024235661113075402e-01
-1.315078771701611249e+00
-8.644981302223029296e-01
-7.023127101010584461e-01
-8.492781718568918059e-01
-1.086200973592927443e+00
-3.860201915127086658e-01
-1.128210229621640526e+00
-1.105214061894806310e+00
-1.365969476009919692e+00
-9.727602303235376446e-01
-8.071251267664796281e-01
-1.467767799530700135e+00
-1.046189783553498120e+00
-1.248594524040872233e+00
-9.138764792360203337e-01
-4.542864815219088137e-01
-1.223207095876278405e+00
-5.874195815724587710e-01
-9.248375331534188781e-01
-1.793884440527261592e+00
-6.332501125836187406e-01
-7.854508860947437832e-01
-1.610088914999142862e+00
-1.359956811085667017e+00
-1.233119459259104378e+00
-8.504382659882936402e-01
-5.931044017865478857e-01
-5.389755509224625207e-01
-1.079745151874345499e+00
-2.412049562250762613e-01
-4.315223427777348797e-01
-7.680292525112997204e-01
-7.981085140379069465e-01
-1.396858830426019882e+00
-1.105488598651124921e+00
-9.260738373578996097e-01
-8.913684449375449681e-01
-4.868549698716191920e-01
-1.309242807866550340e+00
-1.310755914677284029e+00
-3.670112234133431905e-01
-1.047378140327961393e+00
-1.096373235174948224e+00
-1.316106588867171912e+00
-4.138872947659071877e-01
-8.909794632385783508e-01
-1.055141307495752745e+00
-4.636645117553226947e-01
-7.894161038289593257e-01
-7.241599390879547293e-01
-7.740207316567375706e-01
-1.105630775023226153e+00
-1.635845406236999811e+00
-7.184254118747088746e-01
-6.689805719193873124e-01
-6.192971126391069170e-01
-5.029120814950869267e-01
-1.615326170490494651e+00
-1.470085935066844929e+00
-6.947269706428156333e-01
-1.323770997015327300e+00
-5.057946085742845987e-01
-6.455793283075803579e-01
-8.750075482580119690e-01
-9.239772665278462860e-01
-9.270010193064259774e-01
-1.100347970759788740e+00
-1.276558201148028093e+00
-1.289714110868406483e+00
-1.427455440448693214e+00
-2.713068917155845861e-01
-4.677265838453129043e-01
-1.258728395844855630e+00
-1.167710478420535214e+00
-1.505940218079962367e+00
-9.863637148090380613e-01
-1.040052359371675283e+00
-1.302243213366911068e+00
-6.987614097961594162e-01
-7.710789294602347077e-01
-7.160796663788606686e-01
-9.002472417605607014e-01
-1.077608736038204729e+00
-1.574335312652384022e+00
-1.050066096692134909e+00
-1.564648847998793446e+00
-1.130443777134798378e+00
-4.802080082862017485e-01
-1.195299729231319663e+00
-1.199626098509789518e+00
-1.059261538547712878e+00
-1.083070923591148205e+00
-3.323488369122285513e-01
-9.299393804007363151e-01
-6.713370793784645407e-01
-1.184622433163792454e+00
-9.850707251172470258e-01
-1.488672056649893438e+00
-4.707344386935479741e-01
-1.487014966318586762e+00
-9.632582706161554320e-01
-1.529758638190216846e+00
-1.359171401451029215e+00
-5.300637497025886269e-01
-4.071688016043642500e-01
-1.318617156124990419e+00
-9.676787885682753831e-01
-9.565901838140473679e-01
-1.180250082037713089e+00
-1.357031849546072255e+00
-1.272199598043734614e+00
-9.511696356886774062e-01
-8.523430571854793136e-01
-1.020492757645211856e+00
-1.302897544882480663e+00
-5.814893446114806075e-01
-3.726687217413218733e-01
-1.648949595613086405e+00
-9.312717321710626273e-01
-1.479957685189458250e+00
-1.158723034342755032e+00
-1.280099517568544787e+00
-5.385758766511838935e-01
-5.111169152569563501e-01
-1.089526343665003782e+00
-1.223643873493163614e+00
-9.729721315772619228e-01
-1.100735763521602184e+00
-1.319954108001472282e+00
-6.566369363701771711e-01
-4.903886582065238309e-01
-1.233807137192866055e+00
-1.264823823850264706e+00
-1.154193606959669882e+00
-1.174577423128266407e+00
-9.651468551395372408e-01
-1.100853205444929817e+00
-7.725392419451151405e-01
-1.280203352404971628e+00
-1.296748942237766489e+00
-4.838871629560626553e-01
-1.290963231676319101e+00
-1.205179936499082505e+00
-1.661515935831584745e+00
-6.752274382228447003e-01
-1.897360719527111161e+00
-1.018878405970124579e+00
-1.014507621615426292e+00
-7.760182749980413242e-01
-9.215434412120058205e-01
-1.294375865449449936e+00
-1.155901588586840223e+00
-1.441193034505567017e+00
-1.080487478983858995e+00
-1.011433885443015601e+00
-1.024965508771507050e+00
-6.883863303978654535e-01
-1.126201648471412131e+00
-1.484367699970246424e+00
-1.029970115502262917e+00
-7.676379501366992208e-01
-5.988555152711225738e-01
-6.220042431535799388e-01
-1.046006520406927098e+00
-7.369235674300651517e-01
-1.133036342141788833e+00
-1.068734533500272921e+00
-9.442187801466883634e-01
-6.902768610207083988e-01
-7.810845730234743378e-01
-1.036438692238914161e+00
-1.341583048710401460e+00
-7.026758533740227186e-01
-8.417303581315036531e-01
-1.290121409248055517e+00
-1.105063416745320826e+00
-1.596678341735423334e+00
-5.110596427393656604e-01
-1.093583661986106126e+00
-8.770896003452048895e-01
-7.992832228911557202e-01
-8.144740971611210689e-01
-6.914472481007902793e-01
-7.973295192771563400e-01
-1.574338012785446939e+00
-1.151653153615410208e+00
-9.730980505347202048e-01
-1.006834687319500876e+00
-1.072896678137372550e+00
-1.408825283911408821e+00
-8.852712376456008947e-01
-7.500469167277370452e-01
-1.566821121569607289e+00
-1.359952204282223409e+00
-9.520391831030292629e-01
-1.111259455392403783e+00
-9.581179934291728095e-01
-3.024247252752663706e-01
-1.023916507168280976e+00
-5.463741886972255379e-01
-1.107939205947844119e+00
-1.195892111423841886e+00
-1.441421927754863663e+00
-9.251415711445161172e-01
-1.066272530944871288e+00
-8.076684928196411484e-01
-1.422471144275320842e+00
-1.042154883474328830e+00
-9.888142530192394197e-01
-2.608568152351620761e-01
-1.158278858641239584e+00
-1.167799489051191575e+00
-1.084714461351705683e+00
-2.080789791571973968e+00
-3.993346349149793917e-01
-8.842570357766956768e-01
-1.086114628512991676e+00
-6.553937113012335836e-01
-4.139883290126147863e-01
-1.078342506716687854e+00
-4.988461294577786753e-01
-1.069903585692604242e+00
-6.527765017758508925e-01
-1.127593346183648482e+00
-1.081068402477801005e+00
-6.333786876029923185e-01
-7.761320300002023664e-01
-9.779580735884434439e-01
-1.487664699592656792e+00
-7.890848246966801760e-01
-1.678100200292686583e+00
-4.469343074776977454e-01
-1.277134048736165983e+00
-1.183861294604139136e+00
-1.362611045757383454e+00
-1.200953824822783123e+00
-9.959668434551258720e-01
-1.283643470126758945e+00
-5.581223847256571169e-01
-9.219803458943318653e-01
-9.758253072853446675e-01
-9.286746873769229360e-01
-8.894597187585806530e-01
-1.177111218813547300e+00
-1.148396934932276015e+00
-1.046715897324436595e+00
-7.108934022352841886e-01
-8.453531608796152064e-01
-1.033080036819056691e+00
-1.779314404178912401e+00
-1.159526725172933315e+00
-7.975454762883669169e-01
-5.317889182649140345e-01
-1.113707839411404610e+00
-9.791539884079818457e-01
-7.228288647187572913e-01
-1.345641643675041355e+00
-1.141591348113888404e+00
-4.274261444303531499e-01
-1.696650419461942949e+00
-1.010664396146762289e+00
-3.963923711562605257e-01
-4.059048697859642396e-01
-1.321552934556333714e+00
-1.559732605007358774e+00
-5.316790564229401106e-01
-7.358603083877111040e-01
-6.988730374382225996e-01
-5.520560869761631517e-02
-3.938691927699449757e-01
-9.141114848010443161e-01
-1.109941212987593406e+00
-3.720432501805502334e-01
-1.283437640289140536e+00
-7.144777182210870770e-01
-9.770894513273771231e-01
-1.211091609680093217e+00
-6.562329512135858245e-01
-1.036471325090641660e+00
-1.190136402052172304e+00
-9.514609331069050491e-01
-4.367486734303729912e-01
-5.061497398006555848e-01
-7.717958258326791388e-01
-1.033244488037990738e+00
-7.937581060088230167e-01
-1.199211831981305654e+00
-7.524581252363558015e-01
-1.365061992171281435e+00
-1.380418615140844185e+00
-1.106458466852917599e+00
-8.879867444804081522e-01
-7.454684955636605714e-01
-6.122553958580678746e-01
-1.153540784211291470e+00
-7.450681038217710217e-01
-7.687208031953614018e-01
-8.130199952951326914e-01
-1.213642714652831689e+00
-1.333746149554056348e+00
-9.087561030935131789e-01
-6.694643296859017489e-01
-8.911092228701353868e-01
-2.799037697042093265e-01
-6.928270830156848525e-01
-7.040883527651238261e-01
-1.286173309557217426e+00
-7.403092659896413075e-01
-9.285510993498289345e-01
-1.413201926820573551e+00
-9.336101300745949239e-01
-1.224082635133316277e+00
-5.343592884403638443e-01
-1.033449996475113597e+00
-9.796792036724721875e-01
-1.324821364150150504e+00
-1.058826934617858928e+00
-1.103298135298129257e+00
-8.420655848441112035e-01
-7.837149916437131658e-01
-1.711871604010248848e+00
-4.755408711786306974e-01
-1.085232294783086804e+00
-1.080792372813596192e+00
-7.469729671191136511e-01
-1.309731919470973782e+00
-1.234847996008863635e+00
-1.753810117608882724e+00
-1.481749859520693935e+00
-9.143487828356318126e-01
-9.393570493461003146e-01
-1.372834538060918153e+00
-9.402269356848305115e-01
-1.054289686233449874e+00
-5.063868144005039262e-01
-1.112766420072422324e+00
-1.642384839272733377e+00
-7.290859634140471890e-01
-1.241642195577157270e+00
-9.288167726489260367e-01
-1.272318405156879439e+00
-1.472512279817923986e+00
-1.243436717020383941e+00
-1.076258134126849786e+00
-1.142566327638423918e+00
-3.860174897250102100e-01
-9.255788590872815469e-01
-6.674803398763171636e-01
-1.268613387422951266e+00
-1.392085185620768772e+00
-1.294829516199311303e+00
-8.383312146679506860e-01
-6.270169844773261225e-01
-1.080514067278305124e+00
-1.514617877716038397e+00
-1.135783181890712701e+00
-9.816324490449201967e-01
-1.209697870312940626e+00
-7.247641003436737783e-01
-9.640330860212604769e-01
-6.274740055417891149e-01
-3.772640716318958476e-01
-7.977058190929011694e-01
-1.272237939251614325e+00
-7.907531387004707035e-01
-1.073862522799441610e+00
-9.528240110059109647e-01
-1.478135479909636008e+00
-1.108688840811791199e+00
-7.656308524332975374e-01
-1.178616121514867832e+00
-7.357951030299720863e-01
-6.349019215156990192e-01
-5.936073393481504645e-01
-1.057941356733639982e+00
-1.044584491662857051e+00
-1.164502233470966264e+00
-1.014213021787530256e+00
-9.103973932498630184e-01
-5.445005612208970724e-01
-1.029870726176451701e+00
-5.802761801229245897e-01
-9.943817601400248840e-01
-1.437588029400853618e+00
-1.293936877926511020e+00
-9.437788209951887275e-01
-8.019190683429511246e-01
-8.320982660544129494e-01
-1.224078664592572085e+00
-1.736395354479672637e+00
-8.063306254477109469e-01
-8.299332102328551564e-01
-1.271602339484200872e+00
-3.919513816882021495e-01
-1.584400071107140651e+00
-6.294687042413831257e-01
-1.095050375988729119e+00
-1.059827187381490621e+00
-8.901781684560234886e-01
-5.776223328916096911e-01
-1.783898013335456501e+00
-8.083398955362750549e-01
-1.198375395063110194e+00
-9.377498679222999733e-01
-9.335391948799238726e-01
-1.016934945921348810e+00
-6.399493158608433596e-01
-8.620016889623767220e-01
-6.941544177224767687e-01
-1.402430316377309527e+00
-1.268708677946648766e+00
-3.774319690679460160e-01
-1.213834043683363451e+00
-1.246414024631196771e+00
-1.394815489192069879e+00
-1.621599847869621858e+00
-9.095697138486085187e-01
-1.225736237688650920e+00
-6.172269274330894895e-01
-7.041085033994005649e-01
-9.709928474365558948e-01
-5.537347993799142110e-01
-5.867140066344060934e-01
-1.036910170940740006e+00
-9.944733005199837272e-01
-5.089045735639072809e-01
-1.164353025969671496e+00
-1.043945459178916568e+00
-8.715650422744585235e-01
-6.829883359239556917e-01
-8.589347457043214895e-01
-8.738977944210728488e-01
-1.386211875765024804e+00
-1.641598085308249910e+00
-1.074906649361441868e+00
4.738428906135488949e-02
-9.922589385080695656e-01
-1.145398865613751926e+00
-1.325197592082940634e+00
-1.658297371987707880e+00
-5.974060288338489677e-01
-1.285362416343183600e+00
-1.287339073385031174e+00
-6.608407271323852861e-01
-2.755509982765969590e-01
-1.795449226219901551e+00
-1.380647278772098918e+00
-5.634802292836522675e-01
-8.953544476150914200e-01
-1.185452326179107008e+00
-8.448185165642709826e-01
-8.489898016918471235e-01
-5.646533635111237182e-01
-9.235727471098891250e-01
-1.324303196154336337e+00
-4.418179153358685052e-01
-7.103255073392209518e-01
-1.161091310194561022e+00
-9.417224375943349379e-01
-7.385590366113956584e-01
-7.891473873380658866e-01
-1.746294394264208183e+00
-9.241661143911579224e-01
-4.719364704797509025e-01
-7.963653146928000304e-01
-6.978584670836469606e-01
-1.189029520296318143e+00
-1.345927811820783138e+00
-7.518126398364164409e-01
-1.480753773269438245e+00
-9.783081597159868359e-01
-3.461665333942006151e-01
-8.935264286445030457e-01
-7.085797141596796855e-01
-6.797732960497566701e-01
-8.090838520435004178e-01
-8.608011572199392170e-01
-1.275121554484347275e+00
-1.416841835984172793e+00
-1.189817539464432361e+00
-9.848824002151865820e-01
-1.051014017353506080e+00
-7.024518559477468393e-01
-1.306643071910710052e+00
-1.268147718612635533e+00
-8.836675536336007220e-01
-4.049807067963234197e-01
-3.000641276480995878e-01
-9.723780168421609638e-01
-1.203983707156997429e+00
-4.480048926993772107e-01
-9.718335807466744747e-01
-9.513262997138274280e-01
-1.226767467609509499e+00
-1.428576681927566927e+00
-8.639443160494590934e-01
-1.208571889991749249e+00
-4.082654647672439574e-01
-1.171631608646113154e+00
-1.054895747928498384e+00
-1.176298924750746711e+00
-9.297407406994691037e-01
-6.858605428326289832e-01
-1.301698393387102914e+00
-8.791501191531847503e-01
-1.025200560333165090e+00
-6.078778366367783015e-01
-1.475971929482526424e+00
-1.060881302128006798e+00
-1.158581251847597304e+00
-9.359728511442004795e-01
-1.298210872763597923e+00
-7.410339650652884025e-01
-1.254675807777719587e+00
-8.914520541523427433e-01
-9.153184219129326671e-01
-6.883523967996052484e-01
-1.298008900172295643e+00
-1.394465950758263961e+00
-9.586912257113984204e-01
-5.793396649849182900e-01
-9.872507537635155650e-01
-5.260801673845567628e-01
-1.367470583521635863e+00
-1.559247862287357567e+00
-8.866127038311906183e-01
-1.392149273782554264e+00
-1.147539202388653923e+00
-8.808557980517659480e-01
-1.236045624482461580e+00
-1.210582511026214281e+00
-6.910560622636023886e-01
-1.086947874129887470e+00
-1.069128076948498762e+00
-1.496175793175620772e+00
-1.589371898265717897e+00
-9.319485489912442411e-01
-1.367085943620600208e+00
-1.097796261674016893e+00
-1.499287309933305057e+00
-1.174699825844197409e+00
-1.119529010508511835e+00
-1.078402899078878097e+00
-1.440585413323578923e+00
-9.553104436894135354e-01
-9.824664866080285996e-01
-1.177559145647844918e+00
-1.049529403759283941e+00
-1.018989446684092304e+00
-1.308949618305018436e+00
-7.917707141234697765e-01
-1.257978751463465716e+00
-1.053719438126034635e+00
-8.840424747912973835e-01
-9.595469324778034270e-01
-9.066728439337663481e-01
-1.142633842772401653e+00
-1.176966231056983947e+00
-1.053754525247722729e+00
-7.519769994788743084e-01
-1.317378613158350920e+00
-8.607054786548329339e-01
-1.088375726400283572e+00
-7.438498874800321126e-01
-9.913808470188025801e-01
-6.930085238957670590e-01
-1.199966138329763954e+00
-1.027660433405746421e+00
-1.397776671188151187e+00
-6.932804699991419461e-01
-8.549456197020721682e-01
-1.173573051631134678e+00
-1.461190786760312665e+00
-9.864001525786822988e-01
-1.403325498610844324e+00
-1.231503713660903276e+00
3.287863354969500218e-03
-8.975228212951917861e-01
-9.743867364354739102e-01
-1.157143049111404753e+00
-1.204898095515972489e+00
-1.218168897467510892e+00
-1.045944351826119334e+00
-1.129531386095945056e+00
-6.706817362594788001e-01
-1.069768960224930954e+00
-5.292880624179869820e-01
-9.140696457547261566e-01
-8.853849835391653933e-01
-8.714944519950589275e-01
-7.253734335736869987e-01
-1.189111849834070700e+00
-7.592842681480171940e-01
-1.098584386354002351e+00
-8.801857965534805039e-01
-8.360146251671705109e-01
-9.308895255095532839e-01
-1.351006824549795926e+00
-1.067721189794955894e+00
-1.264190638809399747e+00
-8.251376083823100949e-01
-1.169389536222518178e+00
-1.239534362531462097e+00
-1.121183147591449103e+00
-8.450382470639827837e-01
-1.758183288772344088e+00
-9.888982575956153376e-01
-1.225127003679379545e+00
-7.495579900271605034e-01
-1.483386153170898947e+00
-8.079305041121682684e-01
-9.450693102793867872e-01
-6.971803125430509063e-01
-1.408870597819874337e+00
-1.121379002246098100e+00
-1.311771175203548356e+00
-1.461610549701771067e+00
-4.410504167197655812e-01
-1.227008313534167616e+00
-1.031548568363825025e+00
-8.557636833271549115e-01
-8.266811721343931829e-01
-8.805448189895597189e-01
-1.478696517128331056e+00
-1.462437580814122118e+00
-1.014614673675236833e+00
-1.065833483045115049e+00
-8.368057869708143137e-01
-6.717182827250387511e-01
-6.244406045149415441e-01
-9.830506900308475515e-01
-1.209060546122831870e+00
-1.387370304745470850e+00
-1.303198052928639772e+00
-4.436552975299581925e-01
-1.063350353593734088e+00
-7.511755449762849146e-01
-7.029086903069594605e-01
-1.001486534959053376e+00
-1.690407011431873219e+00
-9.138094792817264000e-01
-6.645352448160939396e-01
-1.092632444086121257e+00
-6.106097180458243123e-01
-5.963635430151978944e-01
-8.019532900522272634e-01
-9.918858613111756206e-01
-1.167772464965889601e+00
-5.853396327824751388e-01
-1.010537753541246975e+00
-8.157998255179035318e-01
-1.366542092043733891e+00
-5.594327198536110934e-01
-1.238270724314976423e+00
-1.067229692810567787e+00
-1.568864269436514025e+00
-2.487699554296339266e-01
-8.394284791753432451e-01
-7.071602787176876070e-01
-7.780114186862303605e-01
-6.469105749597230393e-01
-1.168224536535533264e+00
-7.136364585272976235e-01
-1.308290082845961155e+00
-1.001681749248188869e+00
-1.231835315380902518e+00
-4.277993264651419048e-01
-1.201372622583374739e+00
-1.183200138819394898e+00
-1.291017101681529500e+00
-1.141453556825876792e+00
-1.095656594593247934e+00
-6.892837628953132345e-01
-8.149418284799492262e-01
-1.640955292627606088e+00
-8.761519170211937713e-01
-8.482098609814046064e-01
-8.535250873117861126e-01
-1.028388732351363632e+00
-1.221279823272212628e+00
-1.383192218297058407e+00
-1.387494372878880444e+00
-1.249509877601973518e+00
-1.117912385717638291e+00
-7.448225009187230405e-01
-1.050024192601466400e+00
-1.094381510245103772e+00
-1.212501146954342079e+00
-1.087664479957095143e+00
-1.113095763539786009e+00
-9.769300296813629991e-01
-1.085102111980777995e+00
-1.116461400293859985e+00
-7.319739503017150817e-01
-6.881340598239416018e-01
-1.154122126042335328e+00
-1.372848169529611528e+00
-1.047640015988556161e+00
-6.972605655637633681e-01
-1.199919261195527387e+00
-2.613836015535083157e-01
-1.085841700879357052e+00
-9.519672867425961194e-01
-7.454120423162078346e-01
-1.522728045825762155e+00
-8.055079141969589962e-01
-9.082010787367953419e-01
-8.336712241653470024e-01
-9.451051767886551325e-01
-8.073162781789773312e-01
-9.887025773730315770e-01
-3.856446300816825379e-01
-1.040540252276184408e+00
-8.407041152569765252e-01
-9.860660119035569160e-01
-7.703279185675353524e-01
-1.281635976470103078e+00
-7.858063267148698294e-01
-6.914339989820672550e-01
-1.327943074483539210e+00
-6.418139116202010719e-01
-9.695943661360755250e-01
-1.293058265609297042e+00
-1.159683440433831425e+00
-1.439379855237377104e+00
-7.686521821804324084e-01
-1.301503775431694709e+00
-1.413719115362532808e+00
-8.602366016336984167e-01
-7.040195383997631673e-01
-1.001763255822585297e+00
-1.380422076906196782e+00
-1.025821269726652663e+00
-9.391885531546901866e-01
-6.383209545641226335e-01
-1.511694201040632013e+00
-7.591174244314271569e-01
-5.529981340970206993e-01
-4.746350524099374746e-01
-4.281050553852812635e-01
-1.678410587446155677e+00
-1.283886816077373982e+00
-8.407000440768546135e-01
-9.941079090628091031e-01
-1.102546854676550669e+00
-1.177401383165813886e+00
-1.219734581707097920e+00
-1.149843221190743225e+00
-7.962594036747714377e-01
-9.491288506071353659e-01
-1.084865980168963961e+00
-1.080687239493741014e+00
-1.196107265979311496e+00
-1.364405518954495466e+00
-1.606244309745147536e+00
-1.315085608941938933e+00
-6.351009940239484841e-01
-1.041668314772110637e+00
-1.064460744226434219e+00
-1.231590223613034940e+00
-6.353278202287495624e-01
-1.194413448491758789e+00
-1.251215093062800765e+00
-2.707457666314252998e-01
-8.436644236554156073e-01
-5.368171640897014818e-01
-1.479269472552662723e+00
-1.130336285944701036e+00
-4.570818836061226187e-01
-9.293999951356508582e-01
-1.768630854142991371e+00
-7.744891602813628317e-01
-9.903710795693254632e-01
-7.584971317562616555e-01
-8.317211975089517928e-01
-1.864809732980454715e+00
-1.255695519287759243e+00
-1.234738136720036739e+00
-1.067078659497046278e+00
-1.067527130696593662e+00
-9.563320706906073276e-01
-9.501240124691716638e-01
-6.913844617777340495e-01
-1.834181764311101137e+00
-1.067968692920456153e+00
-7.897208509031981016e-01
-8.302377360423638386e-01
-8.166445652662557286e-01
-8.618687245254936791e-01
-1.034842749558638975e+00
-9.603689457429180898e-01
-8.446906128285616155e-01
-1.350790757088990990e+00
-6.908146046616896463e-01
-7.704550867649087031e-01
-6.943791771748704100e-01
-1.351796396442680237e+00
-7.871380375706782395e-01
-1.342749626136641172e+00
-1.277161038575276297e+00
-1.282152265870291519e+00
-7.025547593265177859e-01
-1.145186183104368371e+00
-9.124511542481852366e-01
-8.695893777466108254e-01
-1.214051987959831269e+00
-7.943985571036518145e-01
-1.702911371095510606e+00
-1.075083651867656531e+00
-8.318729070618755550e-01
-7.735697848116456221e-01
-1.304278118977635348e+00
-9.344089578648078209e-01
-7.066102065441950408e-01
-9.625880016109662485e-01
-1.079701675798800498e+00
-6.257640294115600632e-01
-7.708420752864921788e-01
-1.615103583378918461e+00
-1.038204464665529958e+00
-7.176671974461146242e-01
-1.215845646011527226e+00
-1.064515169573385212e+00
-6.497195394124823942e-01
-7.891497541684668882e-01
-7.443692213233288335e-01
-1.197773657569119354e+00
-7.951154151430448458e-01
-1.220188972748211587e+00
-5.360163058032516581e-01
-1.649701181286492346e+00
-5.624380961563506531e-01
-7.504798071219664912e-01
-1.030262223295178803e+00
-3.498694024756692778e-01
-1.208872173994552046e+00
-9.879762829046723205e-01
-8.462806969329190743e-01
-1.364731893946111274e+00
-1.221073688953567160e+00
-5.388025932506725901e-01
-3.636492432003800013e-01
-9.705804671825615237e-01
-1.324776970461496450e+00
-1.442548127094668065e+00
-1.513371289112324991e+00
-9.796487360363674846e-01
-1.693016940136278681e+00
-1.640567335289464967e+00
-1.304387971649557887e+00
-7.297426243883085029e-01
-8.367529326759286512e-01
-6.750980603322394025e-01
-1.058012802019531851e+00
-7.794849819860876217e-01
-1.302000936871103409e+00
-1.031996102321422359e+00
-1.185022803277135939e+00
-1.410288736895321637e+00
-9.592835251549272080e-01
-8.471586579521539484e-01
-1.121051798567596069e+00
-8.184539829552268664e-01
-6.671054145596113649e-01
-1.290045927899346356e+00
-1.254462618840034072e+00
-1.304435597638321287e+00
-7.428383896897874372e-01
-9.751557783611670693e-01
-7.611125429038705370e-01
-1.530862789834391169e+00
-5.569212174985698205e-01
-9.589153518899533601e-01
-8.933681141200264797e-01
-6.751303936086867630e-01
-1.049356753577829426e+00
-1.121919135697180270e+00
-7.333935955972994414e-01
-8.331962252263536151e-01
-8.263700167350518377e-01
-1.051600005778354774e+00
-4.603959084007774316e-01
-1.259438293335826575e+00
-1.134962737763040241e+00
-8.322478463243254687e-01
-1.397619536546951924e+00
-1.383261813405195273e+00
-7.945662713989958270e-01
-8.522578960924076519e-01
-1.193913386521885389e+00
-1.036613564594768722e+00
-9.900261289140357412e-01
-1.249647862942350418e+00
-1.323538695772598306e+00
-5.037814510692837366e-01
-1.368773956614380172e+00
-1.205369626703181485e+00
-9.875732795963085842e-01
-1.213083852915542327e+00
-1.055895345835879073e+00
-1.942334420616416701e-01
-9.362625069061292216e-01
-1.150456493459760754e+00
-1.383557673472765703e+00
-4.368395586149387833e-01
-7.175319525677505972e-01
-9.921695590107231233e-01
-8.321492140719581876e-01
-9.249050691663751600e-01
-1.064381099969194722e+00
-7.705077461321825361e-01
-1.009033477262694323e+00
-1.220709362126325193e+00
-5.439329684275784338e-01
-9.641133663122301023e-01
-1.298535516459118799e+00
-9.917296189556101815e-01
-7.571167219719829866e-01
-8.117180572781852455e-01
-1.046916619236573087e+00
-1.062372373381020640e+00
-1.155954618377589060e+00
-1.033439030984599771e+00
-9.669508611938941733e-01
-1.404885857232248458e+00
-6.222244530976124288e-01
-1.071331901011415955e+00
-7.096359331739816589e-01
-9.608910620538648750e-01
-1.223142591615122843e+00
-1.184241007126378253e+00
-1.092885360512348303e+00
-1.312083487754817757e+00
-9.751114924041925924e-01
-8.944328604927993531e-01
-5.682698212711447816e-01
-1.257625358907605406e+00
-1.211576227349738577e+00
-1.104295726926484367e+00
-1.043325163640429043e+00
-1.239995877695353688e+00
-3.999432696106564600e-01
-1.486708303165731326e+00
-9.132921099905826345e-01
-1.369195506430893605e+00
-6.025319821384376162e-01
-1.125497044132309998e+00
-7.197571120226737840e-01
-7.507909601209914463e-01
-1.253944326335041826e+00
-1.122500965081794977e+00
-1.379154260640334417e+00
-1.099057066256734050e+00
-1.100673983790291022e+00
-6.972373645191081160e-01
-9.264226484393796035e-01
-9.734259409595549251e-01
-8.810715974077436563e-01
-1.143485863981674289e+00
-7.718479035337506566e-01
-8.276841041054052717e-01
-8.460256383956594739e-01
-1.323307017507442840e+00
-1.320150918103359050e+00
-6.133576716993656142e-01
-1.800809398751924473e+00
-1.081465219072037076e+00
-1.034088689905204195e+00
-4.572964028790421076e-01
-1.294059328857422475e+00
-1.632443978759110070e+00
-9.479044338134738901e-01
-1.190665208430641275e+00
-9.332010082159780673e-01
-8.027881862064334406e-01
-6.734460758631937161e-01
-1.397383532660370964e+00
-1.163305576525200724e+00
-8.127470498347890704e-01
-1.192637295734435998e+00
-6.487272267872126186e-01
-1.174585095854713490e+00
-8.066659635320090338e-01
-1.090610256038595072e+00
-9.099422963029693001e-01
-1.085327876723315210e+00
-1.110577894799082532e+00
-8.276382375856212725e-01
-9.501598871942840141e-01
-1.077849286005392759e+00
-1.504645670982949657e+00
-6.024628231700330794e-01
-8.564718825910841993e-01
-9.084826342059533211e-01
-8.700280352177967025e-01
-7.563375179353610811e-01
-9.384856103004506345e-01
-7.633974337307969371e-01
-1.450464050488620149e+00
-1.144656726302653471e+00
-6.920472042595702256e-01
-7.238256478205935540e-01
-1.396041527715930375e+00
-1.171978135791171827e+00
-1.149638058228108939e+00
-6.704334762325570019e-01
-6.445459173220950966e-01
-8.570777798733790753e-01
-3.396052130642651101e-01
-8.212158481638192065e-01
-9.535383603225935367e-01
-7.361626678065360530e-01
-1.526533795002802396e+00
-4.054916696796700415e-01
-9.848766542250673162e-01
-1.109053595340374176e+00
-1.093138988394795508e+00
-8.314993301325270814e-01
-1.018318691477699378e+00
-9.787606597367388694e-01
-1.044572525547096564e+00
-4.014356581980718652e-01
-1.103690348122699394e+00
-7.223152406465271902e-01
-6.972147756723665601e-01
-7.654892380283944142e-01
-6.155018831821910119e-01
-1.127609740232062396e+00
-1.079732743098553716e+00
-9.251742632987505210e-01
-1.193157988211613674e+00
-6.180464581617894915e-01
-4.790123232714483259e-01
-1.102997963405315307e+00
-4.128514801095595765e-01
-1.634044416799409039e+00
-5.763760731735607656e-01
-5.608589578758409466e-01
-1.462094696935861027e+00
-1.478208838812559822e+00
-1.037335077210631784e+00
-1.375879022597797263e+00
-1.181548976740824930e+00
-1.020830827820024655e+00
-5.246794832012295906e-01
-8.398471718910909267e-01
-1.274126028089153539e+00
-7.628311831438883139e-01
-1.388089036574172486e+00
-6.710876292128173937e-01
-9.616584348247774194e-01
-5.096557197645403825e-01
-3.281359331677254354e-01
-1.170826054597299493e+00
-1.064179827116188637e+00
-9.138228908975318809e-01
-8.460284745565318509e-01
-1.015308505561954622e+00
-1.562565821663536969e+00
-1.175800574281276045e+00
-1.300350425296068924e+00
-6.951370793018267769e-01
-9.814058792026867373e-01
-1.338853020709223518e+00
-9.232139189446937344e-01
-1.046510094428758197e+00
-9.643090407791672369e-01
-1.345065274214246376e+00
-9.095890305864569036e-01
-7.384957002007692672e-01
-1.108876069930284647e+00
-1.147317521883419733e+00
-9.859457108403231196e-01
-1.230736617589681448e+00
-1.432426805207557496e+00
-1.370662333848006842e+00
-1.346171075674018613e+00
-8.766669420108184063e-01
-9.047382159596009110e-01
-8.982705907314678662e-01
-1.133354879120507253e+00
-1.027389372726699168e+00
-1.308826657244506197e+00
-9.413534477709579740e-01
-8.545874580671086740e-01
-1.038021686704212687e+00
-9.030469108631558051e-01
-1.185367848201313468e+00
-1.140911913847830750e+00
-1.429943032906639377e+00
-7.004624021689100921e-01
-1.226192559005408800e+00
-1.516235684188476984e+00
-8.894947680083871155e-01
-7.022867996422283987e-01
-8.482695822776915584e-01
-1.170746475600080050e+00
-7.083558241980694170e-01
-1.346239845568451887e+00
-8.991821349946786945e-01
-5.263999955436458045e-01
-1.940942179159311554e+00
-1.219570565580753385e+00
-1.147969269052297125e+00
-1.249080042005088931e+00
-1.421201069991394395e+00
-6.168704645111113827e-01
-9.436069717092725462e-01
-7.829402006053425289e-01
-1.201889815940568429e+00
-1.259668654018764489e+00
-1.189231214791217628e+00
-1.349347278933397565e+00
-1.372463358018378710e+00
-9.369741697865490160e-01
-7.032067126908683186e-01
-9.662125654796835938e-01
-1.564822648746425404e+00
-5.554368357799543965e-01
-8.763288442940830869e-01
-1.059220037727190533e+00
-8.935496574253609658e-01
-9.581031215300126469e-01
-1.023753223557225756e+00
-1.025645155985094537e+00
-1.106201585390186981e+00
-1.453557475192515103e+00
-1.477572775530408666e+00
-7.621244926982240209e-01
-1.114502668054321521e+00
-1.255120508611757391e+00
-6.454002304537280743e-01
-6.041428041364054202e-01
-1.270883413490504932e+00
-1.076275209099290198e+00
-4.230062523901705895e-01
-8.470478459274919381e-01
-7.309952771415386685e-01
-9.348288003293210302e-01
-8.316979062945475398e-01
-9.746425475701383512e-01
-6.097281103645255662e-01
-1.641453339128379429e+00
-1.275463471642094948e+00
-7.479408192884773321e-01
-1.059508806646331625e+00
-1.292343664463434738e+00
-1.423706430813201695e+00
-1.523603581412441788e+00
-8.844214364800504491e-01
-1.645305300291202588e+00
-7.049656837652560348e-01
-7.273277766461885285e-01
-1.227942490605503867e+00
-1.150243820721162269e+00
-1.122206127906242745e+00
-7.049132428342379519e-01
-1.335006988989580368e+00
-1.088572344538232262e+00
-1.120884217266276739e+00
-1.079998695168289391e+00
-9.639448006097262045e-01
-6.664718827483651076e-01
-1.033033988102435519e+00
-8.789607390767550932e-01
-4.483931080375752054e-01
-1.390496483022094498e+00
-9.564632151356780021e-01
-9.332024367759896855e-01
-5.751922137897662601e-01
-1.117847397950637589e+00
-6.834008064723708920e-01
-9.611121071978456776e-01
-1.243065972290662291e+00
-6.319963344887864487e-01
-8.607056491070292914e-01
-5.744701438883326183e-01
-1.300329769791261914e+00
-1.295087479328185243e+00
-4.939189931590104998e-01
-8.870311587716455115e-01
-8.516313633823497931e-01
-7.799001999543766495e-01
-6.764152880555944769e-01
-1.020773001824441639e+00
-1.554184700281016962e+00
-1.105544272005051898e+00
-1.176104796975938616e+00
-4.777291587363028946e-01
-1.143172434275680605e+00
-9.214898186867004348e-01
-9.125622083097479909e-01
-1.422207285944040667e+00
-7.420132987756411502e-01
-1.322963575027309435e+00
-8.332834165093285783e-01
-1.319476749770521540e+00
-2.945315012602694460e-01
-7.535355522037119336e-01
-4.771078226846623971e-01
-1.286480965731716442e+00
-1.163710092136345242e+00
-1.020238400919279531e+00
-4.865546144344077839e-01
-1.436117514766806824e+00
-9.828227224225565273e-01
-9.762474041286748339e-01
-1.237673716986340100e+00
-1.251320005622436060e+00
-9.440713542300227523e-01
-5.889716275849790073e-01
-4.858491843258403997e-01
-6.872720040246815820e-01
-6.523837292232355090e-01
-1.531302448409907146e+00
-1.211257358435896325e+00
-1.282766615506315322e+00
-1.418213998142775711e+00
-9.361260407875104939e-01
-7.908438351788444898e-01
-5.750055512900051902e-01
-1.048471915600505344e+00
-1.196679286740643722e+00
-1.275686219831094537e+00
-9.665719029491524061e-01
-1.126839263138549985e+00
-7.824348649815182632e-01
-9.767768982582549775e-01
-1.235529327656099685e+00
-7.607322079175955487e-01
-1.159971248932567978e+00
-1.001277242828667813e+00
-9.411901384106085011e-01
-1.237838352946010634e+00
-9.637464450147281703e-01
-9.134899160532907736e-01
-7.035086446864213805e-01
-9.186388673467971167e-01
-4.729615265818894465e-01
-6.152568718200233100e-01
-7.004251041598341665e-01
-1.051641792563497990e+00
-9.596532552923489057e-01
-7.582015505802925937e-01
-8.028732863464047576e-01
-1.188684702561364492e+00
-1.014556230817710958e+00
-1.267901957300911153e+00
-1.435471453270875219e+00
