-1.014402222474994009e+00
-9.858576855635736713e-01
-1.065190754598493772e+00
-1.549342164353494145e+00
-1.204328603964118560e+00
-1.047745223196070885e+00
-6.512086658113642734e-01
-1.073415664726909302e+00
-8.465383715420782273e-01
-9.016186218028008348e-01
-1.197132048197975696e+00
-1.169079894745423065e+00
-1.223121838690766072e+00
-1.115920082840699212e+00
-1.150477003403221676e+00
-7.127745974491657144e-01
-1.039544905400550778e+00
-1.231834500104568964e+00
-9.492541998823580407e-01
-9.585097178767481019e-01
-8.796599521251846632e-01
-1.372276039747145848e+00
-9.221207738150138944e-01
-1.629762493673130752e+00
-1.750399856367025553e+00
-1.088341577310917518e+00
-1.488528432472574270e+00
-7.953652580581658249e-01
-1.164404795205261411e+00
-8.576370275587987813e-01
-1.190673200288495881e+00
-9.786248278762426089e-01
-7.222527913599354754e-01
-1.525461890227834960e+00
-1.157449124461404910e+00
-1.329630757178871026e+00
-1.264786522957042525e+00
-1.185866310631017218e+00
-1.210233323388348214e+00
-1.394598748548073974e+00
-1.644281236652841205e+00
-7.669043503853427701e-01
-9.092700619136917517e-01
-1.418742087863013257e+00
-1.060600766997570776e+00
-8.453265087105497066e-01
-1.284421973928548955e+00
-1.485180854958177310e+00
-1.075974286436075733e+00
-1.530012080856915535e+00
-1.308468410125986470e+00
-7.214436148522485048e-01
-1.312934056951313710e+00
-1.106458663543016474e+00
-1.012097626875470002e+00
-1.043722646666229270e+00
-1.179817671454099770e+00
-1.017757693119160312e+00
-1.289006386029147411e+00
-1.342494518981770302e+00
-1.098499767208995781e+00
-1.409421435956151658e+00
-1.146479027430207243e+00
-1.006199164037209659e+00
-7.508195235931833800e-01
-1.041965161852913102e+00
-1.009260409506776757e+00
-1.317091530127460164e+00
-8.267544378945914652e-01
-7.789159598028700948e-01
-9.873794483440332392e-01
-8.721219584886452658e-01
-1.474147265516564165e+00
-6.381173370880302009e-01
-1.061735288467975824e+00
-1.141272797959729690e+00
-1.056002690742495975e+00
-1.034257969482374140e+00
-1.039615661584023076e+00
-1.302098994422248968e+00
-1.100662947943793046e+00
-1.544391475424923943e+00
-7.744144874348575236e-01
-1.775856679596377052e+00
-8.982192105457724729e-01
-7.432184108552886137e-01
-7.713372624402521360e-01
-1.455652502675544913e+00
-1.111175156643203099e+00
-1.077282729237257985e+00
-1.161510971841437811e+00
-6.964211524638455053e-01
-1.214177090872720743e+00
-9.149868599313148998e-01
-1.242228109362134791e+00
-1.272009533858107222e+00
-1.516082592790912731e+00
-1.161183243177444258e+00
-7.606735644215629755e-01
-1.510191643188424582e+00
-8.837746671032999934e-01
-1.578017878171165567e+00
-1.093581821194487436e+00
-9.362276761953018944e-01
-7.989817403389065653e-01
-9.909698976777900903e-01
-7.612150458396453878e-01
-1.117513176551970577e+00
-9.002711905871234599e-01
-1.222850817301069259e+00
-1.119509352453175399e+00
-1.019360519524969977e+00
-1.273123502139409613e+00
-1.164693814114951653e+00
-1.087795834104226866e+00
-1.254641052682853530e+00
-1.034765038386848079e+00
-1.202169937249206288e+00
-6.828432186830188932e-01
-1.126680600824075729e+00
-1.129736967943344883e+00
-1.239538461018068194e+00
-1.317146899559791695e+00
-1.262805147787883886e+00
-1.268642047582821508e+00
-1.214597821555710500e+00
-1.064742342683266063e+00
-8.399000292936844581e-01
-9.347435613304821977e-01
-9.039295252425820770e-01
-1.104674432447310561e+00
-7.600372289441730267e-01
-1.008818595664476181e+00
-8.379200404327993290e-01
-1.227271422871133222e+00
-1.419897514343280154e+00
-9.399535785973047730e-01
-1.149280686327131651e+00
-1.054446715107169030e+00
-1.310526374650433201e+00
-8.993313126430604321e-01
-1.125603730588882190e+00
-9.218803325301796470e-01
-1.350731956499093389e+00
-8.893907699365297681e-01
-1.236826012774651762e+00
-9.453814769584707456e-01
-1.365187653395811385e+00
-1.939338216497244805e+00
-1.281137082983553999e+00
-9.398715323082496020e-01
-1.347361271189483123e+00
-1.458079373751911323e+00
-1.474204828547847956e+00
-1.610162167615144302e+00
-1.272172511799049222e+00
-1.186361639114732913e+00
-9.771532972768857128e-01
-8.553469166450100580e-01
-4.911067229821033941e-01
-1.575959123110906024e+00
-7.290232312366495826e-01
-8.797633293347257855e-01
-1.288973962217913272e+00
-1.597656491296078674e+00
-9.170611955134906346e-01
-1.026989548016740361e+00
-9.472335145723502769e-01
-1.389605657623793622e+00
-1.124464036269771317e+00
-6.760129001264272297e-01
-1.404754942589438560e+00
-9.658219894658981453e-01
-1.129671279944383766e+00
-1.052091222581009067e+00
-1.311573784817796184e+00
-1.261624970014381564e+00
-7.301053657860527846e-01
-1.640677401168713079e+00
-1.173462504449429122e+00
-5.097180764310373924e-01
-9.029289228727930272e-01
-1.024268426239320906e+00
-9.821696348519055597e-01
-1.168167375959356935e+00
-1.838079924418931643e+00
-1.165053623498306212e+00
-1.036900206377517453e+00
-1.010422810983410802e+00
-6.444150904627830023e-01
-9.758354334620560344e-01
-1.198287293914046092e+00
-7.512938977248677652e-01
-8.134706131237732230e-01
-1.033008188873349997e+00
-8.150822641330397467e-01
-1.099610529488725508e+00
-1.362474834341082630e+00
-9.650146037203453098e-01
-1.240938808983191866e+00
-1.350334170525549826e+00
-1.399438493384977722e+00
-1.336369406056175269e+00
-6.666807868362991663e-01
-1.110364270310182366e+00
-1.123779213648373076e+00
-1.144959729000607940e+00
-6.049918413325099387e-01
-1.245513860023404806e+00
-9.382077655353779910e-01
-1.020583242674380831e+00
-1.590207894232215313e+00
-1.294270739684102001e+00
-9.707396964057619648e-01
-1.183218427686608454e+00
-9.675745436971294744e-01
-1.084517358769553130e+00
-8.087605480463229135e-01
-1.228364353491987249e+00
-6.945409115511975706e-01
-1.027548371485874856e+00
-9.906101335437402788e-01
-7.699614808429484647e-01
-1.220486455190775477e+00
-9.498441508096786556e-01
-1.609313249723115735e+00
-1.593698497450777740e+00
-1.145151149731124196e+00
-7.039160883792630052e-01
-8.984574990099827296e-01
-1.396399168673209790e+00
-1.008389836523587935e+00
-6.893265370554257920e-01
-7.296318337133809173e-01
-1.162792736107018943e+00
-1.456166065720144065e+00
-1.386047922418378153e+00
-1.267382499922686367e+00
-1.553141570023669704e+00
-8.326540605451637767e-01
-8.756103371137275992e-01
-8.079273423535355825e-01
-1.287485069913803404e+00
-1.275448203232674604e+00
-1.470953742313732215e+00
-8.501489675505138344e-01
-1.640613819584598065e+00
-1.301433678390016002e+00
-7.971074363886505587e-01
-9.352389940911689514e-01
-1.146730333548152903e+00
-1.207250535018414173e+00
-1.447413187397373679e+00
-1.433831936033815868e+00
-1.039653449477232261e+00
-9.431895315299354543e-01
-9.462305539813731237e-01
-1.669651056306012737e+00
-1.616409717920558098e+00
-8.596679535999478539e-01
-8.510101504890568158e-01
-1.297679554803604862e+00
-1.403676456618683677e+00
-1.287883484982654370e+00
-8.871011134972985879e-01
-1.951993850248112228e+00
-7.371675569005664563e-01
-6.102209550821453554e-01
-1.192731104668923070e+00
-1.274206928426464547e+00
-1.616764507832979536e+00
-1.069557480510415548e+00
-1.054543022463253710e+00
-1.137514784287532610e+00
-1.045583168217067982e+00
-1.020168716330861702e+00
-1.304797121655110193e+00
-1.025818798113807606e+00
-1.476767352209183759e+00
-1.134656326463517662e+00
-1.087225207392613857e+00
-8.825742069536635093e-01
-1.014460058437603340e+00
-8.556189755468541769e-01
-1.402812651773782893e+00
-1.155034728098291996e+00
-1.345854144812039355e+00
-1.140168136850715275e+00
-1.083475283727776128e+00
-8.527601550988319623e-01
-1.245010921798963555e+00
-1.868089662347916846e+00
-1.033861259116616527e+00
-1.220869011699392548e+00
-1.035912395769801098e+00
-1.584892690727177200e+00
-1.025735628539380162e+00
-6.640149562368447000e-01
-1.118577864995384363e+00
-9.618226123774351599e-01
-1.254393628139649497e+00
-9.259683075626452542e-01
-1.553087394820164224e+00
-1.351100894458785451e+00
-9.663074766667816284e-01
-1.207354363281762932e+00
-1.196008101807035207e+00
-1.159968030617339441e+00
-1.453996257563130445e+00
-5.030949949209824190e-01
-1.093553130802796591e+00
-1.069923942732654343e+00
-1.104781908425650716e+00
-9.849857024460217936e-01
-1.000098225230349858e+00
-1.597095879552217657e+00
-1.466556001741306847e+00
-1.291045183943641650e+00
-9.175762673394989299e-01
-7.867483453079935352e-01
-1.104932436511508964e+00
-1.062399051721268695e+00
-1.558316092233362316e+00
-1.189954924472143905e+00
-9.380063820524431328e-01
-1.291861742079014608e+00
-1.213099160028943135e+00
-7.788120232494617490e-01
-1.196848337927502559e+00
-1.272048792671807593e+00
-6.054952966595519293e-01
-1.098379700862523567e+00
-9.049527170274243026e-01
-7.991241395545540804e-01
-8.635544701279909141e-01
-9.002624159848768848e-01
-1.011546111805277537e+00
-7.814203454245469693e-01
-1.219322979644874128e+00
-1.002006566672801302e+00
-1.286524951755839030e+00
-9.544475451348941597e-01
-8.436697158839736588e-01
-1.170959143271116165e+00
-1.307853922270414859e+00
-9.662892558117843755e-01
-1.206054595587755518e+00
-1.395596588138392935e+00
-1.140425653959593166e+00
-8.317895541551831862e-01
-1.236146069061050401e+00
-1.261444890041663047e+00
-1.059157082077252898e+00
-8.043621983677522458e-01
-4.926379397037164432e-01
-8.396291076080086846e-01
-1.129840323815465286e+00
-1.254841331159358919e+00
-1.435899852746996164e+00
-5.083163808224555602e-01
-1.294706423180411736e+00
-1.245592692338132412e+00
-1.605537504744017685e+00
-6.901041669175040916e-01
-1.185211215465474144e+00
-1.715813298453419566e+00
-1.349462480642657614e+00
-1.096429562213803610e+00
-1.221574019066352879e+00
-8.970109079123358420e-01
-9.453588901527107957e-01
-8.598374313306966776e-01
-1.051315894747550050e+00
-6.348324134083651593e-01
-7.176510223850525172e-01
-7.847676975025703605e-01
-1.108745612602050290e+00
-1.176594731383982850e+00
-7.113469355058907873e-01
-1.511541807150461825e+00
-1.367745590160386104e+00
-9.304737510979674830e-01
-9.082495392231106912e-01
-1.196814946993037143e+00
-9.774930436559192692e-01
-7.014330353372781879e-01
-8.015949837635116815e-01
-1.302281270991454409e+00
-1.019729918445076322e+00
-1.161056995461219987e+00
-7.736027591380723045e-01
-9.513257618059154375e-01
-1.305762052037547694e+00
-1.387600675921263349e+00
-1.322664234622490387e+00
-9.523404966005082350e-01
-1.000889516735430806e+00
-1.298504417471392447e+00
-8.356000236495479960e-01
-1.027885297057026026e+00
-1.440006729894161897e+00
-8.257995010047456397e-01
-6.527162997626025920e-01
-8.675223827860674142e-01
-5.491018953898501032e-01
-9.834856512964127440e-01
-8.102365611826454206e-01
-1.104252704118888762e+00
-1.172605342728676892e+00
-1.359081141336432541e+00
-1.147797403950474138e+00
-1.137607430196645897e+00
-1.404968636976527296e+00
-7.629404923756353263e-01
-8.259178946697613988e-01
-9.498681761986600414e-01
-1.229575809275214926e+00
-9.796345189508977036e-01
-1.622027870500851510e+00
-7.160266250965929835e-01
-1.607065083945859119e+00
-1.221103695011759971e+00
-7.390204538552223035e-01
-9.315765501403920901e-01
-1.166208201675074552e+00
-7.369079186536358073e-01
-1.103987101622909694e+00
-1.064739259218665968e+00
-6.832666523249355528e-01
-1.326164482265108635e+00
-8.195423812499638139e-01
-9.187944146011912672e-01
-1.316584699932076052e+00
-1.507201798246921687e+00
-8.489880510585590123e-01
-1.465619278651761892e+00
-1.178377705806444187e+00
-1.062701432794682876e+00
-1.005449696216385025e+00
-1.289751361608143743e+00
-1.063497265642773915e+00
-1.381331361713432404e+00
-1.018472733994958634e+00
-1.012070865090756389e+00
-5.735057102895031456e-01
-1.078048989796521528e+00
-1.815645148521373375e+00
-1.402508596808469843e+00
-1.059747809323305479e+00
-1.063685009764111289e+00
-1.680722538615658568e+00
-6.596996277819937582e-01
-1.004845904386833855e+00
-6.859839140205505892e-01
-5.826852176804426797e-01
-1.040954904210674048e+00
-1.412812314179472839e+00
-7.918907551522988975e-01
-1.154586790878287861e+00
-1.046401911035025112e+00
-9.136929003707590091e-01
-1.173362023486199224e+00
-1.255791453597428831e+00
-1.232969146536670113e+00
-1.363879239494757645e+00
-1.336418500615185412e+00
-9.753405257107456983e-01
-1.313548551472440540e+00
-8.954635078163346584e-01
-1.304829082285227759e+00
-9.575445522335184201e-01
-1.157321620381495553e+00
-1.177475950488830581e+00
-6.439550461256229319e-01
-9.896530920998682923e-01
-5.439438046449791564e-01
-1.141760393559235087e+00
-1.006626569021812134e+00
-7.775371640238941673e-01
-1.050096081659799285e+00
-1.112392751019698256e+00
-1.146868686444105112e+00
-7.992952178919705553e-01
-1.370676402348430134e+00
-8.935224745049485939e-01
-1.123277911010891916e+00
-1.315906340338881098e+00
-1.103640203448730706e+00
-1.264226017289314274e+00
-8.578396018947924695e-01
-1.137618670480990080e+00
-1.499296942861743975e+00
-1.319024997881609540e+00
-1.174579201476479984e+00
-6.163432739656280468e-01
-1.028903722296977907e+00
-1.256464947674207355e+00
-1.006158310758817453e+00
-1.414681431472648132e+00
-6.121987888098741060e-01
-1.098957953866240178e+00
-9.544591974662748335e-01
-1.459865976094175455e+00
-1.398415857083830094e+00
-1.427043761014232803e+00
-1.204075351454744425e+00
-1.128604981239061278e+00
-1.139131280854844608e+00
-1.609082104609138586e+00
-1.131443420131315936e+00
-1.606728899514508146e+00
-6.991181681507794288e-01
-6.936318388042903571e-01
-1.494192663560018008e+00
-1.295324154356489732e+00
-1.291659950384888678e+00
-1.177653232057516153e+00
-9.962887054805276144e-01
-1.379511631201566946e+00
-6.473509319492589675e-01
-1.227502137003258387e+00
-1.773197509921680126e+00
-1.330678952517726277e+00
-1.154323703128913525e+00
-1.095515583956638839e+00
-1.492421584383017308e+00
-1.086529635707581765e+00
-6.425197061999452508e-01
-1.081708062166523820e+00
-9.808808361110945562e-01
-1.481688765266345076e+00
-1.420016383599130183e+00
-1.472079214960345883e+00
-1.033710400190042566e+00
-1.014381905475798096e+00
-1.071306081141241595e+00
-7.818491809568590689e-01
-9.922857790862562588e-01
-1.091608298290488666e+00
-1.167278507467429893e+00
-9.061853395474455120e-01
-1.120273664111803402e+00
-1.312388613920380198e+00
-7.706787551384874924e-01
-7.981938212099461971e-01
-1.002590266630127847e+00
-1.146558447215145993e+00
-1.250059031465245329e+00
-1.092843961739572212e+00
-1.425635787810823008e+00
-1.184727968434931444e+00
-9.026742656580037938e-01
-1.324005810482177470e+00
-1.263277398981540234e+00
-9.912771898018175598e-01
-9.828663562416655175e-01
-1.054665509494516318e+00
-1.314007336282648541e+00
-1.098286666581369975e+00
-1.784623218259934863e+00
-7.759836320971769119e-01
-9.329127763255171679e-01
-1.599770971039224055e+00
-1.069903520760096871e+00
-1.028939059286195334e+00
-1.153861597839601405e+00
-1.480591683165485950e+00
-8.000146205556615264e-01
-7.902503049255504841e-01
-5.630513164784045621e-01
-1.085029977137029977e+00
-1.184890551800013458e+00
-1.314914349600112775e+00
-1.074964339890233322e+00
-1.095597478768713717e+00
-1.406176953301827570e+00
-1.288001421548358838e+00
-1.294638107438544683e+00
-1.324340349382719939e+00
-6.115548412499660635e-01
-9.784413843575845426e-01
-7.755240335648427852e-01
-7.075904790229663455e-01
-9.279326119054869260e-01
-7.818175086145875419e-01
-1.424241950917459310e+00
-1.421747901640366241e+00
-1.146331525613824898e+00
-1.026339821578439615e+00
-1.548761811953643264e+00
-1.180206205807604380e+00
-1.091327704726801517e+00
-1.467518297081693124e+00
-1.113498932237231731e+00
-7.578230700079271465e-01
-1.421433158337916058e+00
-6.250463417243605768e-01
-8.580753592075827108e-01
-9.143389715907770388e-01
-1.007005841024491755e+00
-1.290297410804694511e+00
-6.713285505377304396e-01
-1.399367793494047607e+00
-5.744176587100349174e-01
-1.162019804877264750e+00
-1.212965180873486037e+00
-8.611205830194852417e-01
-1.220922199831467214e+00
-7.955800295087809282e-01
-1.234182231343983194e+00
-3.677062229641561708e-01
-8.262056348544395412e-01
-5.228213994697630262e-01
-1.398170206964213680e+00
-1.562938083554808788e+00
-9.928357641727605376e-01
-3.595373197271639065e-01
-7.894993454482812645e-01
-1.424831649165515746e+00
-1.207471470864942109e+00
-1.332422879945771133e+00
-1.132688996860285346e+00
-1.005526867992657447e+00
-1.382370117725696179e+00
-1.438211929400023070e+00
-1.158450856092305248e+00
-1.022429342134599128e+00
-9.606429613771010345e-01
-9.345196455587232442e-01
-1.222847771489516067e+00
-1.524893167942480421e+00
-1.144162061031874789e+00
-1.066275764509118762e+00
-1.419555578487543546e+00
-1.052443740997727861e+00
-5.928928915709090752e-01
-9.493729494153240189e-01
-7.911256160197468468e-01
-1.477393168148470881e+00
-5.573583347306834135e-01
-1.422927055055048573e+00
-9.005968189006989810e-01
-1.063593396602048546e+00
-1.421733030981770174e+00
-4.282235954439426728e-01
-1.680129805355101258e+00
-1.322164391414685003e+00
-1.501768315854683511e+00
-7.984143641085350573e-01
-7.785124847294029315e-01
-1.288765698990979036e+00
-1.066425897187564420e+00
-9.489627970939769064e-01
-8.842105009242939850e-01
-5.981265364373027360e-01
-9.163175354481514212e-01
-1.299759278179703603e+00
-1.125903960320102204e+00
-1.381332434428909739e+00
-1.173056075453051239e+00
-1.400869715280784522e+00
-1.219985887070106134e+00
-1.162645714131727903e+00
-9.462142231641164081e-01
-1.330560215866495088e+00
-1.278893154987283953e+00
-1.264481068194566848e+00
-1.275026046373057387e+00
-9.748041355676417830e-01
-9.764020178912358183e-01
-9.691606014270388592e-01
-1.044643779355233892e+00
-1.001646356861979559e+00
-9.652386780761088581e-01
-1.208822959347179538e+00
-8.839819720173998085e-01
-1.437837736854615134e+00
-1.099621669942437041e+00
-1.374116341128765573e+00
-1.552953806229006251e+00
-1.243592035492124825e+00
-9.278009496568135894e-01
-1.337426267987880113e+00
-5.349364143661934357e-01
-4.088984080048630454e-01
-7.502975474692452629e-01
-6.692052512052879543e-01
-1.466738705617747218e+00
-1.090778193343647562e+00
-7.740435357637989178e-01
-9.287814619706904473e-01
-1.471618980035142688e+00
-7.169106248269554449e-01
-1.299292317776409522e+00
-9.590576633521803451e-01
-1.351338808588444795e+00
-8.794447887995251456e-01
-1.350741864307434259e+00
-1.462227042206887706e+00
-1.580529259481135984e+00
-7.141032482329630060e-01
-1.672185157015246393e+00
-1.129664159604044205e+00
-1.353890827578391853e+00
-5.970347275534604314e-01
-7.646238528624036412e-01
-7.887855490335273778e-01
-7.936236949140949015e-01
-9.445888347360491544e-01
-1.034527618312421016e+00
-1.267716752967079419e+00
-9.354320294743136976e-01
-1.030027457657560763e+00
-9.179284418085811303e-01
-6.146216652568381456e-01
-1.101245673701399586e+00
-8.799293866789708041e-01
-1.273125680030574802e+00
-8.040562524401786426e-01
-9.036117952312250345e-01
-1.255338263788399633e+00
-7.238425617959589609e-01
-8.490603610180138539e-01
-1.335078595947820634e+00
-1.340934160147665200e+00
-8.052228744630984814e-01
-1.457108697546094067e+00
-1.086560737330810600e+00
-1.071853428800200181e+00
-1.650757863973297379e+00
-1.268294228987944638e+00
-1.120363682947026707e+00
-1.357415092554902447e+00
-8.224379033677338136e-01
-8.805376241173488161e-01
-1.153748419139429604e+00
-8.577869724380744465e-01
-8.546169343001435159e-01
-1.187398518926283675e+00
-8.185744496830946737e-01
-1.351900009721593410e+00
-9.719215299986250223e-01
-8.449535449449396829e-01
-8.513021277794501351e-01
-1.465824226694909971e+00
-1.370387288251340596e+00
-1.329568918033221525e+00
-1.041144663043429563e+00
-1.241628451373561592e+00
-9.308050413680004631e-01
-7.094884153154148443e-01
-1.384403127721544724e+00
-9.101478608099866641e-01
-7.989913866849644997e-01
-9.474218063414778790e-01
-1.199863570939701862e+00
-5.288854999303489457e-01
-1.195369366380714116e+00
-1.172356417987324040e+00
-1.434709724377168261e+00
-1.046908907396592259e+00
-8.961139038946588364e-01
-1.540470108809311345e+00
-1.142539845813669519e+00
-1.336627554010537455e+00
-9.669267363997247067e-01
-5.520844933769564200e-01
-1.299709093521487890e+00
-7.255458870824722517e-01
-1.027687808813294357e+00
-1.846178727630257033e+00
-7.247583586378367748e-01
-8.932071811942781103e-01
-1.649813152628486268e+00
-1.419952718155272908e+00
-1.244757254659124346e+00
-9.081924112081538603e-01
-7.400931212482082522e-01
-6.413053097987568840e-01
-1.192404849997370508e+00
-3.856087965020127961e-01
-5.943591068019125068e-01
-8.208815325145075725e-01
-8.809259234328270516e-01
-1.487144148210966410e+00
-1.163503112564928887e+00
-9.857220272134790129e-01
-9.602284995320968797e-01
-6.144574651065153326e-01
-1.348880020726366258e+00
-1.373388279367500520e+00
-4.939107751945504554e-01
-1.153513768694207631e+00
-1.186278797259316509e+00
-1.412148737070368032e+00
-5.230147410219321280e-01
-9.631830333350408502e-01
-1.174725879469726397e+00
-5.940975865251485466e-01
-8.614112628579886355e-01
-8.544548822308262181e-01
-9.107208991302013779e-01
-1.205187355816658812e+00
-1.672147910690487738e+00
-8.299837384565802445e-01
-7.701602518205663550e-01
-7.273029316409531653e-01
-6.072975698051590321e-01
-1.623810312598994887e+00
-1.536293237000745382e+00
-7.798858368290635390e-01
-1.380749045488283588e+00
-6.188791850452948218e-01
-7.529671135725988229e-01
-9.487402423905710869e-01
-1.023227408439244090e+00
-1.015226890341291099e+00
-1.227082519097269842e+00
-1.352379166696728863e+00
-1.347757109024858568e+00
-1.493865916784170356e+00
-3.854623223788161135e-01
-5.810785316797297817e-01
-1.318794953467432141e+00
-1.198394432354011219e+00
-1.535968601597636596e+00
-1.100485849000385929e+00
-1.135345778896426072e+00
-1.358381732450017143e+00
-7.992454433151832127e-01
-8.795080333244169601e-01
-8.755455058558401227e-01
-1.013461575429581263e+00
-1.127652399804905503e+00
-1.637654451609396933e+00
-1.152217137642182809e+00
-1.638754358952607237e+00
-1.223803237650583409e+00
-6.055097372589739457e-01
-1.285055354711712727e+00
-1.260919294832156812e+00
-1.144302395104301429e+00
-1.186735351734168109e+00
-4.594745162820115802e-01
-1.010466499171724042e+00
-7.721624177118440180e-01
-1.268017701444375422e+00
-1.036712163542823806e+00
-1.542296551997214937e+00
-5.805925232945488013e-01
-1.549793124410119294e+00
-1.029844180256862973e+00
-1.581391296450349149e+00
-1.409511803456560575e+00
-6.595435470631341168e-01
-5.528291689675985943e-01
-1.364835779102893998e+00
-1.068504412808590320e+00
-1.054168229247740118e+00
-1.237419816005097761e+00
-1.391742526137275338e+00
-1.339146537827254679e+00
-1.019394238031259281e+00
-9.881146336611696945e-01
-1.074570429704277519e+00
-1.373687413687630698e+00
-6.960701438794498763e-01
-5.231523878128445659e-01
-1.668147016186705134e+00
-1.028858890063184095e+00
-1.529586996181262482e+00
-1.198693418540413891e+00
-1.393358506691186438e+00
-6.626050555524938268e-01
-6.351229760548666725e-01
-1.145353416750314768e+00
-1.294060181075654459e+00
-1.067603862099713030e+00
-1.194158103657987358e+00
-1.334690479612906433e+00
-7.696955088960923952e-01
-6.012479445121639010e-01
-1.274963810716667201e+00
-1.343498108483772047e+00
-1.203225860616730092e+00
-1.218094378532168509e+00
-1.038306453828554243e+00
-1.212733375409863701e+00
-8.594173244272593770e-01
-1.376612524488411982e+00
-1.392844848095276422e+00
-6.242343193023143222e-01
-1.366027773921264288e+00
-1.274637714449529557e+00
-1.690264559312663284e+00
-8.026192193932897290e-01
-1.891421678306411724e+00
-1.088787127382627506e+00
-1.121133011257857692e+00
-8.687473201435023107e-01
-9.803354820426730676e-01
-1.370287696363714947e+00
-1.202068849745029144e+00
-1.506237587972144798e+00
-1.112450567448040051e+00
-1.062959734280643165e+00
-1.131052650465440568e+00
-7.671349009510817218e-01
-1.206903056798470875e+00
-1.516735642624919667e+00
-1.126358255504353867e+00
-8.144174400690045168e-01
-7.296536977286334213e-01
-7.029239700581197958e-01
-1.097720746173699968e+00
-8.303927729207569719e-01
-1.191960903239017266e+00
-1.152472873654059260e+00
-1.016192249211375742e+00
-7.716061017626878460e-01
-8.437811794463070392e-01
-1.110698788653860181e+00
-1.409730502284457732e+00
-8.071974732485265314e-01
-9.724388987011889363e-01
-1.393979797604512516e+00
-1.198291149821085089e+00
-1.642976459063174577e+00
-6.243362664767855286e-01
-1.143421744358040559e+00
-9.852986495324853600e-01
-9.230916914740210366e-01
-8.803094976820031725e-01
-7.400138287089572664e-01
-9.421272576421704237e-01
-1.621541378567926461e+00
-1.230181606054469245e+00
-1.064289198281660465e+00
-1.062101716561305143e+00
-1.149126363581931987e+00
-1.481903156925380660e+00
-9.791874132433702194e-01
-8.710100088862273715e-01
-1.627218991746137267e+00
-1.428734236389488377e+00
-9.809983181404686725e-01
-1.195463266711133787e+00
-1.027724452473907757e+00
-4.538912364961267820e-01
-1.131699517590562198e+00
-6.526870028094688969e-01
-1.211201005595797131e+00
-1.247478459290601638e+00
-1.523531519252874222e+00
-9.968784583305505542e-01
-1.093403781642364958e+00
-9.288658070268067668e-01
-1.533432480226608607e+00
-1.166514061687454973e+00
-1.063988350813172890e+00
-3.750850367320493484e-01
-1.206288683291092401e+00
-1.203838227757529911e+00
-1.178529946098006764e+00
-2.096894420216799393e+00
-5.326573175741065036e-01
-9.783924131763481746e-01
-1.114206815384154670e+00
-7.500967864752721148e-01
-5.473396025671957155e-01
-1.151551135100924217e+00
-6.332243111136262037e-01
-1.168528737475075463e+00
-7.809803373199781795e-01
-1.232549868274663840e+00
-1.160930705592879253e+00
-7.457754460765433357e-01
-8.502390205636527476e-01
-1.055644805099209993e+00
-1.529322662057908122e+00
-8.979498606509754843e-01
-1.735382490393970745e+00
-5.523507565483147808e-01
-1.371543967938173569e+00
-1.272167921724030482e+00
-1.445302757234693036e+00
-1.275827195119483282e+00
-1.121708130622455446e+00
-1.379869940556642138e+00
-6.412849870447918654e-01
-1.005806676646676667e+00
-1.053379740617242266e+00
-1.009227579439692324e+00
-9.981656963477054667e-01
-1.227020208513817767e+00
-1.232033036755052269e+00
-1.073620260653304070e+00
-7.815730105084512935e-01
-9.337965108700996275e-01
-1.098955823279367028e+00
-1.801350635963935520e+00
-1.237940188110466355e+00
-8.865218843740945154e-01
-6.577203021190087817e-01
-1.184951720366484995e+00
-1.032644973857552717e+00
-8.451393284525683391e-01
-1.409037643912885773e+00
-1.223688008723638365e+00
-5.691743262438078155e-01
-1.712919516370160711e+00
-1.132790497402833996e+00
-5.645274099006276636e-01
-5.422013355533370493e-01
-1.364153514583162252e+00
-1.609250375108733255e+00
-6.093104960634669887e-01
-8.407881332342381775e-01
-7.977416435646671466e-01
-2.576078060096561040e-01
-5.325213730646294330e-01
-9.960547447702379209e-01
-1.217182152458605504e+00
-4.921089187529018028e-01
-1.354514530597317634e+00
-8.158319391104211782e-01
-1.023052658478011967e+00
-1.266620182360580049e+00
-8.176453362749254161e-01
-1.123399773104719390e+00
-1.302168454094367878e+00
-9.942681662047516689e-01
-5.581430979204360376e-01
-5.951301897063037138e-01
-8.522602192588339953e-01
-1.085736978689265886e+00
-8.792858192174715093e-01
-1.297115859104455371e+00
-8.536086068651482783e-01
-1.392274266926865511e+00
-1.502279639296649538e+00
-1.179400565557433556e+00
-1.058868867611785891e+00
-8.875959227852274758e-01
-7.149211641285941887e-01
-1.237200001540405214e+00
-8.653966576503564490e-01
-9.277544915554298832e-01
-9.319128501314364321e-01
-1.309011328520153672e+00
-1.419033850346889114e+00
-9.633615396666965758e-01
-7.132747386429874048e-01
-9.988527288188824294e-01
-4.418366744722460049e-01
-8.579133028923693338e-01
-8.004610349315988138e-01
-1.340316977745989124e+00
-8.089123552307921905e-01
-1.008530021258888798e+00
-1.451057235727301720e+00
-1.082844050399654368e+00
-1.314091240926887227e+00
-6.463909709259856307e-01
-1.145012327562156873e+00
-1.051745461125588310e+00
-1.386863338110881916e+00
-1.161112503818689579e+00
-1.203235549946722660e+00
-9.488173143762179684e-01
-8.716445335036344666e-01
-1.708835751644820267e+00
-5.760687077141786183e-01
-1.130929556224178345e+00
-1.155911715985132648e+00
-8.555847432087877458e-01
-1.377644493628136235e+00
-1.278262826020761356e+00
-1.792836410421078330e+00
-1.537829025568914876e+00
-1.012360864745105449e+00
-9.829589179820605871e-01
-1.404850438675997015e+00
-1.024276540172348593e+00
-1.136357970508460102e+00
-5.804471341778492111e-01
-1.197705176089858714e+00
-1.695204740775249963e+00
-8.595653642041836129e-01
-1.287318715133011882e+00
-9.925599553288262378e-01
-1.342228306538258753e+00
-1.484175932803513565e+00
-1.287366311692974552e+00
-1.130468053984234889e+00
-1.237278294414654756e+00
-5.086167088243667145e-01
-9.706743307598206805e-01
-7.576407659088428836e-01
-1.323811767260699046e+00
-1.481538352007870873e+00
-1.362491716114814455e+00
-9.393031336594410696e-01
-6.828393358845130656e-01
-1.182794043019417263e+00
-1.563133223362630719e+00
-1.211563091523441660e+00
-1.075131772405367503e+00
-1.298522903133691120e+00
-8.144829235793449307e-01
-1.077986079967701460e+00
-7.630528991925342730e-01
-5.035191689961604489e-01
-8.936159793731559553e-01
-1.386819437547206935e+00
-9.128107198171488967e-01
-1.132444845591504379e+00
-1.056263588288553823e+00
-1.552749975217832645e+00
-1.198218228020831777e+00
-8.757637985895248001e-01
-1.237136377212526117e+00
-8.108730055583639462e-01
-7.234588553017933243e-01
-6.982933988496964339e-01
-1.137210777198337741e+00
-1.155093400020444694e+00
-1.228111627864973077e+00
-1.047426249549264998e+00
-9.659957092382538413e-01
-6.816527369332416875e-01
-1.091598454867491075e+00
-7.212063377304240852e-01
-1.103867877882587667e+00
-1.450374382182257893e+00
-1.377581254559457680e+00
-1.053798429004868087e+00
-9.491508654799614142e-01
-9.257033055537928767e-01
-1.269003628865949640e+00
-1.811044708551552862e+00
-8.996820390890687413e-01
-9.277954569720239242e-01
-1.328840910200636660e+00
-5.362668703847224272e-01
-1.629541485200590945e+00
-7.401162552910069969e-01
-1.154629583812573745e+00
-1.107397067558015369e+00
-9.584790630649338006e-01
-6.875387643880679356e-01
-1.794035408199161186e+00
-9.394336265371490136e-01
-1.281330543732608351e+00
-9.790781453539030288e-01
-1.094264650676560979e+00
-1.103547503840928368e+00
-7.461184299338978754e-01
-9.773712592038319436e-01
-8.181630440812495131e-01
-1.479515984904015813e+00
-1.293808122477145606e+00
-5.304034000188022624e-01
-1.265815951590554267e+00
-1.331699159884994987e+00
-1.480048444624799675e+00
-1.675711060510768124e+00
-1.005122604284619303e+00
-1.302444268494199253e+00
-6.980697589270996595e-01
-8.249828878539102739e-01
-1.006958552437773324e+00
-6.794426587443251897e-01
-6.935303830046675166e-01
-1.161015166310374713e+00
-1.053377523232028157e+00
-6.282579181151075609e-01
-1.207452056414535679e+00
-1.132361629815181292e+00
-9.622430916441300219e-01
-8.076376430635900938e-01
-9.396170053266570399e-01
-9.854686112137369669e-01
-1.458388496916836363e+00
-1.625380805507337545e+00
-1.128315829730713649e+00
-9.597938552100565568e-02
-1.113845401060001183e+00
-1.210906033247520330e+00
-1.394599704999518242e+00
-1.676326329134888216e+00
-7.415529454995533065e-01
-1.339022081144854770e+00
-1.328524362227856859e+00
-7.622790520963502736e-01
-4.469670458023782822e-01
-1.792462994635755980e+00
-1.419832668641188622e+00
-6.255841989470920517e-01
-1.009856881751830304e+00
-1.238110430755146485e+00
-9.407156656005892792e-01
-9.117336940338884865e-01
-7.133081769237006320e-01
-1.022558306913512016e+00
-1.363859543690172149e+00
-5.616978072062372984e-01
-8.273200418728809957e-01
-1.247934645879095417e+00
-1.050980497692334925e+00
-8.585041663570973647e-01
-9.299913550869445267e-01
-1.761853171291971609e+00
-1.053810625354929531e+00
-5.894779615483012325e-01
-9.131529344360633793e-01
-8.185255791744610043e-01
-1.274118347872646329e+00
-1.367599795998156953e+00
-8.352900472901727547e-01
-1.510118153323614099e+00
-1.068889937621741115e+00
-5.090413218293474706e-01
-9.897954761798186674e-01
-7.757619523442937925e-01
-8.181715082867637712e-01
-8.782208122062233890e-01
-9.881425941442647520e-01
-1.330652834324926648e+00
-1.482634947435230277e+00
-1.296312810588436282e+00
-1.077120619621072084e+00
-1.128238073126109686e+00
-8.453481775317226443e-01
-1.361494137971729135e+00
-1.337346189324489121e+00
-9.737672497926870285e-01
-5.029986296374322485e-01
-3.848989631419930668e-01
-1.046371811842594202e+00
-1.313504473314399679e+00
-5.745002368889839950e-01
-1.069647279518135097e+00
-1.029488240198106030e+00
-1.295585280015050689e+00
-1.501395317570328292e+00
-9.486717346948023710e-01
-1.289202995719410882e+00
-5.310853706441389654e-01
-1.233812576916808457e+00
-1.140817239428401297e+00
-1.224261078345172837e+00
-1.037885340189074856e+00
-8.061794846555447869e-01
-1.345809976441576072e+00
-1.003324820879772705e+00
-1.078236111644205852e+00
-6.897541255634291879e-01
-1.495761334613249449e+00
-1.163475054894558713e+00
-1.254582354449401027e+00
-9.908838626685825268e-01
-1.362343236029851301e+00
-8.773109835585626293e-01
-1.320569905311320458e+00
-1.006913628308485631e+00
-9.732676274096303537e-01
-8.367431879747937451e-01
-1.312976089844756888e+00
-1.477759815931154908e+00
-1.020149854197832884e+00
-6.971825251555583414e-01
-1.067262762049363989e+00
-6.399423130512009728e-01
-1.383997132136910668e+00
-1.607636000628027251e+00
-9.773975767641904788e-01
-1.458364214089517663e+00
-1.232339713587063290e+00
-9.941949266611342928e-01
-1.309697904693269965e+00
-1.261116894289071144e+00
-8.149550576162494231e-01
-1.159204713636623030e+00
-1.149457156727902163e+00
-1.542271636027703341e+00
-1.635062007224014957e+00
-1.029338834860340501e+00
-1.428917535917185067e+00
-1.214448411004792394e+00
-1.587039687936947718e+00
-1.194478113784623208e+00
-1.225389641817554054e+00
-1.147390192022225808e+00
-1.506866092089485409e+00
-1.025972239220543702e+00
-1.085291272189134570e+00
-1.239352690239482246e+00
-1.160370017224199746e+00
-1.071173601989532376e+00
-1.357994552000786559e+00
-8.985415716845293055e-01
-1.326366990174588256e+00
-1.093549611902898011e+00
-9.627332124881857744e-01
-1.025600187387806006e+00
-9.768578665006413253e-01
-1.232813423763790883e+00
-1.224501567635205124e+00
-1.096057321954003516e+00
-8.399577853243767045e-01
-1.355014020663500407e+00
-9.324501357327759088e-01
-1.153738160754312236e+00
-8.708853194968146916e-01
-1.056208379469893099e+00
-8.245234298203993895e-01
-1.213502076635486038e+00
-1.138539068832816969e+00
-1.416832486458045270e+00
-8.128455089045627524e-01
-9.323527615038860183e-01
-1.265245571551528503e+00
-1.478811801336747056e+00
-1.025258730515162586e+00
-1.487990257334946609e+00
-1.293674931705926401e+00
-1.793222251714473026e-01
-9.998935440947973596e-01
-1.079923076960323858e+00
-1.224316817733928975e+00
-1.280862240256255280e+00
-1.285208797171979445e+00
-1.118966127055909698e+00
-1.186632410447086006e+00
-7.564605999562385996e-01
-1.207901344972154067e+00
-6.730251889981500035e-01
-1.009589060952212680e+00
-9.806002667879281098e-01
-1.014782902616243820e+00
-8.317782546155929602e-01
-1.234303174535661629e+00
-7.999691337919423439e-01
-1.212897338018035231e+00
-9.675735575818475986e-01
-9.573090366212437807e-01
-1.006989319374622216e+00
-1.433545499226266617e+00
-1.136024639099904920e+00
-1.300523344107663792e+00
-9.548743001847737055e-01
-1.261663049441488216e+00
-1.338915413070257632e+00
-1.227156352278410356e+00
-9.179589683101743169e-01
-1.748956471065540530e+00
-1.064974579670711297e+00
-1.259948638182184499e+00
-8.530196240237910565e-01
-1.535185836219001398e+00
-9.446936109109214108e-01
-9.891938115928771147e-01
-8.073893328561010385e-01
-1.466697135145910824e+00
-1.199280960823156494e+00
-1.369196123916312846e+00
-1.525493293255902660e+00
-5.985406306634399876e-01
-1.284145530006423730e+00
-1.121955666075984182e+00
-9.402416067101744268e-01
-9.214116534942680126e-01
-9.942002645356606827e-01
-1.526134791258730861e+00
-1.555139364452525985e+00
-1.113789742429684981e+00
-1.135081984845872416e+00
-9.171061746953061977e-01
-7.466933838385618749e-01
-7.556147175961567264e-01
-1.072395771352728122e+00
-1.289812565565857216e+00
-1.461785157231841215e+00
-1.351420281356770392e+00
-5.451113794348292352e-01
-1.068636827125402977e+00
-8.441582660947450911e-01
-8.056799978742685830e-01
-1.092257314633297671e+00
-1.750028092275372149e+00
-1.012700219969874471e+00
-7.602144000595818518e-01
-1.199076139875615343e+00
-7.301480958689432477e-01
-7.127509326081988839e-01
-8.704348275129114576e-01
-1.056489325152370373e+00
-1.237405095199062277e+00
-7.149388002057688318e-01
-1.067019024455693188e+00
-9.087825365919042220e-01
-1.410273715351128221e+00
-6.627236915441234721e-01
-1.308274774185453015e+00
-1.146239670336424599e+00
-1.574638346204434658e+00
-3.985114902172424700e-01
-9.493104299286767578e-01
-8.247252755130962676e-01
-9.317916942509438805e-01
-7.689996758449280101e-01
-1.233735468895290399e+00
-8.057125631436510282e-01
-1.356984597457231434e+00
-1.088850458828698908e+00
-1.264863430171697889e+00
-5.116006471136320677e-01
-1.236971498108840439e+00
-1.247820360853531430e+00
-1.350489162736732585e+00
-1.179821013007608332e+00
-1.168378240098473686e+00
-7.717139203437839434e-01
-9.311225796470705696e-01
-1.690548100269208209e+00
-9.789173692852597419e-01
-9.630416867597149100e-01
-9.344146934925761094e-01
-1.095292669515533834e+00
-1.287573517955039382e+00
-1.474764939471147063e+00
-1.390221450199622399e+00
-1.306014773319781330e+00
-1.190473533856995392e+00
-8.715385862227198466e-01
-1.167562933176139683e+00
-1.140555123910918400e+00
-1.274810671948249041e+00
-1.171021013624124141e+00
-1.140139285795339408e+00
-1.054693963318833472e+00
-1.172532271631244516e+00
-1.211169021440741123e+00
-8.267333989295981844e-01
-8.136269916623217746e-01
-1.214637424528615117e+00
-1.422987286358698089e+00
-1.113503246983647887e+00
-8.452545279951917401e-01
-1.263912248913465763e+00
-4.224140971382906451e-01
-1.189771027767094314e+00
-1.078018608748474438e+00
-8.497673195169466176e-01
-1.512701801721096917e+00
-9.125795505107352490e-01
-1.001735621046293989e+00
-9.187807442031510341e-01
-1.034052700264890934e+00
-9.336549716398434562e-01
-1.058308985766187593e+00
-4.549497878953699392e-01
-1.085019902987039320e+00
-9.595010877694041262e-01
-1.096712119241300076e+00
-8.394940537595982910e-01
-1.336724078145313133e+00
-8.789918883403022853e-01
-7.529767130185445190e-01
-1.375772553295302902e+00
-7.645725146274426898e-01
-1.062043069149436025e+00
-1.377422404081962259e+00
-1.239132626186141284e+00
-1.502736596783535550e+00
-8.766235019073183032e-01
-1.344643458001439473e+00
-1.464670359417418855e+00
-9.626821341796696352e-01
-8.029660388256449899e-01
-1.108666460620657990e+00
-1.425184203112675352e+00
-1.102641793590369179e+00
-1.036205065731973907e+00
-7.702602695720348613e-01
-1.616145040061587768e+00
-8.398591900802085952e-01
-7.422554412897679477e-01
-5.681147904440853047e-01
-5.582017222257538158e-01
-1.720901265143215841e+00
-1.339842657329317621e+00
-9.224423537146297924e-01
-1.029789388647845971e+00
-1.196533555258131987e+00
-1.285671431571115964e+00
-1.282250654603057871e+00
-1.202707766333908967e+00
-9.121160494127207308e-01
-1.060488668490702668e+00
-1.173158355368635331e+00
-1.159841896622779256e+00
-1.243101149022198815e+00
-1.426486643449802916e+00
-1.627624480839426457e+00
-1.377102747527299886e+00
-7.598515257754363539e-01
-1.099259605570992893e+00
-1.134474177692081032e+00
-1.285048012330458622e+00
-7.468370503603094512e-01
-1.262612554898368433e+00
-1.314503181284980560e+00
-4.155889152247068119e-01
-9.041397188194122414e-01
-6.184073532243599125e-01
-1.581535560164159637e+00
-1.223442450799972381e+00
-6.020527382267464311e-01
-1.015587123000483150e+00
-1.765617731003310542e+00
-8.838783531444538433e-01
-1.096560801504250282e+00
-8.261357214112234892e-01
-9.371249308049951487e-01
-1.842077958246470804e+00
-1.367019787833772870e+00
-1.282870354703984805e+00
-1.167743450989864318e+00
-1.143101601245920751e+00
-1.025097548084361154e+00
-1.024928931748075644e+00
-7.746662551783356498e-01
-1.863201820297721856e+00
-1.140739177558114381e+00
-8.781669061820349675e-01
-9.556059537212608923e-01
-9.316814038741765280e-01
-9.689535745440029935e-01
-1.129183202577597189e+00
-1.062501868749056388e+00
-9.258155672089185551e-01
-1.379614830093207178e+00
-7.663890812609754910e-01
-9.075976217983989791e-01
-8.075836518085464100e-01
-1.405650026319947177e+00
-9.000619738069350895e-01
-1.378982836870922046e+00
-1.329676467503294379e+00
-1.311974624804616685e+00
-8.241751294470991418e-01
-1.272712162226224297e+00
-1.014413622240237789e+00
-9.598535247268000781e-01
-1.268291431870605113e+00
-8.875483049250232348e-01
-1.720408591772397688e+00
-1.171406345033004559e+00
-9.270746378827934286e-01
-9.060704318186094675e-01
-1.349638764322407258e+00
-1.035060869652089099e+00
-8.111422878251173252e-01
-1.073539535373966292e+00
-1.141058311555765759e+00
-7.440270324936801849e-01
-9.335903242649519207e-01
-1.617440446283403777e+00
-1.099668826717522752e+00
-8.097209032597834089e-01
-1.264256524380922730e+00
-1.101268039212643490e+00
-7.795511009710858197e-01
-8.930131256191100597e-01
-8.230984693905765148e-01
-1.237053035675704127e+00
-8.996082007595025409e-01
-1.276111463274638869e+00
-6.667966035585881635e-01
-1.669494429829047721e+00
-7.005827463018281520e-01
-8.164136125757903706e-01
-1.133346052494200951e+00
-4.635403059828964722e-01
-1.302056884163322881e+00
-1.092634565357546439e+00
-9.433550908616976649e-01
-1.398929837507705276e+00
-1.275914810503110619e+00
-6.427574911003621771e-01
-5.203803007505123368e-01
-1.066701104893116980e+00
-1.436548036123238337e+00
-1.505953767345161953e+00
-1.546345603384321254e+00
-1.061643498509554195e+00
-1.681780019680065852e+00
-1.692380494463809004e+00
-1.378054310451116482e+00
-8.239889809089793182e-01
-9.247150877389249679e-01
-7.882295953698492674e-01
-1.157246058703405911e+00
-9.098137497626059833e-01
-1.391105085699586130e+00
-1.096097604613909926e+00
-1.252146972637021793e+00
-1.458526477601421067e+00
-1.049360267908735711e+00
-9.729163948336503331e-01
-1.166696404711065060e+00
-9.320936247776008265e-01
-7.918273266174051805e-01
-1.326411685100911786e+00
-1.344990017613735933e+00
-1.387522905652322169e+00
-8.593544609178214166e-01
-1.053363088264685832e+00
-8.566018084047439807e-01
-1.578638455838263344e+00
-6.451980659720395472e-01
-1.047582162751421908e+00
-1.002001613930847856e+00
-7.346933241258182257e-01
-1.142728067481673992e+00
-1.243240815053877402e+00
-8.367849724851841309e-01
-8.784754951502207199e-01
-9.402693434473232692e-01
-1.161698946327860416e+00
-5.853278939422570382e-01
-1.357500527377034860e+00
-1.212837499863731683e+00
-9.084563436491674970e-01
-1.445128763764185198e+00
-1.476842563942707631e+00
-8.841663653564109104e-01
-9.674321113029802355e-01
-1.240251610130358007e+00
-1.156371838100563654e+00
-1.099718988210082404e+00
-1.291645024288794463e+00
-1.374760723481316393e+00
-6.423075993211964096e-01
-1.395009340349564031e+00
-1.265175010523457377e+00
-1.075841991841134604e+00
-1.250033152076821086e+00
-1.132388019787967881e+00
-3.146890756376988230e-01
-1.001045370832795545e+00
-1.224811713388963330e+00
-1.411788183588229106e+00
-5.727218198259476090e-01
-7.719740524890394973e-01
-1.058191477448123141e+00
-9.243258853355453830e-01
-1.039841039263951661e+00
-1.113826382238711332e+00
-8.559039324080122135e-01
-1.066569204694662876e+00
-1.262386292483750783e+00
-6.722231399106370908e-01
-1.050673875394349199e+00
-1.354552364768928374e+00
-1.081484071189656948e+00
-8.905824438478195937e-01
-9.114478595043782327e-01
-1.150638618428776017e+00
-1.185994372346993675e+00
-1.229532483208029436e+00
-1.149878425813885219e+00
-1.051273375461008630e+00
-1.462694868668141357e+00
-6.786620318520246720e-01
-1.154852422923266619e+00
-8.346248758502636811e-01
-1.074277760037379625e+00
-1.305339959050705989e+00
-1.253911963104304750e+00
-1.162995872105505146e+00
-1.393448906406148158e+00
-1.038658881405734480e+00
-1.000672092714723238e+00
-7.249077147316147496e-01
-1.300782198219965213e+00
-1.265489192175679012e+00
-1.127823873516736075e+00
-1.097603934203970955e+00
-1.287383390074272160e+00
-5.236184009406028572e-01
-1.518220957874153232e+00
-1.019337361157998334e+00
-1.405454342083809482e+00
-7.182135583681277247e-01
-1.199677289544518022e+00
-8.768753851758472884e-01
-8.719004024407124298e-01
-1.311101681085457660e+00
-1.192002153047010626e+00
-1.441474121041082856e+00
-1.153517978755786988e+00
-1.139447161185632940e+00
-7.954389012399158965e-01
-1.015589165344986444e+00
-1.031827431484839241e+00
-9.711274330465937688e-01
-1.240689025294465342e+00
-8.999128430547327362e-01
-9.209041189035400699e-01
-9.124424923835623424e-01
-1.393520502932926508e+00
-1.404904512952093842e+00
-7.376099012508956498e-01
-1.796842837980919594e+00
-1.104220155121787617e+00
-1.119552264696196620e+00
-5.523770725318581931e-01
-1.403203978735057422e+00
-1.660431798915450674e+00
-1.027049680468135495e+00
-1.280764816570649334e+00
-1.014023820511060325e+00
-8.805048224032163695e-01
-8.061210217908407749e-01
-1.444689760440070803e+00
-1.221906293378307584e+00
-9.246264121611518227e-01
-1.252793675506233217e+00
-8.053268680136338453e-01
-1.244891296419741611e+00
-9.554108608393332425e-01
-1.176398937523295718e+00
-1.026535278832224396e+00
-1.163706664789717404e+00
-1.161737188822901334e+00
-9.353445121482093505e-01
-1.024370714724180065e+00
-1.119410089517704154e+00
-1.486200415962752874e+00
-7.628235444028246270e-01
-9.644091538085359794e-01
-1.043476061329798643e+00
-9.653017650171702435e-01
-8.549759717836136197e-01
-1.027263364552528646e+00
-8.822408817608171638e-01
-1.514345155311560109e+00
-1.228183673678156840e+00
-8.021757494928078991e-01
-8.304521731090412917e-01
-1.397625674036895749e+00
-1.268030643631967269e+00
-1.224178934139334096e+00
-7.774312811743411267e-01
-7.196176194149228600e-01
-9.188887801294360891e-01
-4.667609312268772848e-01
-8.909952659415005805e-01
-1.038872010919615452e+00
-8.305418600611003122e-01
-1.556787964133587554e+00
-5.409195879247836736e-01
-1.119418494810437981e+00
-1.178869820752443065e+00
-1.187822988043418793e+00
-9.150052697447503824e-01
-1.116547816128669712e+00
-1.085795817503143024e+00
-1.112774355635679502e+00
-5.529975160613429530e-01
-1.170078469028398960e+00
-8.574133236476666475e-01
-8.232016403189867937e-01
-9.100187077198005348e-01
-7.298051548103505759e-01
-1.182551594033272924e+00
-1.153958527096016429e+00
-1.000428428951700699e+00
-1.260183226255766176e+00
-7.157592940153887362e-01
-5.994072218354209447e-01
-1.162090625709780500e+00
-5.540549004281207779e-01
-1.611896824562248032e+00
-6.620158033585545887e-01
-6.763634938714102596e-01
-1.499505135433178982e+00
-1.561769497096673565e+00
-1.115291048669864171e+00
-1.465255196658614256e+00
-1.223338758712426699e+00
-1.073187150668961198e+00
-6.448059569640958166e-01
-9.565883587356833750e-01
-1.322612010069928790e+00
-8.446706317289032206e-01
-1.438131756609152934e+00
-7.532170434661762393e-01
-1.046323583657532641e+00
-6.450536717417514332e-01
-4.358443162882781885e-01
-1.260814370789220096e+00
-1.126442980000231575e+00
-9.554368956357532916e-01
-9.080664120015158325e-01
-1.100244220041752374e+00
-1.580938579831507429e+00
-1.205563679468433680e+00
-1.383123754686034435e+00
-8.051736731946275150e-01
-1.013153427901745562e+00
-1.399601860332780223e+00
-9.545803562417316535e-01
-1.116925455554682589e+00
-1.071973463597001075e+00
-1.410751886433243119e+00
-9.868809497559678512e-01
-8.088090906633849109e-01
-1.164313042529921294e+00
-1.228421070611116495e+00
-1.036854135719121661e+00
-1.300578295554313701e+00
-1.475936544136617901e+00
-1.437313799932301794e+00
-1.388798046067048819e+00
-1.019308654492963928e+00
-9.986897102325156261e-01
-1.026927795090241791e+00
-1.200293133611613161e+00
-1.117356068460591434e+00
-1.332688866191827248e+00
-1.043137517016653693e+00
-9.507717501204031585e-01
-1.137415730338887432e+00
-1.018004762588804457e+00
-1.227965890609230559e+00
-1.222565832314885359e+00
-1.487202267266301892e+00
-7.921342885534845557e-01
-1.297509446719101067e+00
-1.558711947758756100e+00
-9.210700410395813442e-01
-8.185779738907732472e-01
-9.170434280213268785e-01
-1.283733169268142849e+00
-8.272121034484638535e-01
-1.445755366101256545e+00
-9.649610489496791566e-01
-6.107281974850349293e-01
-1.932150414292256091e+00
-1.272501890388767709e+00
-1.219230175284352402e+00
-1.312715512397998996e+00
-1.503378852077031258e+00
-7.391798091298817930e-01
-1.040247469651916834e+00
-9.132206520360779400e-01
-1.280079650490926202e+00
-1.318022227881169517e+00
-1.227717579750898569e+00
-1.414398621032138426e+00
-1.436428027933018381e+00
-1.031241424214453861e+00
-8.115386454244313263e-01
-1.012474064025529419e+00
-1.640872701216661955e+00
-6.660172350813522435e-01
-9.523297306594469269e-01
-1.149775388110701346e+00
-9.596767094919376184e-01
-1.007841151510302513e+00
-1.143575136668307568e+00
-1.122879875492336144e+00
-1.143804737800343307e+00
-1.532929157866324221e+00
-1.530985997615918581e+00
-8.681882163933392071e-01
-1.196192686943597483e+00
-1.322326942811518524e+00
-7.700088169887604472e-01
-7.233866084799740470e-01
-1.332271656889328693e+00
-1.158001662428173706e+00
-4.847318979217943302e-01
-9.521514582337577970e-01
-8.109913011271250305e-01
-1.039188670531054459e+00
-9.874307911521182923e-01
-1.036876231836313611e+00
-7.099829922150857620e-01
-1.706095417648061829e+00
-1.342326816988159255e+00
-8.804635678698002899e-01
-1.156295641442480093e+00
-1.300039220536011175e+00
-1.492959951009272590e+00
-1.561513875956859199e+00
-9.888018831281155663e-01
-1.684610049258172371e+00
-7.913147004100733461e-01
-8.466205166013875960e-01
-1.252943026121077441e+00
-1.221247185180264427e+00
-1.239673535218021261e+00
-7.987312725468034280e-01
-1.361637525147916694e+00
-1.160963820369186994e+00
-1.182008547456345315e+00
-1.119332170720046538e+00
-1.024301921353627964e+00
-7.544666063164098269e-01
-1.110218135975575837e+00
-9.770588762071192868e-01
-5.828349434722750466e-01
-1.440726704004579251e+00
-1.067232097305983007e+00
-9.990291390150543016e-01
-6.782398402684219896e-01
-1.192589195217689468e+00
-7.486387478628491188e-01
-1.028798263374778532e+00
-1.316197234026060148e+00
-7.418907979629065785e-01
-9.753732985242717923e-01
-7.047265507711686361e-01
-1.364549120981593422e+00
-1.357594112622291238e+00
-6.474369708446343630e-01
-9.635991027107988494e-01
-9.546117022797457885e-01
-8.637928997128843100e-01
-8.047574881589558693e-01
-1.106268632689339615e+00
-1.601154418000565460e+00
-1.225678333767707517e+00
-1.232079384519398690e+00
-5.912524533652789849e-01
-1.219030168845261830e+00
-9.826507357044875768e-01
-9.984373253387386349e-01
-1.471547977916288108e+00
-8.139537287427125456e-01
-1.351720900781068213e+00
-9.264683554237476137e-01
-1.411982174025772085e+00
-4.425010800350608897e-01
-8.638272505982880212e-01
-5.653709319546362799e-01
-1.353260860807968147e+00
-1.232545638493494966e+00
-1.072593479666775540e+00
-5.912801355957069127e-01
-1.513484425654383347e+00
-1.035265513088293066e+00
-1.048995683793340294e+00
-1.286907422788520439e+00
-1.312634476253695670e+00
-1.068860298874046766e+00
-7.178212969209565308e-01
-6.257212041471089670e-01
-8.169276672106673409e-01
-7.536620298859060263e-01
-1.537401536905737220e+00
-1.278634841922676291e+00
-1.335248354533686399e+00
-1.465124104205344668e+00
-1.040989803104619416e+00
-8.892599072643005975e-01
-7.347374957326882061e-01
-1.165815569408853225e+00
-1.269848161575307888e+00
-1.337946504778209533e+00
-1.019004697376811652e+00
-1.262814672444961150e+00
-8.544853249191182165e-01
-1.107711889739154021e+00
-1.263342863072598465e+00
-8.740770008417766412e-01
-1.218676407646132720e+00
-1.084262373223840559e+00
-1.043799664603799915e+00
-1.342238446300353605e+00
-1.033801222043145618e+00
-1.018968075096122750e+00
-8.029694863868415133e-01
-1.031729892848286756e+00
-5.592483840732485056e-01
-7.243044771341407007e-01
-7.925936215633133664e-01
-1.146729013603146274e+00
-1.019511945035472156e+00
-8.586957842315539047e-01
-9.271377428163778411e-01
-1.241191222428529972e+00
-1.060209808016829403e+00
-1.305392035025125796e+00
-1.499162370491685881e+00
