-9.536480628458527953e-01
-1.057604092898586590e+00
-1.171123757591463477e+00
-1.702606047854761773e+00
-1.187356994063325732e+00
-1.079929411599405586e+00
-5.721426434648404502e-01
-1.086082894457050418e+00
-7.604795164562117016e-01
-8.717293351942783097e-01
-1.231147791745546005e+00
-1.123500935853130489e+00
-1.294520182707181721e+00
-1.030677241680774348e+00
-1.140246629444601201e+00
-7.130992179633861561e-01
-1.041601705531509214e+00
-1.169253384196608625e+00
-9.562719179683480952e-01
-8.529875775182316211e-01
-8.097711799259923460e-01
-1.455931859196777811e+00
-9.496181712997082691e-01
-1.803363720343274412e+00
-1.899664891422603308e+00
-1.194082437713792633e+00
-1.585164017832337624e+00
-7.710933804301132177e-01
-1.184901957344042689e+00
-7.742302958760274301e-01
-1.341576736742775555e+00
-1.043507587095714673e+00
-7.368444973289318689e-01
-1.675623088866505572e+00
-1.064700302977567237e+00
-1.447314194809929067e+00
-1.292368542797380560e+00
-1.239488160203681577e+00
-1.116878121752489239e+00
-1.451156626741490374e+00
-1.801413132988966215e+00
-6.544878414358064056e-01
-8.177776386603068381e-01
-1.484156393242831218e+00
-1.018474444568685744e+00
-8.654218958568340447e-01
-1.355795820204950264e+00
-1.554426345727567327e+00
-1.098199613480073555e+00
-1.705102736639612093e+00
-1.391989119150001120e+00
-5.883169268916934591e-01
-1.364454856162034435e+00
-1.056985293885226884e+00
-9.997894731250878131e-01
-1.025563907255364615e+00
-1.323547542223775242e+00
-1.025256487863084320e+00
-1.334600191600263219e+00
-1.460823111245194372e+00
-1.130554235325253121e+00
-1.474445172633327861e+00
-1.188193370177789365e+00
-9.752801148223650962e-01
-6.937031572765062215e-01
-1.043246141379567948e+00
-9.403844863178787428e-01
-1.511361678935305708e+00
-8.114183353032005108e-01
-6.603858438753005267e-01
-9.604446641254225092e-01
-8.041032065894282432e-01
-1.548707098188771614e+00
-6.920762909210194103e-01
-1.103498336614070485e+00
-1.219777964900615519e+00
-1.107259010086743434e+00
-1.007278530314911880e+00
-1.081414441037552354e+00
-1.296703589791559086e+00
-1.076055400424739350e+00
-1.708739026438558017e+00
-7.388943946505759364e-01
-1.826053657958159437e+00
-9.208851208924042631e-01
-6.537438168748761491e-01
-6.905942925386310272e-01
-1.538114606967607489e+00
-1.071928393314938166e+00
-1.075022622683381446e+00
-1.266677122898784535e+00
-4.602617538177225520e-01
-1.141905690373999693e+00
-8.863671604055807229e-01
-1.248058575847484253e+00
-1.427857782978133816e+00
-1.621071689851664832e+00
-1.157173168589221479e+00
-7.237752900521852162e-01
-1.584047046366155787e+00
-8.957286851454608900e-01
-1.780835647786814580e+00
-1.155108271824968558e+00
-9.991541665262395622e-01
-7.917018852090973446e-01
-9.409596320826705274e-01
-6.893415801957698541e-01
-1.205827222296453005e+00
-9.044737292338465018e-01
-1.271997608911921152e+00
-1.019232312950631769e+00
-1.068724794802154765e+00
-1.319026578071483602e+00
-1.223952761096523734e+00
-1.105341005648269981e+00
-1.362554474142524175e+00
-9.756175317510664691e-01
-1.093751431151983144e+00
-6.165523765430127590e-01
-1.182551576086299239e+00
-1.109467963097003906e+00
-1.276157533776253405e+00
-1.434432739147358138e+00
-1.257005348310638926e+00
-1.338415867546123739e+00
-1.251787236325892838e+00
-1.094714451138932620e+00
-7.968825784080846297e-01
-9.834039981902731320e-01
-9.124360318585407192e-01
-1.054375371141460516e+00
-7.439018804095831605e-01
-1.017439115328440113e+00
-8.170352344872289230e-01
-1.337160457849683848e+00
-1.368223512040164014e+00
-9.415347583284519040e-01
-1.172236467534333304e+00
-1.041932966995354537e+00
-1.343368996188726516e+00
-9.102225094958140694e-01
-1.177857961107765750e+00
-9.084374519124485126e-01
-1.317698656169686178e+00
-8.270067494066677405e-01
-1.230571533205472523e+00
-9.995703978091907693e-01
-1.387805093288012603e+00
-2.087526872878779916e+00
-1.230592603139888386e+00
-9.351467088714042752e-01
-1.456361609616932729e+00
-1.515915394546550221e+00
-1.551315450142177088e+00
-1.775707953246510318e+00
-1.359162718803468284e+00
-1.206894895678527480e+00
-8.832190061289968419e-01
-8.723450883131023126e-01
-4.407698468219583554e-01
-1.783974280388165301e+00
-6.745529212016916354e-01
-8.774213207056686947e-01
-1.311025052548846492e+00
-1.733809041244825710e+00
-8.342143770453209761e-01
-9.961351269674421083e-01
-1.057519761917707246e+00
-1.476382589870514739e+00
-1.129533464564290046e+00
-5.580232094831285572e-01
-1.495421319174870423e+00
-9.657723405539440087e-01
-1.142508159978612436e+00
-1.009230945420210634e+00
-1.311801447676174792e+00
-1.299946522645186509e+00
-7.760299364539740008e-01
-1.737927378568482784e+00
-1.090313171386963820e+00
-3.871750045791864658e-01
-8.928505702732718596e-01
-1.040865514880085829e+00
-1.040653451895357851e+00
-1.228003517688094792e+00
-1.979404029720396085e+00
-1.155283560746238170e+00
-9.468706140627678458e-01
-9.844992787935749057e-01
-4.852350941511330285e-01
-9.347273074484871991e-01
-1.229049384123510169e+00
-6.504183759476700466e-01
-7.526168572145803815e-01
-1.108084853369359468e+00
-8.229574759864282107e-01
-1.117630629692737632e+00
-1.470071931517122454e+00
-8.929526582798357204e-01
-1.247974707186149335e+00
-1.454932657434348631e+00
-1.489718150964208565e+00
-1.352289716053630020e+00
-6.150836438044859911e-01
-1.118878456719411663e+00
-1.216757169185580967e+00
-1.156954545403483525e+00
-4.916444308134556018e-01
-1.257241361303297555e+00
-9.444801173157313379e-01
-1.096748294203113705e+00
-1.692902335993047291e+00
-1.323207323418423176e+00
-9.628229610206102684e-01
-1.215065767054295254e+00
-9.952079693094231239e-01
-1.116441024463747045e+00
-8.197157769458702781e-01
-1.282403360319211760e+00
-5.511167347028131935e-01
-1.012518297035978510e+00
-9.066295310586416356e-01
-7.352902603583513219e-01
-1.258835115088795309e+00
-9.684327537709234157e-01
-1.621268878963789906e+00
-1.716315199621267329e+00
-1.152314293502446407e+00
-7.496672739540355401e-01
-9.258957696111065339e-01
-1.499936071498208623e+00
-1.072743080578970609e+00
-6.550632386415640163e-01
-7.169434164001242671e-01
-1.171221440315218576e+00
-1.388743563668076053e+00
-1.444037830018509272e+00
-1.247148814779219794e+00
-1.543018915926311241e+00
-7.794726889881613552e-01
-8.638933664746279995e-01
-7.819821014448948837e-01
-1.339653003189799296e+00
-1.330244758923374793e+00
-1.564490291437842240e+00
-8.370024868959728970e-01
-1.741836659471357240e+00
-1.376535293880000399e+00
-6.983906482596826670e-01
-9.467038852060523091e-01
-1.088655550709195285e+00
-1.267129110233821354e+00
-1.535139737370386559e+00
-1.563561651802733099e+00
-1.108803608605417157e+00
-8.530689070228274495e-01
-9.617567398503941156e-01
-1.812848224360042781e+00
-1.791362821604505218e+00
-8.624866480218238429e-01
-8.103914780859864386e-01
-1.393425674161559602e+00
-1.502354229905137561e+00
-1.389120744645975680e+00
-9.960137192420615015e-01
-2.158195860763083562e+00
-6.980236104676795783e-01
-5.993554918872132653e-01
-1.273811183893116539e+00
-1.254428284735367161e+00
-1.750402321582353427e+00
-1.214516037496654821e+00
-1.087532488162100908e+00
-1.090259503972675237e+00
-1.099925479987664989e+00
-1.045869855707767915e+00
-1.284061667005925944e+00
-1.152110083055351897e+00
-1.603384524953046952e+00
-1.086662616733736986e+00
-1.117127310203934076e+00
-9.169724311347953183e-01
-1.011953194017192192e+00
-7.850288182631222078e-01
-1.479442138254452477e+00
-1.157235557643764512e+00
-1.420471831096949078e+00
-1.164515902611182430e+00
-1.151661378912277156e+00
-9.118371898141330867e-01
-1.193574927767328209e+00
-2.077404457318767772e+00
-1.037900922830754968e+00
-1.258262745220236400e+00
-1.109940311717027672e+00
-1.688559403493603117e+00
-1.006672935181243123e+00
-5.575860181307530361e-01
-1.139296512278886286e+00
-9.652638589749389375e-01
-1.317544908982807517e+00
-8.865998822522596079e-01
-1.676628644044381833e+00
-1.458892258007825848e+00
-9.951786397159705366e-01
-1.262355028915760347e+00
-1.325335775224754986e+00
-1.242244037295851644e+00
-1.495588927622020226e+00
-3.686491123785598512e-01
-1.044796643979247097e+00
-1.062292062512366631e+00
-1.147187334616831311e+00
-9.955271925318922577e-01
-9.384430541603347997e-01
-1.653348303004169129e+00
-1.503111788158318252e+00
-1.381908810346648142e+00
-9.317398933299760877e-01
-7.937139866550446676e-01
-1.077164602138073857e+00
-1.033245867698252329e+00
-1.655877894744243850e+00
-1.269059970296833928e+00
-9.527978660251013032e-01
-1.409987409769052125e+00
-1.217500592277357629e+00
-7.863405054399987826e-01
-1.341911207205765511e+00
-1.281409126030734758e+00
-5.260067750103698536e-01
-1.159111184437705777e+00
-7.624686480804823141e-01
-8.292080937251040673e-01
-8.941398930725594774e-01
-9.188221376108107741e-01
-9.369127267614243415e-01
-6.774101886212773316e-01
-1.353290363857029721e+00
-1.048412452718050947e+00
-1.436831971124322482e+00
-8.907116164683199777e-01
-7.923040866216100042e-01
-1.191864849698700102e+00
-1.386714650726180498e+00
-8.822682710525211469e-01
-1.264830528625151107e+00
-1.530423624829087448e+00
-1.115084942465383921e+00
-7.644248885014701678e-01
-1.299572802918391279e+00
-1.304114373569451590e+00
-1.127230241550240653e+00
-7.750063659012167427e-01
-4.724239240348180879e-01
-8.309788078897253349e-01
-1.174879854899068210e+00
-1.307058227702900144e+00
-1.532325537010518435e+00
-3.267618105031063203e-01
-1.356760283443815940e+00
-1.335673751522872710e+00
-1.758899419867259173e+00
-6.072724602297197016e-01
-1.151110179474303497e+00
-1.879736013967182817e+00
-1.562996192080433833e+00
-1.120723358769670330e+00
-1.317387526822600297e+00
-9.305388184543699204e-01
-9.184315999703254185e-01
-8.647302557302727344e-01
-1.073986409117115404e+00
-5.202661052167951716e-01
-6.974795196999363789e-01
-6.864634461881675698e-01
-1.029087678967770092e+00
-1.248048728092424842e+00
-6.829335226844261975e-01
-1.543981387694185248e+00
-1.540709108125785765e+00
-8.937112699937341809e-01
-8.736076543846178488e-01
-1.284283352603744266e+00
-9.450183140123376013e-01
-7.018241985056659082e-01
-8.553151967816075008e-01
-1.234534816730967766e+00
-9.682501322253607157e-01
-1.274714525778361196e+00
-7.177227847750207168e-01
-1.010637057490808122e+00
-1.391166346598705861e+00
-1.494378280661536440e+00
-1.414652506419653566e+00
-9.252637607080296256e-01
-1.029052691875865566e+00
-1.372247848401727754e+00
-7.330351008354942799e-01
-9.898901895668932305e-01
-1.601341602962133681e+00
-7.948122785677118607e-01
-5.294204784349010318e-01
-8.757094946715580086e-01
-5.052006577416077171e-01
-9.963560203625623224e-01
-7.345686221902352209e-01
-1.156024780493507098e+00
-1.272744882432054414e+00
-1.458473887322256690e+00
-1.214864916970921360e+00
-1.190906449800956057e+00
-1.485671609942337046e+00
-6.617245357203116463e-01
-8.492460714966694191e-01
-8.612304124697485186e-01
-1.265813212425368040e+00
-1.012652507191669660e+00
-1.731386760632112942e+00
-6.355387682332644950e-01
-1.713265895027948904e+00
-1.257536198730730082e+00
-6.524560783110371354e-01
-9.272527491328337312e-01
-1.247629198185207233e+00
-6.435159990431960075e-01
-1.172805446455744249e+00
-1.180105502402991835e+00
-6.559923422199500642e-01
-1.404300319058189306e+00
-7.214390165641515473e-01
-9.833280838808176050e-01
-1.395695963400879425e+00
-1.592607460950045795e+00
-8.716731157126287322e-01
-1.557588386707980721e+00
-1.191142408515763140e+00
-1.122856885098344026e+00
-9.541433276474546865e-01
-1.266196120384979640e+00
-1.077036210115885684e+00
-1.471358402409873367e+00
-1.032590316936211838e+00
-1.118988888517016722e+00
-5.424557619110079720e-01
-1.166805654901914568e+00
-1.979001041565727537e+00
-1.506998387211492041e+00
-1.096150764105111808e+00
-1.152990920820837761e+00
-1.819123139496799713e+00
-6.322568843404963168e-01
-1.035435870501182354e+00
-6.093192176912336500e-01
-4.901023201535613105e-01
-1.047088229619556277e+00
-1.573254581163791688e+00
-6.988521152927842373e-01
-1.251398895737342531e+00
-9.601417400863625495e-01
-9.560444263863954184e-01
-1.240648169337739137e+00
-1.264014052692890022e+00
-1.218432713136389456e+00
-1.356220507694864796e+00
-1.353810872520047059e+00
-1.051863668326515455e+00
-1.418755252249202403e+00
-8.800025084939488984e-01
-1.334246522300322813e+00
-9.905805322562781789e-01
-1.152820073615672403e+00
-1.277213961967451628e+00
-6.169303351945498726e-01
-9.268233586665499679e-01
-3.985264918263707323e-01
-1.171455036234402503e+00
-9.932716193495640944e-01
-7.816010482658808378e-01
-1.045395565771255253e+00
-1.263961060711054518e+00
-1.186238334395494309e+00
-8.075664798616100093e-01
-1.432118760305705951e+00
-8.014069693211927081e-01
-1.172547745207712655e+00
-1.276955876476460805e+00
-1.118420252722853281e+00
-1.328457333175304900e+00
-8.201688968056797258e-01
-1.223729686914268644e+00
-1.646823590608161414e+00
-1.528380118079479377e+00
-1.218554727746994804e+00
-4.668739698451980780e-01
-9.231373721682172295e-01
-1.363103362448559341e+00
-1.062884836623905205e+00
-1.486909497379177214e+00
-6.241383118911838501e-01
-1.183601488509431920e+00
-9.764522971999380907e-01
-1.465266126737429619e+00
-1.447406647484978937e+00
-1.517605450681316359e+00
-1.312227372781276546e+00
-1.155120807305376918e+00
-1.179400144886376456e+00
-1.673391616449885877e+00
-1.064673398920629399e+00
-1.677631178648824051e+00
-6.571465545941816977e-01
-7.272310956986669517e-01
-1.631123949476962043e+00
-1.306817727096199366e+00
-1.226029471582029462e+00
-1.183157041377150609e+00
-9.173406834231525586e-01
-1.420431191211136923e+00
-4.835356907077224542e-01
-1.274136997843899000e+00
-1.894403194716084204e+00
-1.429217606042609834e+00
-1.154507442722835453e+00
-1.135206158657537490e+00
-1.573859931159866665e+00
-1.089913588384395116e+00
-5.140894330889378416e-01
-1.176114334461669575e+00
-9.050692884982649566e-01
-1.556165583885932069e+00
-1.554499238027045482e+00
-1.543766627092069132e+00
-1.045719408210001422e+00
-1.021235389715198227e+00
-1.047688342749037549e+00
-7.794707703198660020e-01
-1.020499036067218146e+00
-1.097327317601561436e+00
-1.177032131051831687e+00
-9.336408839595233822e-01
-1.102393467719732900e+00
-1.346864735596942086e+00
-7.402809275542492351e-01
-7.757871999850007860e-01
-9.476019181337194119e-01
-1.175551577798476632e+00
-1.309656908901562833e+00
-1.111460499226677445e+00
-1.549553781718348677e+00
-1.175155958353702790e+00
-7.665587278871837107e-01
-1.277768142296864529e+00
-1.362284695492075759e+00
-1.041424704643045818e+00
-9.791708489188200026e-01
-1.237819055626023346e+00
-1.393202239578150259e+00
-1.130231116172180084e+00
-1.873613681560368338e+00
-6.536116192862206908e-01
-9.514200949403828211e-01
-1.664081617229502985e+00
-1.031070741670380375e+00
-1.064345280712651221e+00
-1.232674359410190323e+00
-1.629104641381573959e+00
-7.986986985013158069e-01
-7.878278294803497950e-01
-4.053826237419256295e-01
-1.121682065600627443e+00
-1.144339374588558389e+00
-1.376185102128911542e+00
-1.126089703693527344e+00
-1.073258689721815262e+00
-1.403079724837870135e+00
-1.348943464802176084e+00
-1.310422805289448878e+00
-1.399232978331593547e+00
-5.119063173870412875e-01
-9.686601771231022617e-01
-8.174484551039218339e-01
-6.798385283121581857e-01
-9.244099256599267456e-01
-7.803152620586861765e-01
-1.474512570392218169e+00
-1.537206361972231594e+00
-1.061099965280484003e+00
-1.039027519728769722e+00
-1.665992887962108870e+00
-1.153096864024388157e+00
-1.169440667175159820e+00
-1.468224918960328029e+00
-1.189275280109538091e+00
-6.080555623690284683e-01
-1.444472505233445947e+00
-5.167610263822877137e-01
-9.480913043742522639e-01
-8.977430128623464789e-01
-1.075191512166183028e+00
-1.382483768808949964e+00
-5.766258733585734042e-01
-1.569289565735698222e+00
-6.652859688834262819e-01
-1.233742349119485215e+00
-1.345377248527999559e+00
-7.201002318026188398e-01
-1.266732749013091297e+00
-8.713252511472799888e-01
-1.298896805768198437e+00
-2.366575284892716291e-01
-7.799116785231565707e-01
-4.760630107986121851e-01
-1.447800296227005123e+00
-1.738901151986692373e+00
-1.021244344017823824e+00
-3.061053125929303342e-01
-6.857349425644554408e-01
-1.470509616165817324e+00
-1.303257501247383932e+00
-1.328550690678785617e+00
-1.156231544316885351e+00
-9.561631875977671946e-01
-1.459635958698964675e+00
-1.560039535337164995e+00
-1.300142875254597374e+00
-1.017402496192842509e+00
-9.271957769627019452e-01
-8.960176566842368295e-01
-1.276496995444805993e+00
-1.690831244629351193e+00
-1.104397601404980112e+00
-1.085713635534848454e+00
-1.513871897424305946e+00
-1.063892346376701159e+00
-4.777281862934157908e-01
-9.406677280750455061e-01
-7.683229381956722115e-01
-1.556752558903188532e+00
-4.604918303361996146e-01
-1.466022551196225709e+00
-7.573404671815251454e-01
-1.087835315806135572e+00
-1.580727020047263398e+00
-2.742488685422910799e-01
-1.740025338026463420e+00
-1.415676884083790998e+00
-1.586773298731536830e+00
-7.585132994942935802e-01
-6.929624275878851769e-01
-1.438925547572076358e+00
-1.068042541111190236e+00
-8.520811904851730567e-01
-8.464548251939985057e-01
-5.184836462087329956e-01
-9.444503444140441850e-01
-1.342541428919798552e+00
-1.232435148655895762e+00
-1.497745485742339344e+00
-1.203747432378723392e+00
-1.354960601229756367e+00
-1.348672862885177626e+00
-1.171385979497941765e+00
-9.582889067714686071e-01
-1.419791582567409893e+00
-1.328793184798680915e+00
-1.384096515611002776e+00
-1.298974252688311015e+00
-9.718793685467557175e-01
-9.003682353098736435e-01
-9.934928657598089963e-01
-1.028256687351082110e+00
-9.950152416524500332e-01
-1.015705978133898402e+00
-1.249059176877216348e+00
-9.259017465387748835e-01
-1.557783253802679457e+00
-1.112451278029923163e+00
-1.486994533235784122e+00
-1.668548317480408105e+00
-1.250323135286830922e+00
-8.566035156884770352e-01
-1.431151375794556646e+00
-4.557681643786897774e-01
-3.234996858668109376e-01
-7.966522035842449334e-01
-5.970678067578529813e-01
-1.583299407946317405e+00
-1.028950792913656986e+00
-6.465335355816432816e-01
-9.525164603215370285e-01
-1.510047985410434723e+00
-7.184389387179135333e-01
-1.392613486873589768e+00
-9.337599103486380336e-01
-1.357719510058779111e+00
-8.786010460099409336e-01
-1.438353563431388427e+00
-1.409053338608810879e+00
-1.665377970322606149e+00
-6.331159224034801358e-01
-1.754033089827043757e+00
-1.115594040037148904e+00
-1.496924940083511846e+00
-5.381533940772951219e-01
-7.022194356733035825e-01
-7.484875972332152294e-01
-7.536585294445559136e-01
-9.685007685690547596e-01
-9.949883418284284353e-01
-1.387585402466119167e+00
-9.164893191965437502e-01
-9.692496573925741821e-01
-7.942589080601831775e-01
-5.085032785690981605e-01
-1.165321151412812117e+00
-8.292441722286025829e-01
-1.317826075310080558e+00
-8.306554506816348216e-01
-7.992346524372604399e-01
-1.329286993677197604e+00
-6.799700955833256621e-01
-8.665688370338053836e-01
-1.430205970127176318e+00
-1.372139110514038141e+00
-8.200324657731390410e-01
-1.562404679095810156e+00
-1.084433346521191499e+00
-1.202031765010719955e+00
-1.714766351546416434e+00
-1.309814523925016960e+00
-1.133817900061512507e+00
-1.407789347062817331e+00
-7.710666799110073022e-01
-8.148808890248600001e-01
-1.270373574177920961e+00
-8.672919530276286260e-01
-8.600676634762618455e-01
-1.214160029044660138e+00
-8.289896040177180403e-01
-1.490277779986517448e+00
-1.039700517061036056e+00
-8.212002112354750416e-01
-9.252355860298444590e-01
-1.426751542180515475e+00
-1.445034026825642304e+00
-1.339778863121939612e+00
-1.092417383691259847e+00
-1.347310614010656327e+00
-9.944908591943542042e-01
-6.885328997233650661e-01
-1.427636510331741437e+00
-9.763823260582582542e-01
-7.536659706101898060e-01
-9.581475702625508184e-01
-1.216412402375713686e+00
-4.064929993501587568e-01
-1.258690664947448301e+00
-1.209848174023939738e+00
-1.463934696530483581e+00
-1.095141745831633262e+00
-8.901492064195939413e-01
-1.613663679550152441e+00
-1.170290830702950036e+00
-1.383541272989877502e+00
-1.060931059378159791e+00
-5.344127760752468426e-01
-1.383655265377074617e+00
-6.692508454564003451e-01
-9.920795255546690505e-01
-1.929390214542007431e+00
-7.382126156936918981e-01
-8.694338050737617785e-01
-1.740767245734606394e+00
-1.507622637629410622e+00
-1.409762355328201711e+00
-9.775514178011577293e-01
-6.311561857814358412e-01
-5.978395727563321493e-01
-1.149512336640878818e+00
-2.355945171317875286e-01
-4.285629435410194810e-01
-8.955583359259287057e-01
-9.044929860462649351e-01
-1.551317269503663443e+00
-1.237796684700431360e+00
-1.063662163564141228e+00
-9.942266524207679090e-01
-5.431984690206985711e-01
-1.446646122705143700e+00
-1.429605665662020630e+00
-4.061458719463791334e-01
-1.136425673684240412e+00
-1.216071805937869232e+00
-1.439117371885061392e+00
-4.557611180497294634e-01
-1.008418533905965919e+00
-1.095583840482824645e+00
-5.209511070971157842e-01
-8.733801041503892471e-01
-7.567305436266598129e-01
-8.185678313204971523e-01
-1.194187934791469008e+00
-1.775677537095849079e+00
-7.930245028528628559e-01
-7.605243107205796882e-01
-6.642850731175724555e-01
-6.010528246778297223e-01
-1.810048210333822016e+00
-1.604185385007394604e+00
-8.134226540636260161e-01
-1.433608442904170222e+00
-5.398372079051445560e-01
-7.407814116559205964e-01
-9.823244339526842062e-01
-1.014944323667851922e+00
-1.028482353348972200e+00
-1.194733343218207455e+00
-1.428824312181923961e+00
-1.426007973058038392e+00
-1.573358729858636895e+00
-3.054160271704398633e-01
-4.789723096217746723e-01
-1.363851206712979991e+00
-1.336393949262177916e+00
-1.706862379375201133e+00
-1.044002976776817082e+00
-1.142318741024628270e+00
-1.444208648266159134e+00
-7.707695246026813329e-01
-8.488059898469129116e-01
-7.068091034557402175e-01
-9.868683579488863877e-01
-1.215938355663642501e+00
-1.704475133133801723e+00
-1.160721408054414372e+00
-1.659740208539912221e+00
-1.256814988048728932e+00
-5.348069602294640568e-01
-1.306628133298854966e+00
-1.298260098038618526e+00
-1.159006858485650771e+00
-1.169404430867470257e+00
-3.812152390772323707e-01
-1.062688615250789059e+00
-7.261391394256873077e-01
-1.297911801604538784e+00
-1.095368429527433296e+00
-1.633761016855505677e+00
-5.254612843511172748e-01
-1.597534939632371920e+00
-1.063870738338540622e+00
-1.647591209441927607e+00
-1.510387994221681129e+00
-5.605736538532650748e-01
-3.980328667308801749e-01
-1.479341016595161040e+00
-1.082176317998357451e+00
-1.006615024531062108e+00
-1.297616689362297127e+00
-1.519766276351472545e+00
-1.380354845915498618e+00
-1.070737614288282291e+00
-9.007208124840677677e-01
-1.143228883029320020e+00
-1.442078143240987931e+00
-6.651528271210449539e-01
-4.165950980413999916e-01
-1.826426595093945782e+00
-1.027169700782160522e+00
-1.657968748513905854e+00
-1.277942220252724415e+00
-1.374087024468565676e+00
-5.381893452423622826e-01
-5.788210745850155270e-01
-1.200822253793323302e+00
-1.341616125801554649e+00
-1.041820857027414338e+00
-1.203333509910312404e+00
-1.493603669401924794e+00
-7.134729748306374297e-01
-5.489773427557733676e-01
-1.378366537010674353e+00
-1.384831156590252466e+00
-1.301020076058993613e+00
-1.325703977640568798e+00
-1.059820114248723133e+00
-1.193672611280073514e+00
-8.418774485252566997e-01
-1.409686809068336988e+00
-1.411584666676074296e+00
-4.918616678603311976e-01
-1.446443603719121729e+00
-1.372257912232346388e+00
-1.848669360884696022e+00
-7.484435440195906786e-01
-2.115144828950630274e+00
-1.124867048356489097e+00
-1.144894777063687474e+00
-8.647152304593146432e-01
-1.067219153024151712e+00
-1.451838636310907038e+00
-1.291975524958598687e+00
-1.584830491693218324e+00
-1.239343738393590133e+00
-1.133541675745850075e+00
-1.088267107504739872e+00
-7.567648815461365253e-01
-1.231372333845517364e+00
-1.626676132824652843e+00
-1.116431589002357061e+00
-9.317497646110806109e-01
-6.937031369474309095e-01
-6.889642534673581231e-01
-1.186442993636710685e+00
-8.169930042199919917e-01
-1.246217528043128464e+00
-1.171419639834365700e+00
-1.037287054435868772e+00
-7.452513446614710269e-01
-8.894993203537180371e-01
-1.160380453780487375e+00
-1.477395917467458464e+00
-7.739364396040051552e-01
-9.030959279331409739e-01
-1.390539679391619377e+00
-1.182408921498204979e+00
-1.764266531657267212e+00
-5.722096641452307786e-01
-1.213500491424913452e+00
-9.710443514513440455e-01
-8.545635156780027053e-01
-9.529081517166670956e-01
-7.922584560169849688e-01
-8.355974675125996676e-01
-1.766374166868772466e+00
-1.274051757512137062e+00
-1.068035608249449542e+00
-1.160636857895955831e+00
-1.256947532920353883e+00
-1.564305697616344748e+00
-9.659294485363614235e-01
-8.262167668723887637e-01
-1.742487601239933515e+00
-1.480598450962049117e+00
-1.116715776350379219e+00
-1.210384373345708031e+00
-1.039052956891086676e+00
-2.910027550070642399e-01
-1.077927213066971479e+00
-6.029691012838864772e-01
-1.194019166753208072e+00
-1.368592934080521406e+00
-1.574746817795830811e+00
-1.042929939454873445e+00
-1.210395011517931163e+00
-8.443033833841693259e-01
-1.521369916640239683e+00
-1.084215616066618981e+00
-1.085520913701924162e+00
-2.780906218064740920e-01
-1.309180274912393305e+00
-1.318572875156548196e+00
-1.207902211231140388e+00
-2.314765088655790226e+00
-4.523443216273368983e-01
-9.465348647874773924e-01
-1.251977285189827871e+00
-7.263952846578587419e-01
-4.818050609837212783e-01
-1.185736565394215791e+00
-5.385126872132599551e-01
-1.196341958723000420e+00
-6.841855993331944497e-01
-1.167711355950605157e+00
-1.169731667666898733e+00
-7.426464474874525656e-01
-8.649576832891523459e-01
-1.092416984780275602e+00
-1.653478532976820237e+00
-8.577821000995631273e-01
-1.827998553350920208e+00
-5.200834522036008600e-01
-1.376804015797511216e+00
-1.252144957659038216e+00
-1.451024245842071014e+00
-1.289306731700627484e+00
-1.057557776565108743e+00
-1.379318240936396212e+00
-6.221745791680679538e-01
-1.026393377156415543e+00
-1.081414518079622855e+00
-1.048822723583878957e+00
-9.731515471516378746e-01
-1.344572887695062224e+00
-1.230688266041721324e+00
-1.160884557048309729e+00
-8.191201279773268062e-01
-9.216860352265325851e-01
-1.090047118130142767e+00
-1.945873939279444631e+00
-1.249431192557191483e+00
-8.686404681931958471e-01
-5.273489736338832223e-01
-1.258052216160763681e+00
-1.105383945123160405e+00
-7.922241031632428765e-01
-1.483436839524362671e+00
-1.219514847456320883e+00
-4.438182033851601482e-01
-1.852247193431534544e+00
-1.096077963794027443e+00
-4.054676000341790876e-01
-4.596457482153444851e-01
-1.481927058054847368e+00
-1.698344790073808230e+00
-6.475325696119349494e-01
-7.965434301614746637e-01
-8.020792285901348073e-01
-2.280463672785210116e-02
-4.499170932461323269e-01
-1.043694135205744278e+00
-1.198019600836830012e+00
-4.099919952069198126e-01
-1.408542315222167662e+00
-7.686395965255994334e-01
-1.114329905459929382e+00
-1.354610290430369179e+00
-7.073051080979877447e-01
-1.156840348603108470e+00
-1.241021379566387584e+00
-1.086110012130707236e+00
-4.952300967292449507e-01
-5.513286543888331614e-01
-8.757569376921412463e-01
-1.143174414249398030e+00
-8.927134999359220835e-01
-1.290948914005643378e+00
-8.590242851477367658e-01
-1.554483828901898068e+00
-1.489153827687733855e+00
-1.241605872441131186e+00
-9.194543175264375812e-01
-8.207096685845738371e-01
-6.748193242952251758e-01
-1.262922215241051749e+00
-8.126057133368278507e-01
-7.822999840233078039e-01
-9.009970698074423190e-01
-1.300680022452450846e+00
-1.470995733936572680e+00
-1.016725301484005417e+00
-7.776131500130891716e-01
-9.631746333799573456e-01
-3.075467553190845416e-01
-7.150131438919502536e-01
-7.740587635315967496e-01
-1.468864869844129561e+00
-8.561246077296584822e-01
-1.020689895288637405e+00
-1.583972534847515323e+00
-1.018617240696113146e+00
-1.351286561328083113e+00
-6.131768235141312751e-01
-1.124542369757776772e+00
-1.050017902165759853e+00
-1.476030913757452101e+00
-1.171217378682517296e+00
-1.213421978554717118e+00
-8.985865337270735331e-01
-8.755511721598243646e-01
-1.901276428187721468e+00
-5.479412656728830378e-01
-1.188052415112939020e+00
-1.182077935424024506e+00
-8.366376335523502128e-01
-1.420006763369852099e+00
-1.351928278239608705e+00
-1.953849768460859782e+00
-1.626334663011182347e+00
-1.046186451196817746e+00
-1.048888093340238914e+00
-1.524805658593753055e+00
-1.039643095633135506e+00
-1.165584711839973142e+00
-5.967832014810494634e-01
-1.197024994582822632e+00
-1.798096958161647496e+00
-7.732870964573632655e-01
-1.372378516453324426e+00
-1.053737292703655459e+00
-1.382322499773549485e+00
-1.627566161498866126e+00
-1.369238838682147463e+00
-1.229670178448007523e+00
-1.228115257443068931e+00
-3.901599685755639535e-01
-1.035355476720824175e+00
-7.438635993438649230e-01
-1.414831027517570394e+00
-1.482980469020500625e+00
-1.444669640747374917e+00
-9.504774395054389480e-01
-7.365648525081849307e-01
-1.173766502444810289e+00
-1.672011489814569263e+00
-1.275287250354506075e+00
-1.077750544026568225e+00
-1.323104630130675918e+00
-8.102925590865024397e-01
-9.950504520558358657e-01
-6.941095289224716858e-01
-3.872448288997359378e-01
-9.039078625530447830e-01
-1.358367454319637790e+00
-8.597215500426824697e-01
-1.197153943698918699e+00
-1.009617948093060935e+00
-1.608104525938781837e+00
-1.218785061022626071e+00
-8.254949080423661378e-01
-1.329775564687086575e+00
-8.256011471385993339e-01
-7.335283168229911333e-01
-6.956353837981308352e-01
-1.153126399863826368e+00
-1.151453034819308829e+00
-1.295648521896918925e+00
-1.175462226442708147e+00
-1.022193013644195236e+00
-5.751592055079837174e-01
-1.134276289724877262e+00
-6.322509234347273299e-01
-1.069607601319442214e+00
-1.623255954180262695e+00
-1.418409097516244888e+00
-1.031648782521128016e+00
-8.690307076434433675e-01
-9.147910791080673398e-01
-1.396498556627240095e+00
-1.891841112252795387e+00
-8.920397878097472422e-01
-9.155429838269699694e-01
-1.430128658083088755e+00
-4.133351963892413772e-01
-1.734955006997026761e+00
-7.076649567927622009e-01
-1.217655844901026629e+00
-1.203760969544493964e+00
-9.899650121148995119e-01
-6.251024767856727671e-01
-1.968430085308537247e+00
-8.680133069586841721e-01
-1.308333282881492199e+00
-1.040658666070136906e+00
-9.666173226679544150e-01
-1.090513059593632317e+00
-6.980792258967025710e-01
-8.890975842647859118e-01
-7.229392930566445052e-01
-1.508843967984308865e+00
-1.422098401499767295e+00
-3.854673524752781355e-01
-1.347494401869113734e+00
-1.330194826311601464e+00
-1.530552296186897809e+00
-1.800899117656119319e+00
-9.685757635815517297e-01
-1.319694014145469385e+00
-6.877270909454957781e-01
-7.515368735836074343e-01
-1.105056320187778329e+00
-5.999507239889010357e-01
-6.200012423119685145e-01
-1.120139257113390574e+00
-1.103652410892208113e+00
-5.643247116476257652e-01
-1.350056894285284859e+00
-1.152059312350660836e+00
-9.489017550275531399e-01
-7.251349035123166864e-01
-9.454084566429838965e-01
-9.770206294831678129e-01
-1.523139061488859358e+00
-1.868249679918552619e+00
-1.202426185632834876e+00
1.032432095313090548e-02
-1.026187081324945627e+00
-1.254903943215831763e+00
-1.455524277185713533e+00
-1.836007721437333817e+00
-6.338584261141488874e-01
-1.396643614268747502e+00
-1.452722451923567082e+00
-7.347014973256631443e-01
-2.579624499570881135e-01
-2.028994799855539544e+00
-1.534262818185393673e+00
-6.736989959347394752e-01
-9.271328733045725023e-01
-1.337986755294001018e+00
-9.379411122926168964e-01
-9.532271521942914383e-01
-6.079490411896668611e-01
-9.953149889464349975e-01
-1.475990028648642483e+00
-4.803163854444753578e-01
-7.358089402472249851e-01
-1.285694796268753937e+00
-1.031552218146798428e+00
-7.857581381752152261e-01
-8.346010850039005113e-01
-1.929656049459975709e+00
-9.980194605597199065e-01
-5.128957845882278210e-01
-8.634829790237081859e-01
-7.482621552429962186e-01
-1.291310336998068298e+00
-1.504429422140728168e+00
-8.176968187045621228e-01
-1.647646877709970870e+00
-1.060126126267157520e+00
-3.527165861067556585e-01
-9.796694660797524712e-01
-7.823631878643593218e-01
-7.380720567092109441e-01
-8.920200212738795820e-01
-9.231196777858348135e-01
-1.409347364210905784e+00
-1.566250971842322759e+00
-1.290908811356505925e+00
-1.076976048806189912e+00
-1.167162207315183498e+00
-7.404518149045355990e-01
-1.414780239797235328e+00
-1.376022086911870890e+00
-9.765297772412542265e-01
-4.859292777489377380e-01
-3.888256935838830253e-01
-1.074911480447529488e+00
-1.312071349258961295e+00
-4.805480060454141999e-01
-1.085947190371511883e+00
-1.062580999882329014e+00
-1.344093531497695171e+00
-1.558366783733632577e+00
-9.366728054441080253e-01
-1.341829614511102609e+00
-4.473870901574242276e-01
-1.288857720625220527e+00
-1.150405471968810378e+00
-1.289006487449889438e+00
-1.017020227707814417e+00
-7.421558583784961804e-01
-1.418757255104044379e+00
-9.708314199757137608e-01
-1.144397991455467167e+00
-6.980955663597865346e-01
-1.651571438663282709e+00
-1.136103789740343206e+00
-1.286095621376905473e+00
-1.044286336327516995e+00
-1.429254282954211863e+00
-8.000966463789507266e-01
-1.390414183287110195e+00
-9.577260389403829954e-01
-1.033253776199533736e+00
-7.485660659846371523e-01
-1.507462083849692380e+00
-1.551412512974299052e+00
-1.059622362736725609e+00
-6.622380093747506358e-01
-1.109238829705287532e+00
-5.860916614562161620e-01
-1.576551394848293430e+00
-1.724449266681240989e+00
-9.853881473648589129e-01
-1.503488473994214036e+00
-1.240635580866293441e+00
-9.475385786352714668e-01
-1.373689334665062933e+00
-1.404468958462157691e+00
-7.562094094100086927e-01
-1.239828414611306773e+00
-1.161511684179157289e+00
-1.641825662359746918e+00
-1.715413253486595568e+00
-1.033232523047758367e+00
-1.513469966897878383e+00
-1.191446434005780208e+00
-1.607393993043541247e+00
-1.360460736954462124e+00
-1.232005671662289803e+00
-1.192809382195787027e+00
-1.563653164428405962e+00
-1.078726094924022494e+00
-1.048687260375810393e+00
-1.306369309511663079e+00
-1.135832587927002368e+00
-1.122011355453825576e+00
-1.459228295171965062e+00
-8.693185162476422256e-01
-1.430286842048385854e+00
-1.207962768506302798e+00
-9.467620278491293284e-01
-1.080435303598403340e+00
-1.010521196394539079e+00
-1.189175024452769680e+00
-1.310673278638976758e+00
-1.192529474415505053e+00
-8.453431372555582080e-01
-1.477392412859469761e+00
-9.495120197802831008e-01
-1.239625632353874796e+00
-8.139871153197550946e-01
-1.127690692476874812e+00
-7.515722702449036952e-01
-1.337245960377039911e+00
-1.117038638057185285e+00
-1.541935849886979515e+00
-7.420960173531665482e-01
-1.002720885903351178e+00
-1.285414506696721748e+00
-1.641461723380530646e+00
-1.143353129104327071e+00
-1.551794537096772064e+00
-1.355191320501934360e+00
4.500879388190476282e-02
-9.878552564881686315e-01
-1.060879230562488562e+00
-1.287418551153827639e+00
-1.295409291339610025e+00
-1.328809890825685347e+00
-1.152969506994349747e+00
-1.223413844642376791e+00
-7.741734302528979761e-01
-1.111943708848369017e+00
-5.950064816694120573e-01
-1.044987162160769589e+00
-9.712707787926544434e-01
-9.029634761562559397e-01
-7.535013463094135666e-01
-1.354725494190269774e+00
-8.611350310365062377e-01
-1.201553337691973145e+00
-9.633510421043252059e-01
-9.060101079522593359e-01
-9.963636576275232137e-01
-1.482966442169737054e+00
-1.179576285953207293e+00
-1.406019103604652987e+00
-8.716649482681799732e-01
-1.321532608586715174e+00
-1.335738338769492106e+00
-1.223796533460057123e+00
-9.267354310525637295e-01
-1.970651700236559112e+00
-1.102945145635935820e+00
-1.377521329484669099e+00
-7.834377908141232361e-01
-1.626216262051288108e+00
-8.483348206284557769e-01
-1.042113761670798500e+00
-7.841888721246417226e-01
-1.526303699038795703e+00
-1.217725840920533376e+00
-1.442249160088808768e+00
-1.578627925414519684e+00
-4.475575350669101504e-01
-1.356750911737105714e+00
-1.134189937056100161e+00
-9.098105693743723243e-01
-9.171006677818316355e-01
-9.425800197122353730e-01
-1.623836605391691723e+00
-1.568917705699032883e+00
-1.101474420087083406e+00
-1.178575657931194787e+00
-9.313054635519226743e-01
-7.639898585602229453e-01
-6.782980117438026646e-01
-1.062236977677582406e+00
-1.322543822137280944e+00
-1.550185903701983836e+00
-1.456434497698940067e+00
-4.933468795844509480e-01
-1.231618435393130984e+00
-8.254395684511099951e-01
-7.567140660551570086e-01
-1.100734524973244977e+00
-1.839458206731635403e+00
-9.881364194954493918e-01
-7.545230652970222884e-01
-1.170592176260470740e+00
-6.478925386658453967e-01
-6.700579090674207983e-01
-9.095940319008541941e-01
-1.157179783893525826e+00
-1.259004762751498863e+00
-6.273058254232322106e-01
-1.135010287190415301e+00
-9.028200475718830553e-01
-1.528731949801500622e+00
-6.251043042315349574e-01
-1.374573437717959923e+00
-1.176529300967584124e+00
-1.762520408204860889e+00
-2.394382672902791165e-01
-9.115094394834284408e-01
-7.542947044834495962e-01
-8.144915076282015498e-01
-6.931906097047186854e-01
-1.290745911968813164e+00
-8.008734644605728370e-01
-1.441046174005496727e+00
-1.092895645811392757e+00
-1.403547390550027973e+00
-5.244050956709220834e-01
-1.325787180683772437e+00
-1.322147912707898332e+00
-1.418859656836968686e+00
-1.270177851722405382e+00
-1.242283520373103745e+00
-8.042671649151018620e-01
-8.704826526943532095e-01
-1.801507421469633830e+00
-9.579054546821095251e-01
-9.483433760736432738e-01
-9.759926819532069864e-01
-1.125385290945037031e+00
-1.360648481830154299e+00
-1.492940670076582155e+00
-1.595985695295983664e+00
-1.401569433237761064e+00
-1.236836110794094612e+00
-8.037612242508989091e-01
-1.095524998726812971e+00
-1.212073993495824897e+00
-1.357468697255204138e+00
-1.218517487837527558e+00
-1.259198688002652222e+00
-1.087904708958568722e+00
-1.164462543141017381e+00
-1.201487395374146505e+00
-8.293504425981770289e-01
-7.522361557231573848e-01
-1.274250018731532652e+00
-1.488950484793172269e+00
-1.197437076964753988e+00
-7.397765689829864932e-01
-1.352089809096350681e+00
-2.769928462658311497e-01
-1.165961554573116121e+00
-1.012844638980235690e+00
-8.232487710310363305e-01
-1.723494276220709498e+00
-8.559334442117223496e-01
-9.756619460075062200e-01
-9.207204019403900652e-01
-1.033217727823665388e+00
-8.725219254237157607e-01
-1.086496811656387340e+00
-4.458135081242145525e-01
-1.191714425777388175e+00
-8.886037661360934869e-01
-1.095312497797447993e+00
-8.710105942932284684e-01
-1.420995829846039005e+00
-9.086933005409680852e-01
-7.744326741525964231e-01
-1.470984193244714522e+00
-6.864065355355788434e-01
-1.062821978118077215e+00
-1.380689311295363542e+00
-1.242208227842887869e+00
-1.553555205460753985e+00
-8.452487753573341145e-01
-1.441758519683855599e+00
-1.556131461364480106e+00
-9.468270098684681280e-01
-7.790880901229972899e-01
-1.055508761746456248e+00
-1.545768205175644727e+00
-1.155707796195561077e+00
-1.038749045431995643e+00
-7.028946958710808879e-01
-1.615729696047060404e+00
-8.619271146160127905e-01
-5.366287934940427995e-01
-5.754809450962032891e-01
-4.686130336647740813e-01
-1.843181553478093537e+00
-1.433454120531113762e+00
-8.994784472545664933e-01
-1.141437134951634125e+00
-1.220802592247058005e+00
-1.258250448525457532e+00
-1.362910075934860021e+00
-1.257463961134483998e+00
-8.832544301589178026e-01
-1.038338487524211207e+00
-1.186125988925035291e+00
-1.180729684866050899e+00
-1.332138105160642017e+00
-1.530074990605694740e+00
-1.777633724701285889e+00
-1.457610395613795351e+00
-6.621700876034330996e-01
-1.204200270332663525e+00
-1.216069231915807070e+00
-1.333028834760421777e+00
-6.872802697008322248e-01
-1.271820554126606329e+00
-1.365627060767455436e+00
-3.050295565957453214e-01
-9.706396447909964031e-01
-6.041242726063171808e-01
-1.593855734323117890e+00
-1.220300408448871554e+00
-4.841083992420754378e-01
-1.033454808625361654e+00
-1.977447812588814191e+00
-8.575141682757281281e-01
-1.075866864082211993e+00
-8.868882419180903476e-01
-9.031286883099451934e-01
-2.115979520747594211e+00
-1.339984218414532524e+00
-1.384108915348545299e+00
-1.131834389211352931e+00
-1.162753544019555552e+00
-1.108718347569649598e+00
-1.062802301369668800e+00
-7.776257254447682676e-01
-2.020431084680926137e+00
-1.200960762142838423e+00
-8.836010673616994104e-01
-9.056175308255665080e-01
-8.905183806148895265e-01
-9.293783112791520473e-01
-1.124909879853849493e+00
-1.042446330243653296e+00
-9.670642707662762128e-01
-1.510207086131860610e+00
-7.510832260932223114e-01
-8.231619847076072638e-01
-7.561575278826251356e-01
-1.503168513807779494e+00
-8.532938730311276920e-01
-1.497796500253674612e+00
-1.428535487619218447e+00
-1.436563541130209121e+00
-7.594625989039518466e-01
-1.233865370158735875e+00
-9.769515533111641226e-01
-1.024422911125743685e+00
-1.330587869188459837e+00
-8.770011449141219551e-01
-1.916307422368376923e+00
-1.159626003848073683e+00
-9.255803366998915926e-01
-8.388613061184355679e-01
-1.443316382666779862e+00
-1.005514929608044117e+00
-7.917528416369745692e-01
-9.992298670539825345e-01
-1.215859441295846555e+00
-6.649421015904164456e-01
-8.028662001347410815e-01
-1.804631149119636735e+00
-1.165441949468647653e+00
-8.259748802987973981e-01
-1.364467680343747436e+00
-1.222495214191328561e+00
-6.948587670993142673e-01
-8.548368053114256959e-01
-8.396496527080370420e-01
-1.336490021921268312e+00
-8.901532655633848101e-01
-1.290046439961507918e+00
-5.701708883227287750e-01
-1.858291212062159747e+00
-6.115086770624689194e-01
-8.413147060961745360e-01
-1.108331908133007193e+00
-4.209078323902209484e-01
-1.307008802679649140e+00
-1.090273878883270431e+00
-9.521445605970453308e-01
-1.538350122819349242e+00
-1.362691300655371140e+00
-5.888297112696609936e-01
-3.898325095149269282e-01
-1.065622011293716032e+00
-1.437349697880816013e+00
-1.565121863784569189e+00
-1.663549652058787576e+00
-1.109688119795507522e+00
-1.889620387753514041e+00
-1.812817588263218926e+00
-1.436606590075680590e+00
-8.157142508050303498e-01
-9.120033889492806800e-01
-6.970695814582730243e-01
-1.107794550999044336e+00
-8.194243424754579230e-01
-1.389028173879545580e+00
-1.142107694472919821e+00
-1.294652920168048116e+00
-1.575084788537364222e+00
-1.080213557070049735e+00
-9.496124405664017054e-01
-1.221036076229456757e+00
-8.856248127475301324e-01
-7.312477205329028784e-01
-1.433009917071477179e+00
-1.369766720171309959e+00
-1.392198717984019840e+00
-8.360206500186184719e-01
-1.108562860667970273e+00
-8.341164319781140257e-01
-1.683637132563053473e+00
-6.403619784494769540e-01
-1.071045295226138894e+00
-9.736975986882367984e-01
-8.070370165985321087e-01
-1.145663688732473151e+00
-1.162824847181991306e+00
-7.881624468752126411e-01
-9.722611410088091155e-01
-8.905547383598215738e-01
-1.153420400931836287e+00
-5.109714379442711341e-01
-1.332642361160744304e+00
-1.249089210114967319e+00
-9.677714346845545101e-01
-1.573522357073923406e+00
-1.490423814264002278e+00
-9.137211517716576914e-01
-9.093287398150207146e-01
-1.356674695294927790e+00
-1.141038725578506163e+00
-1.048508697945220280e+00
-1.388750335718708318e+00
-1.478730687534565380e+00
-5.330911674196099348e-01
-1.537984633831432024e+00
-1.345664830141835910e+00
-1.089896988884920592e+00
-1.370654479340327914e+00
-1.136914299374538917e+00
-2.538514723344005852e-01
-1.032039314866775914e+00
-1.226021620838228632e+00
-1.548595152387875817e+00
-4.619591125007543320e-01
-8.528991683243103417e-01
-1.081137607361303044e+00
-8.907844701068623472e-01
-9.895876262320553174e-01
-1.177329379649689756e+00
-8.535106162615311298e-01
-1.180970287905058758e+00
-1.375609973779245099e+00
-5.648429382225352846e-01
-1.051703592006159926e+00
-1.431498708500761996e+00
-1.068177046635860439e+00
-8.205741892269036164e-01
-8.806451200540412749e-01
-1.109829370240323687e+00
-1.095067844846579153e+00
-1.258953021962522900e+00
-1.101673642460017977e+00
-1.070517072682108495e+00
-1.564726806235658518e+00
-7.116465306020356429e-01
-1.193423474929130368e+00
-7.962547395040613374e-01
-1.038987686692284473e+00
-1.351766597498589295e+00
-1.292622184083132897e+00
-1.204723811402339084e+00
-1.456463035360967329e+00
-1.071279485857683955e+00
-9.840525492625435966e-01
-5.725700939510152132e-01
-1.368523941097807839e+00
-1.358364829795406070e+00
-1.261768195415261307e+00
-1.148500761517379676e+00
-1.384860480280938777e+00
-5.082166152221074817e-01
-1.657372094072205204e+00
-9.868168739919593868e-01
-1.534737541414339379e+00
-6.172313585012791926e-01
-1.219975992306892909e+00
-7.496124197308771109e-01
-8.112453271989008563e-01
-1.422286369382274263e+00
-1.220025444146099591e+00
-1.499116123809344447e+00
-1.242077194927930339e+00
-1.219977877042726977e+00
-8.005406043581868580e-01
-1.007693923986276108e+00
-1.118634847873022142e+00
-9.771061342280416007e-01
-1.224678550833538271e+00
-8.375560025812203158e-01
-8.546281109822797539e-01
-9.676998368655778116e-01
-1.456341004991383858e+00
-1.432714665968710666e+00
-6.299750439944244995e-01
-1.984535173653101392e+00
-1.223342832087859211e+00
-1.164839905654318830e+00
-5.194313415701299341e-01
-1.384540905059786997e+00
-1.815527758414245074e+00
-1.034502947479577717e+00
-1.311103271693195627e+00
-1.018505968022286101e+00
-8.776165159189788234e-01
-7.185447269745961485e-01
-1.544812914566847883e+00
-1.298980994650375198e+00
-8.873161567716949527e-01
-1.317481079101832098e+00
-6.990331551072981320e-01
-1.331618712864515164e+00
-8.098273322905922278e-01
-1.211498672804915078e+00
-9.874564928016380527e-01
-1.195289815889484242e+00
-1.213344588154161574e+00
-9.429087028906235624e-01
-1.066011568990186564e+00
-1.235058452314195865e+00
-1.692187464731045754e+00
-6.132335492586276082e-01
-9.256894999071829666e-01
-9.553016419286142202e-01
-9.353630970118271826e-01
-8.686293159236524453e-01
-1.046084607412741452e+00
-8.042794881397363760e-01
-1.578867309693408050e+00
-1.259856463620760980e+00
-7.854919123085619681e-01
-8.328192648634635820e-01
-1.559589833881397158e+00
-1.271075426458658786e+00
-1.250747066534702689e+00
-7.166240140468116415e-01
-6.986438728701540590e-01
-9.954978141733765717e-01
-3.520370264245734071e-01
-8.980104132643185189e-01
-1.052736046448583540e+00
-8.270378218002290005e-01
-1.683018381276820907e+00
-4.502599072521965007e-01
-1.058902433414536493e+00
-1.212831658205250296e+00
-1.181364195742727663e+00
-8.988905591401530337e-01
-1.120891247873597951e+00
-1.053726655456788119e+00
-1.176726274792941229e+00
-4.032730332843966203e-01
-1.240351947263706567e+00
-7.306540450323848468e-01
-7.312571475004028265e-01
-7.822188871956403666e-01
-6.655083685171523378e-01
-1.202623873047402814e+00
-1.201458170056263430e+00
-1.010839974589608392e+00
-1.308077742051399373e+00
-6.815398723435106554e-01
-5.403405392434739163e-01
-1.199843911790040796e+00
-4.595699755470766257e-01
-1.854860647128046214e+00
-6.717826032620002330e-01
-6.124811800426113173e-01
-1.612480203437922643e+00
-1.587868248137664029e+00
-1.165765751352414004e+00
-1.466650474173871732e+00
-1.346708113649011995e+00
-1.158312225354454217e+00
-5.472166361116745925e-01
-9.114384938393809144e-01
-1.440188972828832181e+00
-8.826263410072248128e-01
-1.514658413334189380e+00
-7.870102815833175391e-01
-1.078501467370835076e+00
-5.677564491740292318e-01
-3.586028041673148814e-01
-1.293134391185802645e+00
-1.160857988773298377e+00
-1.045222722381109026e+00
-9.579063812366244157e-01
-1.132107784208749468e+00
-1.760300685073542315e+00
-1.305266683011688134e+00
-1.428713242069984179e+00
-7.689571921988371805e-01
-1.115371716575357386e+00
-1.499770839661153321e+00
-1.043348660869324096e+00
-1.155837663377841995e+00
-1.054938701723781680e+00
-1.433982199620257081e+00
-1.028091955869339547e+00
-8.304334848992991347e-01
-1.223258476130377748e+00
-1.239282723194233160e+00
-1.105551709398068017e+00
-1.335443667040689508e+00
-1.577340733628931790e+00
-1.521771524578501289e+00
-1.517286423483991786e+00
-9.210287356652071544e-01
-1.026061323483095311e+00
-9.679540693035417753e-01
-1.299454341211149444e+00
-1.119408617980749643e+00
-1.471488518401681933e+00
-1.015456135294876550e+00
-9.027253062871030131e-01
-1.128845408168615894e+00
-9.561315354360311325e-01
-1.334096084466328325e+00
-1.266054365732870668e+00
-1.577407160117335838e+00
-7.559679119045772389e-01
-1.379955974048112655e+00
-1.699543907760134420e+00
-1.048067258288153614e+00
-7.474231602484215919e-01
-9.150585465799960794e-01
-1.234242048947689074e+00
-7.755566566180545074e-01
-1.466775029133604580e+00
-1.027587573705293966e+00
-5.912382425608240233e-01
-2.149607107576731568e+00
-1.354930618337121917e+00
-1.273374480032103850e+00
-1.366242005867688736e+00
-1.565156496356604254e+00
-6.844382958220642799e-01
-1.027701584668506474e+00
-8.111227124817088630e-01
-1.284068206232597209e+00
-1.377223658359593816e+00
-1.325041283679749160e+00
-1.490065508528620075e+00
-1.545623586982130870e+00
-1.026978692867555498e+00
-7.430665185545390905e-01
-1.067565792420002158e+00
-1.683799420883528075e+00
-6.195652527887145489e-01
-9.936436635115097893e-01
-1.136546796419115157e+00
-1.010742375551167971e+00
-1.101516494258913514e+00
-1.076732846946772515e+00
-1.118624180016686953e+00
-1.272547957091495707e+00
-1.568414756863508064e+00
-1.650155990600016498e+00
-8.575220885964722761e-01
-1.234591412706415259e+00
-1.377037942106430268e+00
-6.716748816990585347e-01
-6.725348860647284432e-01
-1.371228182461063039e+00
-1.167462795281349219e+00
-4.790254612916596266e-01
-9.374338183187238549e-01
-8.173179367499519010e-01
-1.048280590845003690e+00
-8.354952021325598999e-01
-1.097469758192428646e+00
-6.784007464554488998e-01
-1.802988998183896019e+00
-1.398194077619362208e+00
-8.071455882072666732e-01
-1.179177795839418952e+00
-1.462066930951725130e+00
-1.564524468349720809e+00
-1.726624471030060892e+00
-9.574022897124163656e-01
-1.803112774625024617e+00
-8.131486146293878114e-01
-7.936146091314637552e-01
-1.413799661361711646e+00
-1.288905599543259672e+00
-1.177228350777472787e+00
-7.890954978516053764e-01
-1.474139526432072689e+00
-1.217305645109416634e+00
-1.277859442913606092e+00
-1.239955020523158868e+00
-1.091886488716783621e+00
-7.256544866191600995e-01
-1.103619530299912999e+00
-9.558366895430290278e-01
-5.006282327139470745e-01
-1.508681003288462552e+00
-9.947960905462385206e-01
-1.050329381823847275e+00
-6.602049067333308763e-01
-1.235373397013856067e+00
-7.755208810066211988e-01
-1.104104324284275851e+00
-1.375717920165936636e+00
-6.580633661071542129e-01
-9.464607410388166109e-01
-6.275275880974491294e-01
-1.483803036756200289e+00
-1.427873789591512566e+00
-4.992265451398876785e-01
-9.752914428036487671e-01
-9.427356602587875223e-01
-8.814984112547468165e-01
-7.309144991182425777e-01
-1.123426163081408635e+00
-1.702453448455831353e+00
-1.173160457254841749e+00
-1.328500103673083022e+00
-4.920013501652751864e-01
-1.245592509992189623e+00
-1.049123399288169001e+00
-1.033880376649460420e+00
-1.577396526540923549e+00
-8.456089073572408132e-01
-1.491780799821420533e+00
-9.165313218644937088e-01
-1.439153958175458659e+00
-3.203953812735452211e-01
-8.166492666046818449e-01
-5.178220605945864641e-01
-1.404355707153190469e+00
-1.268607555175723878e+00
-1.168492159058896807e+00
-5.106034101670045011e-01
-1.558110323286087340e+00
-1.131073101452843677e+00
-1.121856255565593319e+00
-1.377545668044352301e+00
-1.362140639663355746e+00
-1.028506096681799153e+00
-6.654307433762736146e-01
-5.549546726122085438e-01
-7.532746749130194708e-01
-7.179252321992106722e-01
-1.743611143756926385e+00
-1.327627761715584942e+00
-1.444860856032445628e+00
-1.597869053661881811e+00
-1.024980604508325843e+00
-8.632583133040552248e-01
-5.793862122492190458e-01
-1.132354235483337579e+00
-1.311771221395272580e+00
-1.426903393012161292e+00
-1.115833408515908065e+00
-1.177482277521790355e+00
-9.006935204092987313e-01
-1.045415204478491678e+00
-1.412976623560230127e+00
-8.255311529111222235e-01
-1.287051503167465416e+00
-1.089029670011872231e+00
-1.021678298879639346e+00
-1.335585383417520422e+00
-1.083469570215563227e+00
-9.985878415470463842e-01
-7.879909612762774351e-01
-1.012796522982878589e+00
-5.661257873391378759e-01
-6.545221219232222332e-01
-7.607682428151325560e-01
-1.138085289647972065e+00
-1.049170473673282533e+00
-8.529190708985194824e-01
-8.816923628770401145e-01
-1.334359274349186553e+00
-1.161436795872454741e+00
-1.420566355238680689e+00
-1.538959769168141367e+00
