-8.687868268944591854e-01
-1.005421806841227284e+00
-1.107145302536569620e+00
-1.658357918995808422e+00
-1.100084271119872614e+00
-1.008271273650134692e+00
-4.993945832776174876e-01
-1.033783306826209003e+00
-6.942254824690050619e-01
-8.083635876278560950e-01
-1.171858036273054626e+00
-1.056760603831421452e+00
-1.247450889060254031e+00
-9.733675061071207502e-01
-1.087697072750171134e+00
-6.352086691028628884e-01
-9.730059363884788759e-01
-1.100970996255100420e+00
-8.788591597238846198e-01
-7.807484313614421190e-01
-7.390070685455794042e-01
-1.410091972408178851e+00
-8.789582445291768131e-01
-1.782279654612299868e+00
-1.858030369309731089e+00
-1.140666847373200898e+00
-1.543420767057594123e+00
-6.926280443476682258e-01
-1.123803311760927404e+00
-7.020324516344271792e-01
-1.289936413146700378e+00
-9.700771890258832464e-01
-6.678444594926280509e-01
-1.631054703148639096e+00
-9.911154597870930338e-01
-1.411863059906659945e+00
-1.222778343236900600e+00
-1.180588658464902796e+00
-1.065691886843961544e+00
-1.399846396232956369e+00
-1.766666425517268824e+00
-5.670691646488958959e-01
-7.381651270756788286e-01
-1.443563050067116382e+00
-9.454355731122388029e-01
-7.972935566017800291e-01
-1.302438282372751832e+00
-1.496742739750349660e+00
-1.031708847357049041e+00
-1.663951074890003046e+00
-1.322791991849133542e+00
-5.016741958923351952e-01
-1.292358195068651572e+00
-9.835005041050313146e-01
-9.379851602553341827e-01
-9.564263277303877153e-01
-1.267063671233142674e+00
-9.513073687721722571e-01
-1.271617477043552658e+00
-1.418359049077484446e+00
-1.089958716812834627e+00
-1.412673089617360933e+00
-1.157343389809132095e+00
-9.041844175634676795e-01
-6.093694231767057268e-01
-9.867163678384529568e-01
-8.817025327686391911e-01
-1.471366883612450938e+00
-7.571585438604544471e-01
-5.933147926767188274e-01
-8.950936607300872261e-01
-7.422588486488561621e-01
-1.512910346778682413e+00
-6.272387573551410078e-01
-1.033798874965800696e+00
-1.164534019907634832e+00
-1.038034132254431530e+00
-9.524981111297763370e-01
-1.040877658520614535e+00
-1.236623223054902798e+00
-1.008081193087637661e+00
-1.666497405523692965e+00
-6.481212993574598791e-01
-1.778096642503346647e+00
-8.436549780591175995e-01
-5.699967182814273947e-01
-6.015633101723918408e-01
-1.509495635215895692e+00
-1.014995185855714244e+00
-9.953430337542426010e-01
-1.232127969270607526e+00
-3.594657994355299757e-01
-1.069213735283295552e+00
-8.322394621434168194e-01
-1.210694759896672412e+00
-1.365117516062053671e+00
-1.563387315875293115e+00
-1.087487905763051987e+00
-6.481843448667174989e-01
-1.556536295290986249e+00
-8.140809627202014731e-01
-1.741171180172030208e+00
-1.115937310085240330e+00
-9.238506138885334007e-01
-7.320788347093025727e-01
-8.896718705134145644e-01
-6.141027189976111522e-01
-1.177312557763603440e+00
-8.425856624474232781e-01
-1.213309306420260913e+00
-9.533692645584292968e-01
-9.912421166386491400e-01
-1.239564971215426414e+00
-1.150934886222028997e+00
-1.037779099253284709e+00
-1.319903122721296729e+00
-9.177790687521505397e-01
-1.022940420858728050e+00
-5.291200180890602844e-01
-1.123049698801624974e+00
-1.041274314977372217e+00
-1.217187596082052625e+00
-1.400259762743278902e+00
-1.202123111820281753e+00
-1.260892973575087783e+00
-1.196222050356393840e+00
-1.022972622316606905e+00
-7.268813394837789765e-01
-9.052344460357244493e-01
-8.534947146747602353e-01
-9.820407796129724254e-01
-6.668331130047300270e-01
-9.625037872845010334e-01
-7.576433425423592105e-01
-1.282670888420404776e+00
-1.310376673217139132e+00
-8.635050100614525270e-01
-1.103350894703055918e+00
-9.759410718784597982e-01
-1.303684409734412686e+00
-8.358569631255687860e-01
-1.123793741359368159e+00
-8.295315180811830835e-01
-1.242760609249107251e+00
-7.335708199369617155e-01
-1.151913988845587600e+00
-9.439113178594991105e-01
-1.328804268218779061e+00
-2.039466958301173083e+00
-1.168114127827271975e+00
-8.418387785537260193e-01
-1.409935163996932861e+00
-1.469797366724901355e+00
-1.511201101697118521e+00
-1.731685901994624022e+00
-1.301269812676814741e+00
-1.148888471607318440e+00
-8.055311644380656055e-01
-8.126000920906677472e-01
-3.557472884402064772e-01
-1.747051993723389263e+00
-5.804859492632457041e-01
-8.045219665586569313e-01
-1.255152585005906207e+00
-1.694958894229643409e+00
-7.483302764242059091e-01
-9.136707166879429742e-01
-1.001518397347286982e+00
-1.418891987651182962e+00
-1.066844067680492447e+00
-4.696446063531607984e-01
-1.435798532112035009e+00
-9.025545845684104229e-01
-1.078544730691143538e+00
-9.409994584174339316e-01
-1.239344349135848677e+00
-1.238809547979471848e+00
-6.924490156065210567e-01
-1.676958939648383495e+00
-1.029263140933192933e+00
-2.939777591996440287e-01
-8.214413050863140775e-01
-9.876442596343690816e-01
-9.926219183836821891e-01
-1.165135989587625875e+00
-1.950656458270028981e+00
-1.085124675347242107e+00
-8.748142973831041225e-01
-9.253485878861025249e-01
-4.161647847833163660e-01
-8.634461435570881527e-01
-1.148237789688874688e+00
-5.648940760999221489e-01
-6.681415049967296405e-01
-1.030608707935311674e+00
-7.497744616032524512e-01
-1.057674727531573655e+00
-1.416547757349871706e+00
-8.181445285064623540e-01
-1.180266378705273400e+00
-1.382210139865585052e+00
-1.437580253108635464e+00
-1.283703964657317176e+00
-5.213314320625284104e-01
-1.053322645374518363e+00
-1.170329429375993602e+00
-1.114805265070959894e+00
-3.949269714018624478e-01
-1.194787383621499277e+00
-8.651833904331280856e-01
-1.032283229271176328e+00
-1.644197942472154228e+00
-1.271239669514138360e+00
-8.730958875820573617e-01
-1.149983815382949803e+00
-9.314068008234710483e-01
-1.038885600046377977e+00
-7.461162413523401149e-01
-1.216840010254589988e+00
-4.666011041815037452e-01
-9.514995113850202024e-01
-8.107346029792812381e-01
-6.594937516405932065e-01
-1.211806857013579819e+00
-8.882972091867142872e-01
-1.576690025943250806e+00
-1.665092388294642678e+00
-1.081449727075256551e+00
-6.885668268292630678e-01
-8.602054992734520233e-01
-1.454117489968606680e+00
-1.007799716939484558e+00
-5.723682781053907043e-01
-6.373841205453456560e-01
-1.101448742533773117e+00
-1.338916214968894014e+00
-1.398538863029692880e+00
-1.183641354525033496e+00
-1.484476710800024524e+00
-7.143018071622546650e-01
-8.076054954739508851e-01
-7.091242908717263482e-01
-1.282073416068872707e+00
-1.282022185663965974e+00
-1.507971573499681250e+00
-7.668522204726753166e-01
-1.694746842967572054e+00
-1.299790708672948103e+00
-6.103324095020430384e-01
-8.783527297134878786e-01
-1.015174943644201466e+00
-1.231414628254736687e+00
-1.459839563336331469e+00
-1.516955685395946052e+00
-1.040578893118113246e+00
-7.785967145989727278e-01
-9.003569975934131442e-01
-1.782103740876611386e+00
-1.770325315730385984e+00
-7.742090892293540527e-01
-7.339548944092908478e-01
-1.346007915549986667e+00
-1.445457177578334029e+00
-1.342406649894752224e+00
-9.381017182960857959e-01
-2.131357247147246614e+00
-6.146302093833573288e-01
-5.086335291029127070e-01
-1.214561935337400644e+00
-1.192072272282202139e+00
-1.706808636188636985e+00
-1.186617190938708877e+00
-1.025586926294995482e+00
-1.021517061333043319e+00
-1.055039198730387984e+00
-9.713108391216320747e-01
-1.223923161664469905e+00
-1.113012402905344533e+00
-1.558484369883420317e+00
-1.001563728568943379e+00
-1.051491784436941135e+00
-8.507092062106811348e-01
-9.268086892465956517e-01
-6.980124626984935965e-01
-1.414808017104004723e+00
-1.102247654515997599e+00
-1.364563246364343119e+00
-1.099424550316197458e+00
-1.095726032438133712e+00
-8.602802607158364090e-01
-1.115272551711383731e+00
-2.063034017118912988e+00
-9.573803503152302774e-01
-1.211775005943423356e+00
-1.060985414697088292e+00
-1.650777325153943043e+00
-9.241003769013080849e-01
-4.604149090224223806e-01
-1.075086807514960885e+00
-8.879578353397650226e-01
-1.261543191965455168e+00
-8.090738997099760077e-01
-1.646590609646505943e+00
-1.389374514346844780e+00
-9.299836959635396916e-01
-1.219978059505944845e+00
-1.288235997041863090e+00
-1.203929435161800843e+00
-1.435135310367922745e+00
-2.724834793021072010e-01
-9.912954087417564786e-01
-9.703839019189186565e-01
-1.087328333777407341e+00
-9.440876934895752193e-01
-8.665993535422882310e-01
-1.593423002050986970e+00
-1.446723626649369709e+00
-1.334263344200952606e+00
-8.782443265873358662e-01
-7.313781058216286546e-01
-1.023269612177747145e+00
-9.827471292103209244e-01
-1.604170745177761592e+00
-1.215482162222937479e+00
-8.911651967016571696e-01
-1.379823779951799612e+00
-1.141557702017163667e+00
-7.046947607946418835e-01
-1.282279225382506826e+00
-1.233482610897294496e+00
-4.580767942323800690e-01
-1.114345121804462213e+00
-6.825825301781489607e-01
-7.630429165480774323e-01
-8.401099244253313891e-01
-8.676195188937403380e-01
-8.899619082299108364e-01
-5.837553145893505935e-01
-1.307482038413598335e+00
-9.804598426350392693e-01
-1.392530005824939909e+00
-8.316833838562840420e-01
-7.125820811860679171e-01
-1.133951508292025512e+00
-1.324673488434900737e+00
-8.195968307628160865e-01
-1.205593157906531321e+00
-1.479934836401913589e+00
-1.047803999592926250e+00
-6.852189158673707148e-01
-1.247686382969022123e+00
-1.267016807888854846e+00
-1.075488171082942035e+00
-7.126608561528056107e-01
-3.940317579216282007e-01
-7.491825321942013893e-01
-1.124475307683774350e+00
-1.268678230244067340e+00
-1.495181601444681707e+00
-2.445613148805053094e-01
-1.287821153094352855e+00
-1.268066572495254452e+00
-1.724478088272473730e+00
-5.474217560685841200e-01
-1.120128845212834623e+00
-1.852271684305585087e+00
-1.513795238259306064e+00
-1.053954388247281049e+00
-1.277338443564545845e+00
-8.617328679133788860e-01
-8.540888476711709920e-01
-7.963583452812135199e-01
-1.013954832427462538e+00
-4.246981742431655271e-01
-6.176957460936134403e-01
-6.003183605890396457e-01
-9.608046991248362367e-01
-1.192703248176866015e+00
-6.043581540357547688e-01
-1.484365246996713683e+00
-1.508977106816648206e+00
-8.337382753821356296e-01
-8.252911347681259890e-01
-1.223553858725573651e+00
-8.649823133108260897e-01
-6.172910879900439518e-01
-7.852616085937325074e-01
-1.161822975884217346e+00
-8.679902541675197369e-01
-1.218620244606679837e+00
-6.379420402298880965e-01
-9.392272335357714219e-01
-1.357330168542770554e+00
-1.460217768136559346e+00
-1.357834195451115722e+00
-8.535505173478932228e-01
-9.738098650793358679e-01
-1.322506640201297490e+00
-6.439412914738373850e-01
-9.132345318705010762e-01
-1.563859682215774871e+00
-7.173704058335137468e-01
-4.403247933895789168e-01
-8.152361239455996333e-01
-4.263811743721644398e-01
-9.416764451791626023e-01
-6.749607583529351196e-01
-1.102286444363752782e+00
-1.219083279941007181e+00
-1.413879419912050128e+00
-1.153619218813130676e+00
-1.126292452128460742e+00
-1.443612899798872196e+00
-5.778363797809631386e-01
-7.759678346862313170e-01
-7.790184884404962595e-01
-1.209525368331182182e+00
-9.542367504957476321e-01
-1.681522314851854549e+00
-5.488138570316647424e-01
-1.685436872972136957e+00
-1.206375255156370674e+00
-5.694506589371610694e-01
-8.406499422442839098e-01
-1.189783383533252081e+00
-5.637346640613789539e-01
-1.089629390769108586e+00
-1.113107355965010203e+00
-5.895003992507992230e-01
-1.350336116478525472e+00
-6.300792478792272000e-01
-8.963308994167644705e-01
-1.339812626723226874e+00
-1.548885760720974947e+00
-7.924532783342965736e-01
-1.506849780189700727e+00
-1.105344604053418056e+00
-1.061741169585701972e+00
-8.822937324200776921e-01
-1.189450615616938212e+00
-1.014225736364288810e+00
-1.409805428629237856e+00
-9.663207878186494959e-01
-1.069562136414426323e+00
-4.565444726788361884e-01
-1.105443125111783775e+00
-1.932923336366304756e+00
-1.436949597284832958e+00
-1.031856681981587531e+00
-1.113613766573206210e+00
-1.791226450253010416e+00
-5.399256112121304518e-01
-9.671606106789245594e-01
-5.228005627130980493e-01
-4.100737939778232310e-01
-9.758532221622666647e-01
-1.527969346215695357e+00
-6.287554156299575148e-01
-1.190722584394511063e+00
-8.725603421462779785e-01
-8.698125809587762269e-01
-1.175125185376466153e+00
-1.201974959483866900e+00
-1.147222399155106931e+00
-1.305578925118219491e+00
-1.286189087806054676e+00
-1.004800106329750253e+00
-1.371304843276693664e+00
-8.038774599600810866e-01
-1.260403403976756653e+00
-9.264608357301011843e-01
-1.095567323221999789e+00
-1.218056815728293163e+00
-5.451678565933915088e-01
-8.332612252309243850e-01
-3.385898473187550217e-01
-1.112266642332980116e+00
-9.283467512684571155e-01
-7.028391935093591947e-01
-9.842403680858891057e-01
-1.217569211843411825e+00
-1.139700504777902967e+00
-7.232050248148635951e-01
-1.381758277621223829e+00
-7.318312711516914426e-01
-1.136352165731669306e+00
-1.212981076135076552e+00
-1.053306448088232816e+00
-1.283319405013156445e+00
-7.587553625071987717e-01
-1.170923504149798067e+00
-1.577805694072136777e+00
-1.494649154499751109e+00
-1.173374032269965728e+00
-3.607897551798822655e-01
-8.672904321843231124e-01
-1.319655501459014335e+00
-9.916312346893190188e-01
-1.439506695957764482e+00
-5.625495504417270531e-01
-1.122112408994191401e+00
-9.006056659272130283e-01
-1.408752996218123332e+00
-1.380304071286456935e+00
-1.480917017787164003e+00
-1.247009912311991986e+00
-1.109823086173730378e+00
-1.093286253525793672e+00
-1.621268987671579342e+00
-1.022919648748054744e+00
-1.638111438674912268e+00
-5.968783898672325172e-01
-6.385591691768834899e-01
-1.611772852922360943e+00
-1.248829533329694375e+00
-1.155786622023475818e+00
-1.127560962081795015e+00
-8.574410216804051466e-01
-1.376797811405012784e+00
-3.601983212700728409e-01
-1.235499026711269099e+00
-1.860841766263853447e+00
-1.374116314256778271e+00
-1.083699707054340156e+00
-1.079996604242423164e+00
-1.535354104727055802e+00
-1.034275116063970490e+00
-4.277204045447971503e-01
-1.125795768343902825e+00
-8.204760385076892426e-01
-1.525008342311967358e+00
-1.538236605250557165e+00
-1.491285364176534234e+00
-9.761880294844869077e-01
-9.626428906887807280e-01
-9.741405607582547255e-01
-7.037142360497532501e-01
-9.706529301894133432e-01
-1.027374004988054867e+00
-1.107037951978285140e+00
-8.783717157862693803e-01
-1.044422596480356180e+00
-1.294617307869235123e+00
-6.753407207349479968e-01
-7.100522841858887269e-01
-9.016279929190802456e-01
-1.112617933029330874e+00
-1.266456968542517547e+00
-1.044054113617175705e+00
-1.501917916720775015e+00
-1.088365903029530291e+00
-6.741357059264712071e-01
-1.227233615104197373e+00
-1.290795844240005597e+00
-9.940362272829728063e-01
-8.916137577485092613e-01
-1.187864613471465436e+00
-1.346118042256185365e+00
-1.074719356519889590e+00
-1.851553462732976829e+00
-5.866496223085957418e-01
-8.771971891171204128e-01
-1.619754855706677876e+00
-9.712210582162765782e-01
-9.837022830816484209e-01
-1.178508070574786348e+00
-1.603608322719893398e+00
-7.278289567746054622e-01
-7.006719206521414556e-01
-3.103724905073162454e-01
-1.045525871966394238e+00
-1.089756584095117109e+00
-1.317574960938909800e+00
-1.071916163926165400e+00
-1.001725398807839174e+00
-1.342264745035198548e+00
-1.285505008984217046e+00
-1.244380817874656930e+00
-1.339273793771309062e+00
-4.341405673340373306e-01
-8.849689711482011667e-01
-7.346770406423179800e-01
-6.133347979169605502e-01
-8.606053364661758742e-01
-6.990395979542900484e-01
-1.413878369541745617e+00
-1.481108167248031737e+00
-9.946068781124286495e-01
-9.772089915559623030e-01
-1.626468653108947837e+00
-1.092459251364612971e+00
-1.094576559456264864e+00
-1.422790652351392016e+00
-1.120843043615419976e+00
-5.051669296996093017e-01
-1.403314334168410671e+00
-4.245199130353154993e-01
-8.749235944422300015e-01
-7.976129298411334112e-01
-9.996421951261971195e-01
-1.326428681307359358e+00
-4.878459187586874912e-01
-1.526411915476228121e+00
-5.927886848653991514e-01
-1.202929229192296834e+00
-1.313977388512118427e+00
-6.436954221564268330e-01
-1.227398235793363046e+00
-8.252781403637325930e-01
-1.233623715942702592e+00
-1.452742383941623694e-01
-7.088258072421997902e-01
-3.723435366074459574e-01
-1.398559091866563353e+00
-1.697039328772416145e+00
-9.506302705741025427e-01
-2.028284156512510372e-01
-6.112203080282836432e-01
-1.411186746704278239e+00
-1.252249140263114402e+00
-1.271141504122315968e+00
-1.106687483444890763e+00
-8.735641095728259309e-01
-1.432588638906491685e+00
-1.515316871047144520e+00
-1.215653050454922113e+00
-9.550239734020196103e-01
-8.541211380354920557e-01
-8.409372059986002235e-01
-1.207626409749256613e+00
-1.642288661288092033e+00
-1.031538444248053299e+00
-1.016500364179155458e+00
-1.461932889256186474e+00
-9.901956719687174946e-01
-4.018059789158994755e-01
-8.931665282563199249e-01
-6.782885783606276142e-01
-1.510486170525841221e+00
-3.625629405162312247e-01
-1.410776704709939100e+00
-6.763339139282789070e-01
-1.016386981258822875e+00
-1.530396948864720219e+00
-1.668365834035837048e-01
-1.692377578246088365e+00
-1.378559397649791851e+00
-1.539457444592521984e+00
-6.658377405371678215e-01
-5.943723907119093930e-01
-1.414549686614414714e+00
-1.011347356357128024e+00
-7.685278368732402221e-01
-7.743691587164929224e-01
-4.165977666254546130e-01
-8.684276551160015067e-01
-1.281281615298507592e+00
-1.191999211600887509e+00
-1.457027503389977330e+00
-1.139869651809850115e+00
-1.283720485402661371e+00
-1.292049752106504190e+00
-1.106950159551857826e+00
-8.970211375198968717e-01
-1.360051045661162750e+00
-1.281018095861921058e+00
-1.324709420011043637e+00
-1.234032901913849845e+00
-9.204379019690844821e-01
-8.214782009593943890e-01
-9.317793751573941741e-01
-9.787512595584719755e-01
-9.347955392015276921e-01
-9.630941104731545188e-01
-1.185292978928208729e+00
-8.694248996885014513e-01
-1.525062612460513112e+00
-1.022485110883437631e+00
-1.418219963523452254e+00
-1.604701327847387393e+00
-1.213209566934179140e+00
-7.886310395349771518e-01
-1.375701296937891005e+00
-3.601558440318446963e-01
-2.262962581593837563e-01
-7.314795342592792515e-01
-4.997683229530350268e-01
-1.535710347088599992e+00
-9.529283185074413076e-01
-5.601992647217639565e-01
-8.875980291191507554e-01
-1.472000806880256807e+00
-6.480195851139751717e-01
-1.330074278111343933e+00
-8.537199149826872890e-01
-1.307391298319963813e+00
-8.238174257640697995e-01
-1.388864597023581116e+00
-1.337274047137708255e+00
-1.615119121568295402e+00
-5.453727925039439928e-01
-1.693829080305203849e+00
-1.047846775504194472e+00
-1.458329106096892591e+00
-4.639583289964375745e-01
-6.137146424681287904e-01
-6.664736108159918793e-01
-6.616350450757182422e-01
-9.034624405682447623e-01
-9.229698626458398003e-01
-1.330848522169379766e+00
-8.609187839802960873e-01
-9.014604206904910377e-01
-7.023842302795313408e-01
-4.132072548099512965e-01
-1.122258373192110970e+00
-7.499652332943083088e-01
-1.265549681174747310e+00
-7.597938442331462205e-01
-7.373727599445172309e-01
-1.283486533920477957e+00
-6.215395031011436977e-01
-7.887926963512605916e-01
-1.370278091822442423e+00
-1.313227607312367429e+00
-7.606456977658955232e-01
-1.512485287641059717e+00
-1.008259096099291430e+00
-1.152277492508251289e+00
-1.672950550928647306e+00
-1.270750614040882187e+00
-1.090161585272835243e+00
-1.357824397050308551e+00
-6.841878710882043357e-01
-7.181769727387998792e-01
-1.228051806730928508e+00
-7.793853009156319622e-01
-7.942650361785905666e-01
-1.163281220298312935e+00
-7.727736476580528979e-01
-1.436535824442561893e+00
-9.692323515894973873e-01
-7.401099408430238391e-01
-8.592621543466116840e-01
-1.377970836669935029e+00
-1.397432390810326996e+00
-1.271281480239015327e+00
-1.018725983155651438e+00
-1.322489338838512385e+00
-9.311995843387532723e-01
-5.928548677572202941e-01
-1.379558474312308380e+00
-9.239232898144407180e-01
-6.839793119061039484e-01
-8.755172710270895386e-01
-1.135818733578194628e+00
-3.263412384613198491e-01
-1.203600740903152388e+00
-1.160550381115975416e+00
-1.418306279028908268e+00
-1.037643413678587923e+00
-8.171622879271329687e-01
-1.548289982555795863e+00
-1.092565391217729331e+00
-1.328098262946131758e+00
-9.987793943682814479e-01
-4.662164251301744167e-01
-1.318499754248096512e+00
-5.780081035793327437e-01
-9.319542052779579144e-01
-1.903827107349723935e+00
-6.613448346817221157e-01
-8.021460086712370874e-01
-1.698124836334319543e+00
-1.471771767370100736e+00
-1.367570749347795545e+00
-9.058682123261747599e-01
-5.699942636578616550e-01
-5.214962836236947119e-01
-1.079260441584307006e+00
-1.473574844591643562e-01
-3.299743443014998001e-01
-8.342655037070323409e-01
-8.437845563891674949e-01
-1.501955920140055856e+00
-1.211279336722061561e+00
-1.000910659368083433e+00
-9.385302880486432464e-01
-4.772864408608979425e-01
-1.412687257993976875e+00
-1.373889999282110086e+00
-3.099830965532111571e-01
-1.073940126362682879e+00
-1.142743298081537962e+00
-1.384335781853281322e+00
-3.774087121599838945e-01
-9.395210346869462548e-01
-1.035698787867979309e+00
-4.395079406404503453e-01
-8.104440837501596384e-01
-6.732901022248971579e-01
-7.324717565427545374e-01
-1.133151430495697998e+00
-1.733525737353862173e+00
-7.288227448734727609e-01
-6.964864555480789754e-01
-5.989720755194878343e-01
-5.195145443657378515e-01
-1.779564059911696194e+00
-1.560963540487091183e+00
-7.378727760254801815e-01
-1.398065613192539747e+00
-4.667187640751185307e-01
-6.709165021329721590e-01
-9.111440602786875509e-01
-9.542453268202746308e-01
-9.667249847346917058e-01
-1.099571120681606562e+00
-1.377774476409350246e+00
-1.381860250689531444e+00
-1.501764090824007969e+00
-2.027421748544378510e-01
-3.986757453311545185e-01
-1.318234374664144060e+00
-1.296553147468561651e+00
-1.653792203575398023e+00
-9.885790407578203265e-01
-1.080040146119263245e+00
-1.395387546082293984e+00
-6.877709558612221663e-01
-7.754291852566876919e-01
-6.314825528529728338e-01
-9.255137203699708159e-01
-1.156118880723628894e+00
-1.677457970348460226e+00
-1.106519587803959315e+00
-1.623071259950844780e+00
-1.181039205783901647e+00
-4.377797820487399627e-01
-1.247632348896641208e+00
-1.234301007857603327e+00
-1.099887212633899214e+00
-1.111875180508431260e+00
-2.926057804641684634e-01
-1.012347494897238409e+00
-6.642469153392096537e-01
-1.238392507660944108e+00
-1.068751270158962985e+00
-1.588973890778806908e+00
-4.337834544532275793e-01
-1.538858893924246463e+00
-9.951749039990898105e-01
-1.580102058883241956e+00
-1.460109234634736186e+00
-4.795339796005860244e-01
-3.053148905433933913e-01
-1.431475712248673648e+00
-1.002273105087635674e+00
-9.474578793832972856e-01
-1.245484197897934298e+00
-1.490741163174132300e+00
-1.332901593855276179e+00
-9.961471553225806908e-01
-8.285710887449373452e-01
-1.068975822156158717e+00
-1.407706598663108100e+00
-5.781554036395104568e-01
-3.275994468413064298e-01
-1.806782968838089420e+00
-9.631661875329702305e-01
-1.617151176422578107e+00
-1.233972550093084042e+00
-1.307519552195856694e+00
-4.690180175126710815e-01
-4.702172884790561391e-01
-1.152319050857788074e+00
-1.299075724828615552e+00
-9.826228792928302092e-01
-1.142896988389925372e+00
-1.451082267660528391e+00
-6.271870142938671400e-01
-4.661342389331762370e-01
-1.340715988776150613e+00
-1.322746208998041073e+00
-1.261612351689909151e+00
-1.274141791953934177e+00
-1.003653622169949688e+00
-1.132456845057897343e+00
-7.607194754490689270e-01
-1.328413613186132824e+00
-1.327958620867005113e+00
-4.208797642038289433e-01
-1.381175832702315365e+00
-1.315464409969611115e+00
-1.805679022601861750e+00
-6.635888750019316440e-01
-2.088229734506509505e+00
-1.078001801955931871e+00
-1.079739537957298712e+00
-7.958130631623316908e-01
-9.875413648072108863e-01
-1.388860261764687909e+00
-1.245209231990866972e+00
-1.541619212774684389e+00
-1.189229375198128213e+00
-1.077006464390482865e+00
-1.022700436520258993e+00
-6.783791629754927222e-01
-1.175408294821697286e+00
-1.578675046403443805e+00
-1.035819106353781383e+00
-8.602508161742972170e-01
-6.125473927426239307e-01
-6.163845210988907475e-01
-1.135652087546013878e+00
-7.378093775655796271e-01
-1.180426179905846862e+00
-1.092467058849305506e+00
-9.665251493877389244e-01
-6.794480369526234576e-01
-8.080468962468896343e-01
-1.100308497361436100e+00
-1.425779466462938405e+00
-7.003215380283669411e-01
-8.312314558549087629e-01
-1.335298366534513281e+00
-1.117236904866655056e+00
-1.722067094824705880e+00
-4.843397213712533067e-01
-1.150233056277631949e+00
-8.927441039622476815e-01
-7.848210636103449822e-01
-8.924083279043881767e-01
-7.312162297771789277e-01
-7.495487956787489914e-01
-1.706396482938871362e+00
-1.214498591773957248e+00
-1.000221239965942477e+00
-1.101653581999930243e+00
-1.189242748345610057e+00
-1.502757212745035265e+00
-8.948015423020376780e-01
-7.583709035276879895e-01
-1.701430867461401153e+00
-1.427603656651541986e+00
-1.064487482486715653e+00
-1.153567183300741039e+00
-9.867251376170176336e-01
-2.007290299508147080e-01
-1.010685355827547927e+00
-5.148495492515192673e-01
-1.122743314731053932e+00
-1.307058632852300395e+00
-1.527462077528771278e+00
-9.774051767734390772e-01
-1.159182870995237646e+00
-7.825158044702331672e-01
-1.441184684018069095e+00
-1.013437760285857525e+00
-1.048887328740687241e+00
-1.950020890396229611e-01
-1.258843327018582148e+00
-1.273013146030877341e+00
-1.137361368536386141e+00
-2.274633513686226127e+00
-3.581811459850575141e-01
-8.856302216510951730e-01
-1.203224155147513574e+00
-6.568088756421031071e-01
-3.895547385590601430e-01
-1.134896967543788993e+00
-4.343171161784807333e-01
-1.122598234869887524e+00
-6.074110243168786560e-01
-1.111682836109839645e+00
-1.135147902417490418e+00
-6.591983665848535345e-01
-7.924519189242471562e-01
-1.032962159850204120e+00
-1.600732506134605604e+00
-7.953936462596051804e-01
-1.791456009613324074e+00
-4.260961496072402377e-01
-1.315423838152178337e+00
-1.191400108774541611e+00
-1.398803261672818099e+00
-1.246775275302490105e+00
-9.831901379641476701e-01
-1.314100391926882327e+00
-5.612847521824098074e-01
-9.446570663674322965e-01
-1.023231936588058222e+00
-9.792604123632995261e-01
-8.998556185155668352e-01
-1.295401233054758183e+00
-1.182868289743379098e+00
-1.103764743369727297e+00
-7.537612174300520884e-01
-8.581468522300679247e-01
-1.048653396264681792e+00
-1.911370770256362039e+00
-1.211239191593146192e+00
-8.070190164282462497e-01
-4.643750990055140471e-01
-1.182061144805743869e+00
-1.048298306778472355e+00
-7.152830771996367965e-01
-1.441350936205996636e+00
-1.155424196372859758e+00
-3.657470224758410660e-01
-1.828342787904543076e+00
-1.018873498018888046e+00
-3.062243738168111684e-01
-3.618894069482583853e-01
-1.423696784575608110e+00
-1.657085729962038290e+00
-5.590692693365277854e-01
-7.280060426047580968e-01
-7.196353496442111641e-01
7.548379687661416204e-02
-3.577670875336492196e-01
-9.650504829772512672e-01
-1.122789747887197098e+00
-3.087937014489310905e-01
-1.357591487657647367e+00
-6.943876576251111210e-01
-1.056604331599122037e+00
-1.303421852216356758e+00
-6.161298619900645868e-01
-1.101793099221648919e+00
-1.175015983375356843e+00
-1.024821481989097283e+00
-4.040589359273672465e-01
-4.706628734771745592e-01
-8.235544674007644339e-01
-1.076455440829914512e+00
-8.173445887661325848e-01
-1.217107043024956869e+00
-8.009158801595757105e-01
-1.519477820063361850e+00
-1.421442739437953851e+00
-1.181412266334508576e+00
-8.332945518679157892e-01
-7.341667099871540536e-01
-5.990180180402089327e-01
-1.220853757035147868e+00
-7.400746474077579684e-01
-7.188396265870378166e-01
-8.195802036256165657e-01
-1.244053578519395575e+00
-1.431997570391243091e+00
-9.687916342915952050e-01
-7.221904786337423054e-01
-9.047440472278585055e-01
-2.186430221155331588e-01
-6.202423391767966088e-01
-6.898156590622455120e-01
-1.420217239528302589e+00
-7.730430899136320200e-01
-9.430812456587998049e-01
-1.544239820511091654e+00
-9.375561793153619483e-01
-1.274974926816599297e+00
-5.307487809664412914e-01
-1.047362195680265007e+00
-9.934468146095380980e-01
-1.424684590029894782e+00
-1.096845723165419617e+00
-1.155350107150181049e+00
-8.202971059509747143e-01
-8.015833132254859272e-01
-1.869783884813678743e+00
-4.681447248564230557e-01
-1.140669337091854363e+00
-1.112785183460948790e+00
-7.581077121374666383e-01
-1.376221377804281776e+00
-1.324307493745106701e+00
-1.904741504868216584e+00
-1.582945242328112290e+00
-9.540082931895175200e-01
-1.004967299107548673e+00
-1.495858435732291714e+00
-9.700576253868971044e-01
-1.123351677286326566e+00
-5.036406269662632162e-01
-1.129190755104265254e+00
-1.760237362177019538e+00
-6.886432618557702945e-01
-1.324078838739666697e+00
-9.863273765812405891e-01
-1.325695722728964743e+00
-1.592316269375036786e+00
-1.314141841999596938e+00
-1.163473761805083218e+00
-1.156402132166267638e+00
-3.020990645068662439e-01
-9.727433754415959477e-01
-6.809081665432015207e-01
-1.356226173871468266e+00
-1.435117780948300226e+00
-1.389875878871603465e+00
-8.767725470906859719e-01
-6.527131700985262519e-01
-1.113000634442901760e+00
-1.638986459738764001e+00
-1.215911557355195516e+00
-1.005625507193255164e+00
-1.252750812361175026e+00
-7.407616193199655363e-01
-9.282741172548019115e-01
-6.128487909649078524e-01
-3.259110985521940784e-01
-8.117947083735299607e-01
-1.293552893829588601e+00
-7.690934736160994767e-01
-1.140885674870201871e+00
-9.412111235794022868e-01
-1.571599731771951003e+00
-1.163305393800382337e+00
-7.603412696830322837e-01
-1.289313450602865618e+00
-7.611355531590509038e-01
-6.611605017877413282e-01
-5.978011105748604059e-01
-1.084418985073857034e+00
-1.070888739360992492e+00
-1.228745276781819218e+00
-1.129829015183734686e+00
-9.602254428766028305e-01
-4.884567837097475995e-01
-1.071879406644367538e+00
-5.360190908473634330e-01
-9.876640619298293622e-01
-1.589178661420941996e+00
-1.378922294216293754e+00
-9.569059667764432398e-01
-7.703573853731282561e-01
-8.443626751459984980e-01
-1.339693778663832990e+00
-1.829181691750481509e+00
-8.323700782781568996e-01
-8.499189368471777861e-01
-1.384851269145695785e+00
-3.114177648777035068e-01
-1.701265634471767374e+00
-6.176690386114320752e-01
-1.155153180034256710e+00
-1.142925445522525951e+00
-9.128098649996361225e-01
-5.371296921561445892e-01
-1.958294892451558855e+00
-7.921672342976049386e-01
-1.257908645233826395e+00
-9.960121113344730936e-01
-8.829167626382710132e-01
-1.025178057900375972e+00
-6.287517356052316764e-01
-8.269036862208705152e-01
-6.482264016085008684e-01
-1.473574767044216305e+00
-1.379848145503871581e+00
-3.074595991207372259e-01
-1.292212105143420775e+00
-1.265469855400699561e+00
-1.464553038088297843e+00
-1.744187238943088136e+00
-9.059914245621567552e-01
-1.264531475330912702e+00
-6.148123189005993972e-01
-6.738789625447663134e-01
-1.047365798605661258e+00
-5.165280077493901167e-01
-5.554678713320524430e-01
-1.040192216087728827e+00
-1.053403549518405757e+00
-4.785882256018366143e-01
-1.298319462433778160e+00
-1.067549356329595245e+00
-8.714490099463074735e-01
-6.549638059605240592e-01
-8.992811763407400072e-01
-8.886031620002268205e-01
-1.468739016213316706e+00
-1.874273906726774630e+00
-1.142130883964132426e+00
1.186069197873246828e-01
-9.642603120067119171e-01
-1.195162359188325585e+00
-1.423454017629364632e+00
-1.796387394372566337e+00
-5.562878987350825533e-01
-1.342296631198756973e+00
-1.409988776297926183e+00
-6.442644173785123662e-01
-1.758728511153120899e-01
-2.008504625987555858e+00
-1.485755544107828729e+00
-6.138213915467187753e-01
-8.693969195498998381e-01
-1.282781455312975272e+00
-8.715642390915374627e-01
-8.903829244022074541e-01
-5.188978880317418607e-01
-9.104670967229560041e-01
-1.419397177822805833e+00
-3.886601623339990819e-01
-6.691375327312560906e-01
-1.225638474662073651e+00
-9.465396751061505576e-01
-7.068003070414943245e-01
-7.358065639130058067e-01
-1.901338607739984088e+00
-9.108008538056702186e-01
-4.157636396740154727e-01
-7.866521709822582586e-01
-6.744033317512774239e-01
-1.228364635776161951e+00
-1.471652137323016252e+00
-7.611413972236822367e-01
-1.619106744240465634e+00
-1.012170544716234577e+00
-2.660603866623501568e-01
-9.377037845022582196e-01
-7.124424614164692748e-01
-6.528486479767932060e-01
-8.262790634868228956e-01
-8.486482863539639432e-01
-1.371032688957118939e+00
-1.516766242246462060e+00
-1.218982130017114418e+00
-1.003921641683208410e+00
-1.100645294483680647e+00
-6.613664987738769874e-01
-1.383750924018638973e+00
-1.335614435927891197e+00
-9.061806762095021561e-01
-4.126279931895174280e-01
-3.048524633173178011e-01
-1.008875430214150715e+00
-1.230423338181911408e+00
-3.996635397011272794e-01
-1.028806939859491454e+00
-9.844378116181080607e-01
-1.289920793423992240e+00
-1.492602581875886347e+00
-8.811090350385382131e-01
-1.275278453341475160e+00
-3.692906089244912260e-01
-1.240386702629895144e+00
-1.091352286139994465e+00
-1.231841227950646545e+00
-9.374255301410241437e-01
-6.712675501087095320e-01
-1.374015303199901172e+00
-9.136659850788260151e-01
-1.087674617429716495e+00
-6.286219375637824847e-01
-1.630553260744833199e+00
-1.070913129591542390e+00
-1.211216761881321435e+00
-1.000897490386436051e+00
-1.388811252291639153e+00
-7.089406661600503590e-01
-1.349324475072397167e+00
-8.827790707617180210e-01
-9.808801553725499112e-01
-6.708337329188407416e-01
-1.451946644258147234e+00
-1.501189003748028217e+00
-9.865470621666720952e-01
-5.844407587308251273e-01
-1.045128159210076735e+00
-5.030723537326271533e-01
-1.524283956191693878e+00
-1.665838565084250877e+00
-9.135711969577759994e-01
-1.469037104132287386e+00
-1.192141313741668984e+00
-8.885778730799072100e-01
-1.326068839935136356e+00
-1.347739621217979522e+00
-6.702285822756732792e-01
-1.193913255694692754e+00
-1.093893871988865119e+00
-1.613342427322618011e+00
-1.674260764875335150e+00
-9.580418831554600168e-01
-1.470448376310719230e+00
-1.110772342160640580e+00
-1.542675003244465604e+00
-1.316785699657100128e+00
-1.172719337037659404e+00
-1.131617774699929857e+00
-1.504863224463197202e+00
-9.907029652953132093e-01
-9.894448995180584738e-01
-1.273444973938037794e+00
-1.084449242808336766e+00
-1.078493123479522087e+00
-1.399462920800328636e+00
-7.814668338935573111e-01
-1.364830531707607708e+00
-1.168017738576207609e+00
-8.989745442749179638e-01
-1.011666804617686655e+00
-9.360997231068819424e-01
-1.131911143470123893e+00
-1.269298937712708852e+00
-1.138656792017581854e+00
-7.708836717039315722e-01
-1.437000452729105593e+00
-8.830013036217647659e-01
-1.188465941397464309e+00
-7.321348221138710421e-01
-1.059403820783330286e+00
-6.585167778660232507e-01
-1.296086159795813320e+00
-1.043691724528745812e+00
-1.506215654182053942e+00
-6.580986796635142078e-01
-9.236098949446263084e-01
-1.231490509381725662e+00
-1.595370172517619256e+00
-1.084606842669274318e+00
-1.494152678072329099e+00
-1.300403411388277863e+00
1.589798844227767183e-01
-9.179216383930763890e-01
-9.985926989843503243e-01
-1.240111150920860883e+00
-1.237206424820187056e+00
-1.283659172716032248e+00
-1.081715247500551147e+00
-1.181584974080064132e+00
-7.050176989890073465e-01
-1.048338457741149643e+00
-4.943576159581480334e-01
-9.752821951118773036e-01
-9.214361745958510319e-01
-8.155393493132945260e-01
-6.669373941040892539e-01
-1.295905512178059826e+00
-8.059989626655217343e-01
-1.131857035697418912e+00
-9.092724828986615826e-01
-8.282550071636234357e-01
-9.476579252392522967e-01
-1.423248028689368727e+00
-1.130627605702447358e+00
-1.363891358465938897e+00
-8.192244071448198106e-01
-1.235438583271609492e+00
-1.254556060691588204e+00
-1.150491791321922808e+00
-8.742464047339102429e-01
-1.963475407820297836e+00
-1.021947226670640863e+00
-1.330494805079841303e+00
-7.039506112953586303e-01
-1.568140127433993225e+00
-7.761419624550893737e-01
-9.997427168186097113e-01
-7.126167041693318716e-01
-1.471984051112191327e+00
-1.165560305965695154e+00
-1.386516042831944961e+00
-1.534715663559080401e+00
-3.537724048936366494e-01
-1.304097951970686342e+00
-1.062795042496610831e+00
-8.406395300704621043e-01
-8.440225132665166718e-01
-8.640522281156646223e-01
-1.583910625481142365e+00
-1.516711100568028048e+00
-1.026572882906816364e+00
-1.147196421862734628e+00
-8.819285200649180645e-01
-7.201088901328209779e-01
-5.895094402127623034e-01
-1.002221610349931513e+00
-1.287427148711917102e+00
-1.496840178332402349e+00
-1.392089413861033353e+00
-4.215493658931426801e-01
-1.187637264958568029e+00
-7.383068522125530997e-01
-6.781756902521931529e-01
-1.023864086043158483e+00
-1.780139357049322246e+00
-9.160231775132978704e-01
-6.775786138093882194e-01
-1.092951351429292561e+00
-5.737390793623569074e-01
-5.835181323117493157e-01
-8.386292085166524579e-01
-1.092168372537571930e+00
-1.195511339664005579e+00
-5.254403062831127791e-01
-1.065060985892376966e+00
-8.234494783415056141e-01
-1.497400022118587248e+00
-5.544666314139239383e-01
-1.312125040024444633e+00
-1.131951689219047541e+00
-1.725285613103320959e+00
-1.540509496409865897e-01
-8.442052783717497455e-01
-6.889358974034753835e-01
-7.318047553881226186e-01
-6.203821730082137442e-01
-1.231350891093868416e+00
-7.163943968022512543e-01
-1.390214166765109116e+00
-1.014282767565771071e+00
-1.342368895697671594e+00
-4.417393611212579452e-01
-1.277535243627579309e+00
-1.248241945270003317e+00
-1.373642099306846109e+00
-1.236171408309314490e+00
-1.168000562699245126e+00
-7.248564698953416929e-01
-7.836985177771009781e-01
-1.762409167955976574e+00
-8.823907758642559607e-01
-8.623175625701322566e-01
-9.052113404357755577e-01
-1.066202098443814084e+00
-1.325052388994678143e+00
-1.446103384308021322e+00
-1.560581466232268344e+00
-1.352959825388403647e+00
-1.172099630740696785e+00
-7.356926153218741327e-01
-1.044453065277974435e+00
-1.165018719193132046e+00
-1.301412351496797459e+00
-1.157784511278589168e+00
-1.205577956636443293e+00
-1.032666875087862923e+00
-1.108306029690684813e+00
-1.135163501403598563e+00
-7.388716018630181459e-01
-6.704666784854720341e-01
-1.220255863919288419e+00
-1.461485658489259709e+00
-1.133604591587620281e+00
-6.703808731881761851e-01
-1.298702206981824592e+00
-1.735048947175995004e-01
-1.125473584624089529e+00
-9.419187987926798122e-01
-7.695090194619536028e-01
-1.716048873129740304e+00
-7.870959156981816029e-01
-9.047768477337858606e-01
-8.439865235377976838e-01
-9.799579665836231079e-01
-7.936955752962870925e-01
-1.036918705761989745e+00
-3.696781086384218207e-01
-1.146421576012141674e+00
-8.119282051758820451e-01
-1.019961123664569147e+00
-8.019093480847812039e-01
-1.363815935816934388e+00
-8.145766514671284320e-01
-7.112754170597708203e-01
-1.404509124188973335e+00
-6.251692128960795181e-01
-9.993306627008817777e-01
-1.306521315956424178e+00
-1.180183516993814852e+00
-1.524565660460240668e+00
-7.728415201934812906e-01
-1.400199488467035014e+00
-1.526376537606033867e+00
-8.767045311603962610e-01
-6.963854768673916062e-01
-9.993331643451495161e-01
-1.507897234308128720e+00
-1.100172646893402106e+00
-9.827741076489471261e-01
-6.100695673524829665e-01
-1.550280386398958488e+00
-7.938946787523701865e-01
-4.432345232436146198e-01
-4.647361520153912573e-01
-3.796919156064225143e-01
-1.816458748623877018e+00
-1.364728871547758349e+00
-8.268535515001507186e-01
-1.091412167045423320e+00
-1.139134968302390138e+00
-1.199388484350591089e+00
-1.320837432485359120e+00
-1.214590590795190383e+00
-8.127450223240839655e-01
-9.609914029944914837e-01
-1.135409785116629156e+00
-1.129777422369911744e+00
-1.289940673053582731e+00
-1.476999877333778688e+00
-1.746162060415212824e+00
-1.399195800681394264e+00
-5.855297248466988513e-01
-1.144693836291267974e+00
-1.156189129484172629e+00
-1.285499242265155662e+00
-5.990147893163251247e-01
-1.218609510512323357e+00
-1.311789809299970688e+00
-2.103515835264642697e-01
-9.179605533318562216e-01
-5.342446630714801081e-01
-1.538737686028728735e+00
-1.163254634129167631e+00
-3.970821298523224407e-01
-9.629627908785605150e-01
-1.969231011289246158e+00
-7.917335758737213958e-01
-1.017545989184594379e+00
-8.180104211576275652e-01
-8.331781137993599096e-01
-2.083313123564828562e+00
-1.245166816060294668e+00
-1.333389417914216057e+00
-1.081214504093285900e+00
-1.102626299081070460e+00
-1.046370961657359988e+00
-1.005439398873062107e+00
-7.086738193777546435e-01
-1.983100209438593442e+00
-1.135253194474696858e+00
-8.232409454751388189e-01
-8.300209433432432782e-01
-8.425240199088190884e-01
-8.516272140134337754e-01
-1.063943710894282635e+00
-9.869692854438807395e-01
-8.736751309499948270e-01
-1.473154111535852184e+00
-6.783812334824763646e-01
-7.493188378477353417e-01
-6.743169804770343667e-01
-1.440226999448370737e+00
-7.800235702595661458e-01
-1.457958868365598182e+00
-1.374064457733755962e+00
-1.398579750679101341e+00
-7.041565433527243734e-01
-1.169413430357661543e+00
-9.030754622977039681e-01
-9.441598746770023531e-01
-1.263808030539078420e+00
-8.023524104173174187e-01
-1.891172004306540533e+00
-1.092972066786727314e+00
-8.748926909359906468e-01
-7.727143961461320210e-01
-1.407159789310498343e+00
-9.206281216051235283e-01
-7.240737421239313854e-01
-9.471278284590156638e-01
-1.161129126108802812e+00
-5.797090934447379773e-01
-7.170053774029665483e-01
-1.779302358117825111e+00
-1.108394568435603578e+00
-7.314507895802466741e-01
-1.296289767992217623e+00
-1.162197913098113933e+00
-6.101957501767096836e-01
-7.744250117382773801e-01
-7.766619125810092505e-01
-1.297122888177032696e+00
-8.168169970246883516e-01
-1.238181970463039239e+00
-4.863399161679003435e-01
-1.818331535476592098e+00
-5.077844320113431564e-01
-7.845952501463142603e-01
-1.054077978496391399e+00
-3.254414828289005635e-01
-1.245934371854092948e+00
-1.012625727424709243e+00
-8.911322859822772280e-01
-1.508759526701862530e+00
-1.316708658301451340e+00
-5.079933237657106027e-01
-2.820618143785034726e-01
-9.955621974508983563e-01
-1.391669903831168842e+00
-1.517984125320325450e+00
-1.627212000604555175e+00
-1.033774811174268837e+00
-1.855032045573882460e+00
-1.785355743810445706e+00
-1.389816998955066385e+00
-7.541737684070715098e-01
-8.447022549233698108e-01
-6.359651240293904273e-01
-1.047726510760496499e+00
-7.291818871003390434e-01
-1.345046330022363623e+00
-1.081574465564621779e+00
-1.230786294755418897e+00
-1.516645366027600250e+00
-1.035348626133594241e+00
-8.680411184336702668e-01
-1.154462932500127881e+00
-8.054092822775165139e-01
-6.461911317825266288e-01
-1.389810650087757171e+00
-1.314819637170284938e+00
-1.336479110623504329e+00
-7.526854763567105699e-01
-1.041063344070661589e+00
-7.526291827479920649e-01
-1.675049209400203853e+00
-5.417549233360152705e-01
-1.004228859630455606e+00
-9.012564808756775570e-01
-7.350187120680300445e-01
-1.071587373049258662e+00
-1.094427384935852121e+00
-7.360571902569792435e-01
-8.946066344673879733e-01
-8.056471536416549561e-01
-1.082426165676779295e+00
-4.201347935733328876e-01
-1.275929395727054771e+00
-1.191478482290172725e+00
-8.989121555833929911e-01
-1.532097920499179811e+00
-1.435681143042100150e+00
-8.431905253654048416e-01
-8.446482655285874053e-01
-1.279263838192705283e+00
-1.064610421796056361e+00
-9.859696266058048941e-01
-1.332023406718275016e+00
-1.402467810673855286e+00
-4.215484664305618190e-01
-1.498698964211574225e+00
-1.298006474180660508e+00
-1.014166187532300700e+00
-1.315837351290565227e+00
-1.077664348572497932e+00
-1.580367504118212474e-01
-9.667354033899724364e-01
-1.176337232772685315e+00
-1.497161845927636126e+00
-3.675849583047790525e-01
-7.948451550301425250e-01
-1.018982232718987024e+00
-8.369675197834820501e-01
-9.198659278603327216e-01
-1.130947991560914190e+00
-7.819352736021873973e-01
-1.128609316068452717e+00
-1.324739764345320925e+00
-4.923058108095924035e-01
-9.932616216433953760e-01
-1.369822379528081502e+00
-9.964895838380063431e-01
-7.445013515133216409e-01
-8.090997288141896782e-01
-1.046085859000005502e+00
-1.038363479987691296e+00
-1.207691603670835168e+00
-1.027708563838249933e+00
-1.014387878442633895e+00
-1.506933754838347017e+00
-6.479386664644946059e-01
-1.128641532000454806e+00
-7.257990206967090963e-01
-9.573141522944337289e-01
-1.293799384563407262e+00
-1.244947632185916309e+00
-1.149739090043560896e+00
-1.397485809074451968e+00
-1.011518771358549618e+00
-9.048840958483030938e-01
-4.896370244059090049e-01
-1.335773643807331101e+00
-1.294488898220166551e+00
-1.187880027621777135e+00
-1.094726822759139129e+00
-1.346411908853359041e+00
-4.046560299608868427e-01
-1.618097862559669142e+00
-9.223418349026570873e-01
-1.476049624737621802e+00
-5.416825052453835276e-01
-1.172005862973485524e+00
-6.561181741957651248e-01
-7.319307925955738092e-01
-1.374722424879220473e+00
-1.165988713685888190e+00
-1.452249223641829179e+00
-1.195633036643500180e+00
-1.171191905597841032e+00
-7.421789474271034415e-01
-9.325535455788078743e-01
-1.061352590062437873e+00
-9.073853334693819939e-01
-1.176116101881540477e+00
-7.561048427265970595e-01
-7.835128406216012031e-01
-9.122774746380319932e-01
-1.389783795627419938e+00
-1.388574144204362870e+00
-5.632236038841864634e-01
-1.959231341110397207e+00
-1.176914029642852189e+00
-1.094577738870086581e+00
-4.480799564968447890e-01
-1.321773894590244414e+00
-1.761416701256675044e+00
-9.878516343981940118e-01
-1.246451456421550308e+00
-9.626272717484920527e-01
-8.158506742812989820e-01
-6.514240978191989662e-01
-1.485933237795308504e+00
-1.246171414108286246e+00
-8.209318980152517931e-01
-1.268221341473087183e+00
-6.144169420344209875e-01
-1.265827294004925552e+00
-7.325568431372855294e-01
-1.155331982258026802e+00
-9.187767013120802240e-01
-1.139224699015105369e+00
-1.151056302273520959e+00
-8.643175620194836206e-01
-1.006977856517958347e+00
-1.191846398224687409e+00
-1.660359919017150521e+00
-5.312683552949306609e-01
-8.511549364758121961e-01
-8.825370902577707177e-01
-8.786139191843855833e-01
-8.012537792939551373e-01
-9.910204151690789054e-01
-7.320060713203511149e-01
-1.529347080955006266e+00
-1.214686749773843832e+00
-7.045640624194402513e-01
-7.330888951448637503e-01
-1.508271234158961693e+00
-1.206215291991278082e+00
-1.207218186742127664e+00
-6.406112782969839436e-01
-6.305307486465534517e-01
-9.164970676658588111e-01
-2.424609817330796724e-01
-8.256939010207582363e-01
-9.989876723786008661e-01
-7.583639399671366910e-01
-1.652059864349763263e+00
-3.517903317562134924e-01
-9.930171374431524534e-01
-1.151934888606338081e+00
-1.120255783350668555e+00
-8.483415542038241774e-01
-1.062893478986890461e+00
-9.866570912565779672e-01
-1.100445514072248887e+00
-3.286209275472101177e-01
-1.178534996443931337e+00
-6.343534125796179701e-01
-6.553062117882313409e-01
-6.996776340744053080e-01
-5.910072549730505109e-01
-1.148754862432385782e+00
-1.134811303283037365e+00
-9.417437738939686831e-01
-1.262656646289987084e+00
-6.079140887674481242e-01
-4.617963297832408665e-01
-1.148799389634760804e+00
-3.494368074525416312e-01
-1.837920276380284879e+00
-5.801807014324373846e-01
-5.184078293958163108e-01
-1.577315538734734179e+00
-1.546992248229497324e+00
-1.117588617212281310e+00
-1.414245283727137537e+00
-1.285493804550580155e+00
-1.093743371555607968e+00
-4.748968946635199750e-01
-8.358082248314926410e-01
-1.390904031417516951e+00
-8.071769315091192887e-01
-1.466886340423741775e+00
-7.081684406222135131e-01
-1.017358012787291432e+00
-4.734548226512367841e-01
-2.656735293376573659e-01
-1.232624453184897551e+00
-1.091333427823795166e+00
-1.004331571186153571e+00
-9.050217187309486100e-01
-1.057530899897067389e+00
-1.733722274392146989e+00
-1.261370419866544967e+00
-1.357344909675243461e+00
-6.912057714440433820e-01
-1.074327462988624138e+00
-1.448133016644363114e+00
-9.918182505410553240e-01
-1.081475474134439896e+00
-9.872621682477213945e-01
-1.398693009876549542e+00
-9.601298206101174237e-01
-7.625462633526010059e-01
-1.168230166390368030e+00
-1.166902039416495729e+00
-1.050163457201787498e+00
-1.278866910982341398e+00
-1.543976154609242091e+00
-1.479396026578318146e+00
-1.468250186203758023e+00
-8.476948031491002844e-01
-9.499422780253508058e-01
-9.003239001143268361e-01
-1.240591084793468912e+00
-1.063855848990439501e+00
-1.432096606543862283e+00
-9.406670349973826895e-01
-8.348642077583652288e-01
-1.058328329930134704e+00
-8.949988247215849846e-01
-1.278067887601683328e+00
-1.204704405896209085e+00
-1.514958668760418181e+00
-6.807145741191793498e-01
-1.301833188125652629e+00
-1.659229737843024299e+00
-9.902408415538386244e-01
-6.791731039577135753e-01
-8.564880008243673792e-01
-1.202080434708531431e+00
-6.917843371035172773e-01
-1.403204752914352316e+00
-9.666051483046413928e-01
-5.380344966556305231e-01
-2.126226963572254380e+00
-1.318060332404812574e+00
-1.221391605432032623e+00
-1.317501574057614366e+00
-1.512502432212596393e+00
-5.883590861954410833e-01
-9.494314113024704405e-01
-7.425532496807574212e-01
-1.244999317672601524e+00
-1.339175374282217224e+00
-1.284406911255356665e+00
-1.440534603468382802e+00
-1.482324770556899818e+00
-9.642674079260129538e-01
-6.880992629355628942e-01
-1.024085812076183988e+00
-1.622798451549837484e+00
-5.358198145251376054e-01
-9.423080653549260610e-01
-1.063238796976638145e+00
-9.384961562611313646e-01
-1.034251427333157114e+00
-9.930772977916899613e-01
-1.039430598047366150e+00
-1.220364187553690360e+00
-1.525594065626951323e+00
-1.604505186046428111e+00
-7.732529938208085873e-01
-1.179716434885542231e+00
-1.329323832948607009e+00
-5.935587478499511072e-01
-5.876374397095571744e-01
-1.330290422609290868e+00
-1.110564048503615897e+00
-4.148213681973556555e-01
-8.502087781634064534e-01
-7.456998824113374447e-01
-9.955415911626706027e-01
-7.574796489278097233e-01
-1.043585516611156283e+00
-5.825211799416902814e-01
-1.760912929297223872e+00
-1.346217073090909100e+00
-7.378253774822849387e-01
-1.109456981867620318e+00
-1.424368942604079979e+00
-1.518389264742456835e+00
-1.685700618338284773e+00
-8.856276442949533312e-01
-1.771793081079213739e+00
-7.425421101733786777e-01
-7.257233544050447627e-01
-1.359841470676631747e+00
-1.229239132559460490e+00
-1.110412632240145303e+00
-7.240200395004028344e-01
-1.447014278787055463e+00
-1.150801082217338678e+00
-1.217989374122109059e+00
-1.196098355702308158e+00
-1.029062662140506124e+00
-6.461256176977170362e-01
-1.036311272242020909e+00
-8.791871178977808121e-01
-4.136728372195049297e-01
-1.450658937767390189e+00
-9.389150811291036014e-01
-9.772980230864942719e-01
-5.800354411440520330e-01
-1.182064171463818258e+00
-7.095415315978859105e-01
-1.026898709515375874e+00
-1.323845103094083431e+00
-5.972934746280142981e-01
-8.814772887832700299e-01
-5.296272978006286714e-01
-1.419175266687290549e+00
-1.388792276939466053e+00
-4.148929778891639608e-01
-8.984939516313201757e-01
-8.738073954260667797e-01
-8.043078920096964346e-01
-6.541113364679209674e-01
-1.071770993192135979e+00
-1.659382770515126726e+00
-1.108176973065117199e+00
-1.281468515941174946e+00
-4.232218299423143315e-01
-1.180173142615882131e+00
-9.914086439359608427e-01
-9.559587878607200828e-01
-1.527884657412159175e+00
-7.788046999414697247e-01
-1.426174219563684620e+00
-8.417248407085193840e-01
-1.378820221443467720e+00
-2.135363910347112815e-01
-7.431100872696245752e-01
-4.601295161234487119e-01
-1.367927398838692188e+00
-1.223166163508896620e+00
-1.121089492839328461e+00
-4.486189074747924388e-01
-1.506474073051208951e+00
-1.078985392992822145e+00
-1.073383914273666750e+00
-1.343635920761901748e+00
-1.305198187602034654e+00
-9.535133427745177137e-01
-5.894700428069339360e-01
-4.607661834286287950e-01
-6.852037988247059452e-01
-6.233353829637207077e-01
-1.702799197174091450e+00
-1.284829119682863396e+00
-1.401214029162528352e+00
-1.548285349634781927e+00
-9.763606785834579860e-01
-7.934029072722350584e-01
-4.979362991299330354e-01
-1.050461339076111944e+00
-1.255761608897981052e+00
-1.369350944330925746e+00
-1.069978885958488224e+00
-1.132260835285137990e+00
-8.133608510438752326e-01
-9.833707293891404966e-01
-1.359213344574659477e+00
-7.674217817230837291e-01
-1.246084275443724909e+00
-1.004617342215727849e+00
-9.563697976669272016e-01
-1.289116250601392455e+00
-1.020050193606472977e+00
-9.286137777823708639e-01
-7.202395744894531937e-01
-9.418540582471703893e-01
-4.868015331496509668e-01
-5.847311295103314599e-01
-6.960258038579500983e-01
-1.073477849448647437e+00
-1.000870876890101346e+00
-7.739259347297999803e-01
-8.020339235541560363e-01
-1.286032783614861064e+00
-1.088988447391479486e+00
-1.380766812584898862e+00
-1.485499155547441053e+00
