-1.257351214795628724e+00
-1.095717063769811705e+00
-9.599522794001456028e-01
-1.452244592266926038e+00
-1.306674698423908598e+00
-1.159329704040683584e+00
-8.877777910748503309e-01
-1.199904489263773133e+00
-1.190552445631578582e+00
-9.331943692036941407e-01
-1.270696516957262379e+00
-1.539790553497127679e+00
-1.290732857261226219e+00
-1.362303636407983465e+00
-1.259410609659181279e+00
-7.632899824809240563e-01
-1.167266883691997936e+00
-1.448254384455694765e+00
-1.051011345230886906e+00
-1.233370573468871800e+00
-1.074494724591677386e+00
-1.312971237061344443e+00
-9.430726317508839607e-01
-1.604795074129303334e+00
-1.649065257076458568e+00
-1.085748740185796368e+00
-1.487031099825597114e+00
-9.719834542593273063e-01
-1.262175222819057030e+00
-9.996307746988759568e-01
-1.018679830526219465e+00
-1.002919167127597877e+00
-7.701425540325748109e-01
-1.518694083303362863e+00
-1.386074444575993159e+00
-1.336363443410642393e+00
-1.334940858770683025e+00
-1.278141496709058078e+00
-1.448432921817112362e+00
-1.380274612058624673e+00
-1.522646341174276774e+00
-9.770682355817226217e-01
-1.139345525360529354e+00
-1.418264469750813550e+00
-1.229931583015034580e+00
-9.045613887488248572e-01
-1.283682687389447796e+00
-1.587494425410856724e+00
-1.100214134743918937e+00
-1.462242843779615331e+00
-1.302574541613556125e+00
-8.989810631399142160e-01
-1.366533831583716552e+00
-1.286429009728671691e+00
-1.118889081680731312e+00
-1.198750694586725007e+00
-1.151213203639951832e+00
-1.105404094695126904e+00
-1.429223471547235835e+00
-1.368390285353602298e+00
-1.191186982617655321e+00
-1.479574950446963744e+00
-1.231876887996652403e+00
-1.083085348461648056e+00
-8.693842000811327075e-01
-1.183285926367970919e+00
-1.252459326577689769e+00
-1.121618600580792435e+00
-1.023782535589374820e+00
-9.733774621122930348e-01
-1.142564076138402829e+00
-1.188765103820554447e+00
-1.548466038336954842e+00
-5.495622645919380211e-01
-1.122768474483241352e+00
-1.050910825609364441e+00
-1.053878402679508941e+00
-1.072629613492941392e+00
-1.137077703069437451e+00
-1.416981746343207949e+00
-1.213631801820075129e+00
-1.565626477742477096e+00
-8.695221121204821380e-01
-1.836851204510726365e+00
-9.316414010946627577e-01
-8.362944720434737356e-01
-8.945965200491312608e-01
-1.538947985839510313e+00
-1.145689748897912086e+00
-1.113043626550851872e+00
-1.223160882135801319e+00
-1.066441906629880254e+00
-1.420896451549009232e+00
-1.012420355641307612e+00
-1.500097438239994307e+00
-1.128029337544756761e+00
-1.463375300724142125e+00
-1.208412044150688036e+00
-9.669035935415419836e-01
-1.557914089796956336e+00
-9.377520345987631067e-01
-1.447237875719663780e+00
-1.171861759961569494e+00
-1.016313433292851398e+00
-8.532304033520472508e-01
-1.072472379241592666e+00
-1.022911260740084760e+00
-1.167420023000691476e+00
-9.089260119294846341e-01
-1.271659211590236982e+00
-1.307599645681190470e+00
-1.049075915632319056e+00
-1.264467715157647110e+00
-1.129094840858823279e+00
-1.255330468209549633e+00
-1.200987424908742884e+00
-1.301273999759740452e+00
-1.488103349656964003e+00
-8.460738482171739072e-01
-1.169991681368375058e+00
-1.186358391112762423e+00
-1.325518953662080168e+00
-1.320459521243809053e+00
-1.345470216727488566e+00
-1.273394503311342962e+00
-1.158259997236566807e+00
-1.081557722154391943e+00
-1.006751058295602963e+00
-1.006759473338793232e+00
-1.019754875587985499e+00
-1.214635557048196812e+00
-7.810438406147732771e-01
-1.151411030879668562e+00
-9.902295595706154252e-01
-1.167831405264230238e+00
-1.559274993710165536e+00
-9.204240668945193882e-01
-1.208154823353709606e+00
-1.136391105516488143e+00
-1.455494110133511487e+00
-9.058146541793559159e-01
-1.263323269306529273e+00
-1.100987925160496150e+00
-1.504005672889779266e+00
-9.756548330459406948e-01
-1.363906789821664578e+00
-1.018828469144761772e+00
-1.431231020095698359e+00
-1.751378075390757960e+00
-1.487240536096129606e+00
-1.015795392210354198e+00
-1.287894017126190338e+00
-1.564169554858903854e+00
-1.358799935396640013e+00
-1.470212683587178493e+00
-1.158672058216375422e+00
-1.301502998738254480e+00
-1.223696104939876239e+00
-9.563999438446786350e-01
-5.754300610968035024e-01
-1.409451735304273701e+00
-8.619546265813622377e-01
-9.915636184654954555e-01
-1.316954218854423875e+00
-1.467448493924024877e+00
-1.094099834917181102e+00
-1.129199295576495121e+00
-9.543909899083939941e-01
-1.431210011115287006e+00
-1.244404504494511787e+00
-8.932430330802003660e-01
-1.313532789173127657e+00
-1.038216408954671710e+00
-1.205496454967439401e+00
-1.127992681142938824e+00
-1.392178389350505530e+00
-1.274759610277542254e+00
-7.392568105382586463e-01
-1.701171508508477093e+00
-1.412054098994570683e+00
-7.125781228838072856e-01
-1.088630753912998461e+00
-1.237933052853084082e+00
-1.050099871920045391e+00
-1.218238006533184592e+00
-1.911043882952295991e+00
-1.282501017699314350e+00
-1.298824162056384512e+00
-1.168805538106081787e+00
-9.041673965859016171e-01
-1.070893445457262505e+00
-1.167136605518618087e+00
-1.013850425367895713e+00
-8.831819878138600366e-01
-9.711564333611701905e-01
-9.402043689335788379e-01
-1.123156601471944516e+00
-1.313549382403107035e+00
-1.125043299574980171e+00
-1.426705734432762274e+00
-1.256454279015180919e+00
-1.370740439626488172e+00
-1.373899318156756255e+00
-7.257376316009538364e-01
-1.182267034078048784e+00
-1.103764665054182803e+00
-1.307532858546825327e+00
-7.250913414815909341e-01
-1.316872502344179185e+00
-9.870238970123748068e-01
-9.536961428492003456e-01
-1.522193723068547389e+00
-1.421911320962785386e+00
-1.183449250571247280e+00
-1.231140172326160798e+00
-9.918578290444668433e-01
-1.117581328413543407e+00
-8.496799190938166824e-01
-1.207416458209980892e+00
-9.020462900049861510e-01
-1.195648361418545580e+00
-1.144682645032006452e+00
-9.939382511351593230e-01
-1.203458671137122682e+00
-1.085394509140553243e+00
-1.793934414317434278e+00
-1.609290786242372651e+00
-1.220533937079768538e+00
-7.341608466573217306e-01
-9.700880252840033968e-01
-1.396956327157508060e+00
-1.027546739011836241e+00
-8.911308249307734464e-01
-8.131416534082629433e-01
-1.296197576030988063e+00
-1.620404891697152738e+00
-1.452085018989031528e+00
-1.363243118111139740e+00
-1.770617535240760265e+00
-1.176815329887457739e+00
-9.746933711279841539e-01
-9.793340343329632880e-01
-1.381172878762502609e+00
-1.422281845200207062e+00
-1.537010271317349686e+00
-1.087655163940827396e+00
-1.566851320961188510e+00
-1.271301765763486191e+00
-1.077630494937729555e+00
-1.055133738475678928e+00
-1.177284548547636422e+00
-1.238999338725573995e+00
-1.519584767691171567e+00
-1.292016482487956086e+00
-1.089841171198390857e+00
-1.162092045655083172e+00
-1.098862018102814364e+00
-1.613011243066413858e+00
-1.574986222374516576e+00
-8.911926647411214653e-01
-9.304562657863439945e-01
-1.303067057481027025e+00
-1.461186188904008976e+00
-1.335443793827931547e+00
-7.916994114831976681e-01
-1.868429404144120287e+00
-7.856827287013392613e-01
-6.790886909233404545e-01
-1.302179471409175893e+00
-1.384633524266645654e+00
-1.566014034668026245e+00
-1.017853874498545697e+00
-1.091866512799601896e+00
-1.277642155991316475e+00
-1.142294494458415688e+00
-1.170406685919350043e+00
-1.451123157116353202e+00
-1.030365895768529771e+00
-1.414510124513956857e+00
-1.206998076577509682e+00
-1.055480939437395183e+00
-9.981876974932082369e-01
-1.048130264859051142e+00
-9.840461973031371379e-01
-1.537173064877205508e+00
-1.246553059721384304e+00
-1.320393747742274915e+00
-1.185361959437667867e+00
-1.038074685959682553e+00
-9.021225529661305309e-01
-1.362006145900592546e+00
-1.755938643531113730e+00
-1.156773009073600367e+00
-1.181742869245681948e+00
-9.767182962243077249e-01
-1.666513713873176261e+00
-1.036142678095686609e+00
-9.350538087215523042e-01
-1.137301626308979241e+00
-1.042432416222144109e+00
-1.272842505955548820e+00
-1.040746064735860177e+00
-1.504736923468140919e+00
-1.351972285061482371e+00
-1.053380416082302151e+00
-1.271024477830348776e+00
-1.209817638738183820e+00
-1.172353519479831352e+00
-1.485827690020823599e+00
-6.742926662150492412e-01
-1.249231139654988443e+00
-1.151792550195292808e+00
-1.081455187643371563e+00
-1.022447144880072489e+00
-1.173389653237709940e+00
-1.605411991383153936e+00
-1.496678957325681569e+00
-1.274316083654629228e+00
-9.713467346783350997e-01
-9.163697465680038512e-01
-1.204742423471335311e+00
-1.111333866690966676e+00
-1.407779271105973340e+00
-1.117936880890223694e+00
-9.931736967635136359e-01
-1.313474255874858887e+00
-1.424188013829845278e+00
-7.679813387699465643e-01
-1.094698050646610188e+00
-1.387696025493891927e+00
-7.747238794171207310e-01
-1.163634996200443528e+00
-1.101215674859429061e+00
-8.253594264558370419e-01
-9.153905972740798980e-01
-1.011364648967252311e+00
-1.326056492274350962e+00
-9.762831561229430299e-01
-1.235580334867352637e+00
-1.006872026676003617e+00
-1.114604680163667982e+00
-1.234034114082600997e+00
-1.104343869438619841e+00
-1.313121713739033414e+00
-1.446039625058592737e+00
-1.193743844087361783e+00
-1.439715871170318184e+00
-1.291751197800000472e+00
-1.220618737081732963e+00
-9.997450716384617131e-01
-1.233803723471482261e+00
-1.325027738737322824e+00
-1.009772277778428151e+00
-9.797824192781345864e-01
-6.043210425230864935e-01
-9.267309097032847554e-01
-1.223054109917307120e+00
-1.304731070911320234e+00
-1.468424214800660099e+00
-8.105206541561558176e-01
-1.322472020739166698e+00
-1.238447737031119988e+00
-1.509693117860035461e+00
-1.050116925242687405e+00
-1.362553364894497410e+00
-1.779497311025104000e+00
-1.249032725956610523e+00
-1.185845036497472638e+00
-1.219698265295406703e+00
-9.729410547547741039e-01
-1.008238343986057384e+00
-9.786090681820032167e-01
-1.140223331883735813e+00
-7.918327536641283082e-01
-8.377620049211143005e-01
-1.020642457057942654e+00
-1.335811320186238493e+00
-1.262358974644183451e+00
-7.961869659189244608e-01
-1.624223511163546352e+00
-1.299406852948497448e+00
-1.052371329810345646e+00
-1.086222114667183991e+00
-1.111387635998618340e+00
-1.109575853297279924e+00
-7.690701047427421777e-01
-8.344914492380621773e-01
-1.520257574900835795e+00
-1.124847514454298647e+00
-1.040788067188512134e+00
-8.639802376332288425e-01
-9.642122167465143612e-01
-1.375343921852558271e+00
-1.418248930330506585e+00
-1.344302402555396458e+00
-1.003218161388057528e+00
-1.048409752321920241e+00
-1.266890930528731918e+00
-1.076243073907406700e+00
-1.158524620554260753e+00
-1.342189127199457932e+00
-9.946211532208839579e-01
-8.307351207239723756e-01
-1.028544940224695114e+00
-6.121946692537503232e-01
-1.126109479230998023e+00
-1.092074754856693364e+00
-1.102936396031335864e+00
-1.185172220417773037e+00
-1.375317121345219551e+00
-1.219729218170553242e+00
-1.179162677928240033e+00
-1.469767744993341285e+00
-1.062397318571272731e+00
-8.573868432192068845e-01
-1.111489263174743503e+00
-1.261129956423414189e+00
-9.295767459141281996e-01
-1.679244894436515256e+00
-8.858456663373641682e-01
-1.602306829808445077e+00
-1.282677461472911506e+00
-9.137525106763075833e-01
-1.018957970133499646e+00
-1.131784946293449057e+00
-8.694392727082989047e-01
-1.060809176803662712e+00
-1.038841444644756695e+00
-8.729486398177397355e-01
-1.325261557816725944e+00
-9.900617118888175305e-01
-9.354970285673087638e-01
-1.227210261396333824e+00
-1.534759828461926379e+00
-7.571644113011370969e-01
-1.480725026544210454e+00
-1.246198409475429703e+00
-1.117391757345075565e+00
-1.140117267557581915e+00
-1.379507307012449946e+00
-1.094145088100241470e+00
-1.288014889110467909e+00
-1.043853699364508447e+00
-9.993148802428568622e-01
-6.267089828354461822e-01
-1.033420239611082980e+00
-1.742829937610015367e+00
-1.360399816626081115e+00
-1.015094263873031810e+00
-1.093627214481483367e+00
-1.654998993822222264e+00
-7.636261787209162044e-01
-1.078091401548967543e+00
-8.474455936510705278e-01
-7.005773551089409246e-01
-1.074975475683539461e+00
-1.366730403491100976e+00
-1.036966420417475110e+00
-1.066730027562929894e+00
-1.238669182792398349e+00
-9.336017924327077999e-01
-1.219630194553112279e+00
-1.318488785269526620e+00
-1.394838895041056848e+00
-1.394535156515097629e+00
-1.336734308571398078e+00
-9.198404605577903403e-01
-1.323783756233997355e+00
-9.892082002944744268e-01
-1.357663101461089372e+00
-1.010297998942693898e+00
-1.272572933532515993e+00
-1.258701133930177907e+00
-7.167305780204995536e-01
-1.132226407717351169e+00
-8.558752292718705412e-01
-1.181475755537104266e+00
-1.151811172365107883e+00
-9.258571507546062840e-01
-1.147251062183354708e+00
-9.832948428301198085e-01
-1.283587259081724330e+00
-9.138596422071469938e-01
-1.424697203563731751e+00
-1.185335894862305839e+00
-1.197680499925273256e+00
-1.461376965999772626e+00
-1.158009087538129922e+00
-1.377495782190220286e+00
-1.088961755254839847e+00
-1.124861740064190929e+00
-1.281072262139329343e+00
-1.213119247391699407e+00
-1.240757072081795531e+00
-8.053405771868136220e-01
-1.405775892500547020e+00
-1.226051981295999571e+00
-1.032087223144824595e+00
-1.489119199318313935e+00
-6.408537841351429343e-01
-1.097096192081928212e+00
-9.738930807397250256e-01
-1.529593068162381275e+00
-1.522281681393007791e+00
-1.513096539087513737e+00
-1.261261714570505621e+00
-1.218429240658462920e+00
-1.117407175820762877e+00
-1.638366671802055752e+00
-1.447435027187591761e+00
-1.680367687451451264e+00
-8.905134411409005857e-01
-7.851757498801501534e-01
-1.474662068592654141e+00
-1.406924816712557647e+00
-1.497743518172234278e+00
-1.200247929372587397e+00
-1.165055965811678806e+00
-1.433175308031750195e+00
-9.421125447496163652e-01
-1.306813425521769378e+00
-1.712938804279780403e+00
-1.274564632973149703e+00
-1.252917922458156585e+00
-1.144465174075448122e+00
-1.452836848303384887e+00
-1.186754871184991789e+00
-8.144465654386832121e-01
-1.079513454970890241e+00
-1.094219202109155464e+00
-1.494784792320761557e+00
-1.377504436102452434e+00
-1.562803180590222940e+00
-1.110028519209603548e+00
-1.118925587254321119e+00
-1.209301130746038400e+00
-8.693867037979621237e-01
-1.198815891779400733e+00
-1.218732188707840169e+00
-1.277702731394541491e+00
-9.895750612709517391e-01
-1.269245732923220960e+00
-1.302437776217889809e+00
-9.527517426237861464e-01
-9.287640920513635656e-01
-1.198671800721845759e+00
-1.221987375430988454e+00
-1.372104264794363093e+00
-1.149043844241032009e+00
-1.508671448136372550e+00
-1.319625291104007392e+00
-1.146552246643420592e+00
-1.536853562831439479e+00
-1.212424070540532473e+00
-1.073034422450487302e+00
-1.014945456464865448e+00
-9.460096737234562347e-01
-1.327116986027013557e+00
-1.228534343668397089e+00
-1.811975609747446203e+00
-1.034578273117130909e+00
-1.048506935433303422e+00
-1.588578653889389347e+00
-1.318839696039692644e+00
-1.022751071728699390e+00
-1.221312779293690642e+00
-1.403333217470291050e+00
-8.794585002012849095e-01
-8.845931328680056716e-01
-8.332501514474555115e-01
-1.009314729078770956e+00
-1.322646050126455197e+00
-1.302305818054119602e+00
-1.170786652431946795e+00
-1.187155985465115027e+00
-1.512660347156260077e+00
-1.290692821070877461e+00
-1.387796052753941911e+00
-1.298708760266191309e+00
-8.563412504163747663e-01
-9.979179989262871864e-01
-6.989087848126380731e-01
-7.850853728553750521e-01
-1.078530882163829308e+00
-8.156954482825331532e-01
-1.477069453118130316e+00
-1.388848550014892158e+00
-1.296771979532970409e+00
-1.139089579347491554e+00
-1.498580895133688973e+00
-1.295676952819900141e+00
-1.057336800734639315e+00
-1.513645189369850375e+00
-1.090644140252149175e+00
-9.398615851410991873e-01
-1.546340691357638963e+00
-8.561566880023616655e-01
-8.967378910427261651e-01
-9.609362954877807006e-01
-9.768150138941371630e-01
-1.328928656374980921e+00
-8.347106512621782493e-01
-1.282586662355197138e+00
-5.567659598487346706e-01
-1.212739878356434264e+00
-1.154276395456524273e+00
-1.218009689108996429e+00
-1.289350829747992311e+00
-8.754198816416445261e-01
-1.280659007733664811e+00
-6.476737161944439158e-01
-1.024210113850593462e+00
-6.269158985188600930e-01
-1.599850681551405973e+00
-1.439012216449964132e+00
-1.018723117254986210e+00
-3.509827915858605984e-01
-1.014974919149541410e+00
-1.366023775876545887e+00
-1.190190000241085233e+00
-1.500205345622053432e+00
-1.223914087948120955e+00
-1.070375972757674266e+00
-1.408728780786514978e+00
-1.414296864791577679e+00
-9.994517573327823534e-01
-1.109929450204033774e+00
-1.049740475687297891e+00
-1.092737422401953484e+00
-1.321277751842619086e+00
-1.376528048244779701e+00
-1.379900742282825110e+00
-1.141222662863146997e+00
-1.421182047274978988e+00
-1.134983139049904555e+00
-7.974570346013476474e-01
-1.127068990064931331e+00
-9.384914924095597577e-01
-1.506784992618183328e+00
-8.326027761065728505e-01
-1.541888400830508932e+00
-1.197387792418699082e+00
-1.057964551557436739e+00
-1.285287117865366202e+00
-6.698906178759540531e-01
-1.705875102402352628e+00
-1.426295218145082533e+00
-1.433871304916288114e+00
-9.439226239962548171e-01
-9.712658322175813375e-01
-1.213153509851914169e+00
-1.213334073519199752e+00
-1.181610113180490362e+00
-1.041657619920354438e+00
-7.772175714109832434e-01
-9.615006764345612744e-01
-1.378122956146694111e+00
-1.102180622222477258e+00
-1.378722298478092245e+00
-1.265917649123285305e+00
-1.652691449371993304e+00
-1.141416347771337048e+00
-1.075864500948015223e+00
-1.064926759489918329e+00
-1.304897228951955146e+00
-1.299014678091819253e+00
-1.193688095182136255e+00
-1.313485331329900863e+00
-1.126922859843720648e+00
-1.190441658792555035e+00
-9.881324046158721508e-01
-1.200698847046574702e+00
-1.161620433265138974e+00
-9.828514657818385736e-01
-1.221037449019439780e+00
-8.108206666597559398e-01
-1.520480302532430716e+00
-1.193332089133193552e+00
-1.276636003409376219e+00
-1.370141046094240256e+00
-1.360513400993309308e+00
-1.099527380217552253e+00
-1.265710221754247744e+00
-6.298356585634725668e-01
-5.879647684454920586e-01
-7.820176422849276499e-01
-7.674961142083458476e-01
-1.555346731562015083e+00
-1.279088784402029777e+00
-1.066252778436269200e+00
-1.001933279610572658e+00
-1.537457071457990043e+00
-7.528360322843536956e-01
-1.301532751099504726e+00
-1.109481877217515677e+00
-1.496465167358075110e+00
-1.019563764697601460e+00
-1.399354543851455634e+00
-1.663204739347730499e+00
-1.602852803005316407e+00
-9.169386292312575737e-01
-1.728450127492305644e+00
-1.202170600753060814e+00
-1.257182977522200762e+00
-7.793702776935842458e-01
-9.718659309793094003e-01
-9.371390895449072111e-01
-8.805819762190822964e-01
-9.746406570990697737e-01
-1.246847581913169467e+00
-1.282281376786830851e+00
-1.084687407567898720e+00
-1.213888416164117690e+00
-1.103511474328879860e+00
-8.834354912532416115e-01
-1.207882520360911816e+00
-1.114244786659430719e+00
-1.348578156650404924e+00
-7.764137967005546592e-01
-1.174885296193931783e+00
-1.344666769132782935e+00
-8.942069573184423525e-01
-9.510459093844425560e-01
-1.445619995579804584e+00
-1.403700819568623803e+00
-8.759705411624882920e-01
-1.440738343405858490e+00
-1.232399825663688109e+00
-9.174162915254737705e-01
-1.664111505857647888e+00
-1.334196469551390596e+00
-1.233381002968780837e+00
-1.466081509376409020e+00
-9.386017655658975833e-01
-9.984314180540221351e-01
-1.184277663789526702e+00
-9.705529660808989156e-01
-9.924615433958803301e-01
-1.273763664906664150e+00
-9.136649629935189587e-01
-1.276439690594433518e+00
-9.800156639497150657e-01
-9.322494196926638388e-01
-7.488763753044218596e-01
-1.654818765876204356e+00
-1.369274903775267394e+00
-1.451870425366980744e+00
-1.018294567427052488e+00
-1.266733268518454469e+00
-1.010972697010072086e+00
-8.125120183046115052e-01
-1.545216782287117230e+00
-9.271603043908114294e-01
-9.594520511354756032e-01
-1.054539150657543889e+00
-1.207769297346235948e+00
-6.952533834308192162e-01
-1.337197709039923854e+00
-1.171920602574467285e+00
-1.645528451492279221e+00
-1.098043174343537931e+00
-9.782508522584270061e-01
-1.523644910189612123e+00
-1.239087152954678306e+00
-1.480691312514299529e+00
-1.041709527554300241e+00
-6.479800921468137354e-01
-1.341393014935493344e+00
-8.420730567015479728e-01
-1.189256136063573610e+00
-1.938407690684624374e+00
-7.347581744071702836e-01
-1.083294517593579531e+00
-1.684045394739588364e+00
-1.422873542956822224e+00
-1.111417724072670143e+00
-9.485374536659834099e-01
-9.810112351455591018e-01
-7.885289847092491478e-01
-1.428979435495972172e+00
-6.392667922433905581e-01
-8.566885260436358784e-01
-7.540836660412275627e-01
-9.542101183794362562e-01
-1.396302305503006824e+00
-1.236704148718406504e+00
-8.646371742089749013e-01
-1.036384423777637398e+00
-8.364135859322954225e-01
-1.395602743933860967e+00
-1.361485799181391787e+00
-6.624667110484243615e-01
-1.212331513089335733e+00
-1.241659406114874020e+00
-1.434679909692988975e+00
-7.091255346602953757e-01
-9.708743424875465600e-01
-1.416648205793855642e+00
-6.626276038151073244e-01
-9.519826786414040676e-01
-1.016188480502720370e+00
-1.020344468783396241e+00
-1.358480070289286079e+00
-1.783887290309881468e+00
-9.049593415675230013e-01
-8.073521804013625847e-01
-9.046884469124063521e-01
-6.887462220519222633e-01
-1.510500462639516872e+00
-1.614012124027749184e+00
-8.039935384398373408e-01
-1.416499025598551231e+00
-8.592130726154540987e-01
-8.222140865382283614e-01
-9.779085289823830074e-01
-1.030238059869635681e+00
-9.976837560455984466e-01
-1.323424911041105378e+00
-1.331151203135114702e+00
-1.452732121239567409e+00
-1.451530488034631805e+00
-4.765897520729134862e-01
-7.672352958087391706e-01
-1.290422982233622395e+00
-1.179936435167523445e+00
-1.386626322508567544e+00
-1.351162884727152846e+00
-1.178916287231022597e+00
-1.355948128644105299e+00
-9.674618405406616439e-01
-9.507865025030679540e-01
-1.186330166250187279e+00
-1.115798565087068983e+00
-1.153823825035037220e+00
-1.754882180524564905e+00
-1.263165282651570909e+00
-1.922717585804090579e+00
-1.310551450290160513e+00
-6.659630194897840916e-01
-1.369922874662134138e+00
-1.345437598388408151e+00
-1.237857778193852898e+00
-1.291331113303439526e+00
-5.318563876561026582e-01
-1.072096055953278171e+00
-9.216385861707760974e-01
-1.372645362523951196e+00
-1.134263703992609340e+00
-1.649550814152253242e+00
-6.606287327451032532e-01
-1.658463318424967969e+00
-1.038819893326821120e+00
-1.564659959079037765e+00
-1.347922519060383184e+00
-8.783352838986897559e-01
-8.842276057563300817e-01
-1.301753101339589325e+00
-1.151942244457142994e+00
-1.292648645052328238e+00
-1.280537886449604645e+00
-1.405494097109365459e+00
-1.320702014786583778e+00
-1.016528754727153316e+00
-1.107259430993579929e+00
-1.030692576056122522e+00
-1.489940396960346636e+00
-8.619365557689602220e-01
-7.630729858965441537e-01
-1.639582708457166138e+00
-1.093934935427733013e+00
-1.455501832353331526e+00
-1.189261036340893529e+00
-1.528781668157137563e+00
-9.816797563563608442e-01
-7.366549675116620399e-01
-1.205810897063149145e+00
-1.390674728025804274e+00
-1.306578654806071160e+00
-1.349865206066983792e+00
-1.211998825854895490e+00
-9.329897096742745255e-01
-7.871468449498419950e-01
-1.291564306463055534e+00
-1.393769837562985447e+00
-1.264684722850578869e+00
-1.227573193886837277e+00
-1.094484434995465438e+00
-1.345635824376297141e+00
-9.310119118016797479e-01
-1.305637248034220210e+00
-1.442142865606595326e+00
-9.033307881997925115e-01
-1.389091865686527871e+00
-1.202278701085635948e+00
-1.549234833697437086e+00
-8.808750292586577935e-01
-1.710657383131089393e+00
-1.215702077255653268e+00
-1.145039576547365545e+00
-9.437717479950333832e-01
-8.237579435747730550e-01
-1.519202061803565318e+00
-1.287058465080900493e+00
-1.425957162168423498e+00
-1.031998690648042061e+00
-1.100027688207096066e+00
-1.248126005751706291e+00
-9.463305448466639014e-01
-1.185097761163721675e+00
-1.503928834132605363e+00
-1.271621367705418226e+00
-7.033096512909051690e-01
-7.975956734466191911e-01
-9.078019271995541040e-01
-1.073011341894862358e+00
-8.705177948573035174e-01
-1.263046301608194977e+00
-1.294680315066952137e+00
-1.109565168242401700e+00
-9.447069976636037758e-01
-9.103131079934994041e-01
-1.095491609906855235e+00
-1.370250513504526868e+00
-8.556166980398862698e-01
-1.178974932372188977e+00
-1.435460436760874092e+00
-1.367111505676217309e+00
-1.558195771889768100e+00
-7.440242683073674534e-01
-1.211081057539179273e+00
-1.096389983084880004e+00
-1.182289736672011760e+00
-9.062959751163472966e-01
-7.794273572822345564e-01
-1.133492997012837566e+00
-1.540337933870759901e+00
-1.355814601030072897e+00
-1.162823893909337603e+00
-1.010771540930367696e+00
-1.178037331990968273e+00
-1.494043533666097989e+00
-1.056718241778970668e+00
-9.844886905481726735e-01
-1.645556159454660605e+00
-1.502144793106623855e+00
-8.951697068970543292e-01
-1.249316854822585032e+00
-1.088377143751845022e+00
-8.143708204580595300e-01
-1.335355425856790124e+00
-8.626261002675872369e-01
-1.338455614576162578e+00
-1.228554732511935033e+00
-1.473081059926489633e+00
-9.256264685358046584e-01
-1.082590266531070267e+00
-1.100417541044873548e+00
-1.561802927697997223e+00
-1.333316364416138544e+00
-1.266981858739467004e+00
-6.299605165656214645e-01
-1.168968840883423344e+00
-1.147667181913363255e+00
-1.295938475203894047e+00
-1.904066442460120800e+00
-6.213234482299445638e-01
-1.156625091759647450e+00
-9.762124321824967588e-01
-8.557204467788079860e-01
-6.681886666419143417e-01
-1.186684239521234918e+00
-8.140941665350323042e-01
-1.288560579774870707e+00
-9.661323748239181164e-01
-1.424916946980165466e+00
-1.377599306718881866e+00
-8.473782123737625405e-01
-8.931556568883149971e-01
-9.721903699627643114e-01
-1.420446731346615810e+00
-1.024696521161864826e+00
-1.810075005799302250e+00
-6.375863588325434428e-01
-1.371026954448148150e+00
-1.422522080670387101e+00
-1.493461215885198090e+00
-1.419328831789890888e+00
-1.441488750695743892e+00
-1.496694894983062074e+00
-7.542139700344070441e-01
-1.063614093178108622e+00
-1.084110069292659961e+00
-1.065850136372472168e+00
-1.077073557194517139e+00
-1.108052423997901048e+00
-1.392865954949553231e+00
-1.117340416567647265e+00
-7.420128514171993039e-01
-1.063152153696439672e+00
-1.392245596254552797e+00
-1.703568064724131137e+00
-1.398375541980082293e+00
-1.026002519206674624e+00
-8.903103283666440326e-01
-1.178224792940568921e+00
-9.884515835281697527e-01
-9.160155248859145338e-01
-1.496393642854233708e+00
-1.343310436959381793e+00
-7.953173515203499910e-01
-1.762413464302366339e+00
-1.293362439477800496e+00
-8.378802172374055779e-01
-7.050511315506544641e-01
-1.279394857172232225e+00
-1.612940289693999052e+00
-6.772562273308673220e-01
-1.024883551398599213e+00
-7.630228520305775142e-01
-6.506116546929487932e-01
-7.909286442093628189e-01
-9.630063557109065364e-01
-1.361224207841275291e+00
-6.449744648371873446e-01
-1.446450890039433279e+00
-9.522340347857150000e-01
-1.056611447994985742e+00
-1.298219073339364815e+00
-1.000631829291795061e+00
-1.193053528489653292e+00
-1.455066907761516593e+00
-9.615535671088264458e-01
-7.279135661269156010e-01
-7.609122002655728245e-01
-7.951459460200669405e-01
-1.074655252891926427e+00
-9.420347457036366556e-01
-1.418469643094799171e+00
-9.448589793754789135e-01
-1.303861914925978471e+00
-1.645127567969940419e+00
-1.215306770103769640e+00
-1.298559389123660868e+00
-1.017184478933746750e+00
-8.816901817067841485e-01
-1.437652366892653522e+00
-9.964808368268252003e-01
-1.201979621788819674e+00
-1.074453311937201949e+00
-1.384561715456964937e+00
-1.469084736774814548e+00
-9.873357608591715184e-01
-7.628092031508590942e-01
-1.139487467855496039e+00
-6.908407309439223987e-01
-1.097661222207419573e+00
-8.957507574804401962e-01
-1.282901915966523365e+00
-8.326440078252983490e-01
-1.194730421862300052e+00
-1.470264534293772574e+00
-1.205276380904689137e+00
-1.408435637720418132e+00
-8.232979932293251757e-01
-1.281745432711844490e+00
-1.105459144932151805e+00
-1.323450214841753070e+00
-1.111975805414435303e+00
-1.283478837893082147e+00
-1.118827529380812980e+00
-9.375195238341196280e-01
-1.576149398963771819e+00
-8.015544939004333180e-01
-1.207749485889540342e+00
-1.170806254471392638e+00
-9.887682658498353483e-01
-1.331100733392045488e+00
-1.374801982488531582e+00
-1.645700905208432818e+00
-1.520024390271335069e+00
-9.243445998678088138e-01
-1.086839251101438197e+00
-1.440636943707862105e+00
-1.116348858996996984e+00
-1.247996486987166254e+00
-7.306403008422432954e-01
-1.190113670145639180e+00
-1.724320637068910589e+00
-1.088981609811537243e+00
-1.294939722529676818e+00
-1.111837216417253860e+00
-1.452420777574757071e+00
-1.431908286120919360e+00
-1.285296984947788435e+00
-1.172492840531934366e+00
-1.224088678161724619e+00
-7.381734820751728599e-01
-1.078055893656810316e+00
-8.727654673983917810e-01
-1.282577564881498322e+00
-1.677062361672821300e+00
-1.300955045175865354e+00
-9.704613678541043065e-01
-6.517628740237921825e-01
-1.368952145527178477e+00
-1.599785943561248036e+00
-1.185290946822771918e+00
-1.117579937627962483e+00
-1.234817590281583666e+00
-8.964617565602392979e-01
-1.378640875057641768e+00
-9.250831552238918398e-01
-6.940087551460121240e-01
-8.906709687346148208e-01
-1.525316894768299125e+00
-1.085258528105928821e+00
-1.156712429371378636e+00
-1.196019795771159355e+00
-1.623863147226896064e+00
-1.269755554074489812e+00
-1.111617733417425757e+00
-1.295081679514485717e+00
-9.099992230058835396e-01
-7.944568000128460206e-01
-7.244819544634677477e-01
-1.193077230463817973e+00
-1.260318618091144760e+00
-1.342759001432977772e+00
-1.033870789150772129e+00
-9.810992607082735795e-01
-9.246924096886997013e-01
-1.172229338283724775e+00
-8.604955040997048776e-01
-1.206066073960139651e+00
-1.433150405207765932e+00
-1.478812102308778353e+00
-1.151150806411291416e+00
-1.138105916374908322e+00
-9.173735871218693383e-01
-1.261242060805717546e+00
-1.882289381736545142e+00
-1.084251323263427214e+00
-9.128004475064588341e-01
-1.290563400018112095e+00
-7.111982834986041446e-01
-1.588572578067598773e+00
-8.037117778903781762e-01
-1.182775985833439680e+00
-1.053955622154792326e+00
-1.106277021362748858e+00
-8.588497786162627712e-01
-1.732447354629439662e+00
-1.118936195556099467e+00
-1.371609650727393603e+00
-1.025175739998282598e+00
-1.310660749742166065e+00
-1.247675397885614768e+00
-9.222103060313142642e-01
-1.154162266217721555e+00
-1.118700254357410717e+00
-1.578001768999844234e+00
-1.271984192414180814e+00
-7.296968663837088975e-01
-1.249619755606687921e+00
-1.308691872299352799e+00
-1.479969032760664494e+00
-1.572673879167670652e+00
-1.151987074875645778e+00
-1.363283048017664090e+00
-7.619364868159075321e-01
-9.742266324534267774e-01
-9.881836100574408199e-01
-8.711283745073399309e-01
-8.683649211976214310e-01
-1.249469226537752053e+00
-1.074647701716911374e+00
-8.149294415797183611e-01
-1.126350330925401710e+00
-1.170272213184647914e+00
-1.053280255298748802e+00
-1.005046783560619605e+00
-1.097091060472596968e+00
-1.104390246580596813e+00
-1.488079522944485422e+00
-1.485747282760020216e+00
-1.228950098228456245e+00
-2.729951323082251968e-01
-1.251211881734246578e+00
-1.252572005217880591e+00
-1.442721633557038974e+00
-1.606221194927336615e+00
-9.443590019421219672e-01
-1.333151548882220983e+00
-1.356256511860213454e+00
-7.984799876921937489e-01
-7.931117726497203257e-01
-1.572934168820396383e+00
-1.404453292462872316e+00
-6.082880247224804471e-01
-1.278707230219652491e+00
-1.301071975154659999e+00
-1.038432938209450374e+00
-1.023986815918239035e+00
-9.161676721590166217e-01
-1.193245237882680332e+00
-1.235848425527923400e+00
-6.799765806713728988e-01
-1.029969016535105641e+00
-1.299411333504931765e+00
-1.133020337642419495e+00
-9.295876355111158951e-01
-1.142551616241011647e+00
-1.705685625738209144e+00
-1.235329883727347866e+00
-7.318295213408883004e-01
-1.109336807829301552e+00
-1.002447766757909253e+00
-1.299660829367641046e+00
-1.451416000705702647e+00
-1.033897429396447354e+00
-1.580023347915752385e+00
-1.129165901893309343e+00
-7.884198031732307932e-01
-1.186483979026700997e+00
-9.387836826579243343e-01
-9.393443815300313027e-01
-1.040945175430920688e+00
-1.151815257615780741e+00
-1.323894139596948794e+00
-1.535500139685695320e+00
-1.370242239169759291e+00
-1.158165911609702281e+00
-1.172365819594912484e+00
-1.123087696748716002e+00
-1.422589437255990408e+00
-1.326339093073511055e+00
-9.812538706796805066e-01
-5.756679913354223466e-01
-5.324864437675818074e-01
-1.156122146305254450e+00
-1.337582659245502459e+00
-7.674614329403124380e-01
-1.120808507743417781e+00
-1.098449875764771821e+00
-1.340812877830078964e+00
-1.572985518115288972e+00
-1.078064725908337795e+00
-1.301383967381430029e+00
-8.001298744593055012e-01
-1.348012996393937346e+00
-1.258450719337674162e+00
-1.276219444720347429e+00
-1.145227499844747587e+00
-1.044665004811790698e+00
-1.417420012041891386e+00
-1.139489462200419911e+00
-1.121258847525301139e+00
-7.773364472245316570e-01
-1.434570399783311689e+00
-1.289969609115257487e+00
-1.300764286113651469e+00
-1.099115902739598472e+00
-1.405776915232131774e+00
-1.015607728133762766e+00
-1.375121772675673260e+00
-1.180098921425543512e+00
-1.027436516552232337e+00
-1.104665145364056134e+00
-1.180299409847226588e+00
-1.575227673431460307e+00
-1.106115057457380590e+00
-8.316219713876944475e-01
-1.115100033140703051e+00
-7.531849311432456950e-01
-1.276752115612608041e+00
-1.512282290975982324e+00
-1.161192253126785534e+00
-1.577481303920496902e+00
-1.403268203935223557e+00
-1.127277633135076673e+00
-1.362587672782059389e+00
-1.228970051873684799e+00
-8.195860199047513284e-01
-1.197200902294039526e+00
-1.171860169759991965e+00
-1.684163513391081057e+00
-1.605780753797781069e+00
-1.127456396695692309e+00
-1.516356770913239504e+00
-1.283659814463459004e+00
-1.718630735812137988e+00
-1.092422991356340578e+00
-1.376567931473499318e+00
-1.162134498783939041e+00
-1.521761426601888179e+00
-9.963370108419984383e-01
-1.295296988455230558e+00
-1.358666390887972586e+00
-1.289496210082365923e+00
-1.093012836407244226e+00
-1.364722883848412227e+00
-9.816315899181629057e-01
-1.460191153689461618e+00
-1.120264836267932385e+00
-1.232315922913497008e+00
-1.001097268299542709e+00
-1.033166282051670937e+00
-1.439782151871103810e+00
-1.281401636227063268e+00
-1.012408278734664879e+00
-8.447301914521898603e-01
-1.370328420837747974e+00
-9.353201323024191716e-01
-1.201591105737190635e+00
-9.810301600042881098e-01
-9.977080349231921552e-01
-1.044805011809583295e+00
-1.183113669175363203e+00
-1.238844001062663569e+00
-1.351741183721426598e+00
-9.750531047557768893e-01
-8.778800538517192997e-01
-1.349748778958197892e+00
-1.398484178209514983e+00
-9.673691649443587615e-01
-1.502795677178415890e+00
-1.264371349901001640e+00
-5.348825659372526964e-01
-1.054774338987394255e+00
-1.222523864247261560e+00
-1.323852872979991435e+00
-1.413252203198652968e+00
-1.376962876444484341e+00
-1.173662800077590607e+00
-1.318652665408475588e+00
-9.067560352653285527e-01
-1.389767532136059192e+00
-7.695448051086768437e-01
-1.091262483976980224e+00
-1.059349705068211467e+00
-1.226445812010606762e+00
-1.072964567711160999e+00
-1.161067356896446245e+00
-7.909401821672283894e-01
-1.301034993209566171e+00
-1.112962731591171650e+00
-1.079130301501298295e+00
-1.084202772123387337e+00
-1.559394762443144788e+00
-1.252018393641610050e+00
-1.315040829701051184e+00
-1.176959418272990110e+00
-1.266193352170596587e+00
-1.347343582797524864e+00
-1.281559248215938585e+00
-1.008100370733061357e+00
-1.638367185255120706e+00
-1.063830391327251323e+00
-1.282692229491520397e+00
-9.381490583030154262e-01
-1.547699307664346602e+00
-1.124766180810415239e+00
-1.033177229749008053e+00
-9.350746953546971163e-01
-1.563391457234207582e+00
-1.237650069875084302e+00
-1.490335687796291442e+00
-1.604873292858581824e+00
-8.407235275124844698e-01
-1.336625518144171298e+00
-1.178239437558396885e+00
-1.106476390944067578e+00
-9.930484872140898922e-01
-1.108589899573356963e+00
-1.542240014014599314e+00
-1.754182102633177198e+00
-1.308084316313010920e+00
-1.139332518731951627e+00
-1.012224729526366662e+00
-8.989245139545407604e-01
-9.913159701005977986e-01
-1.136904473458468789e+00
-1.307633958810815233e+00
-1.382016173264471792e+00
-1.215569673349893964e+00
-7.172122846746877833e-01
-1.069497861633891933e+00
-8.836776003594413176e-01
-1.034075614982886027e+00
-1.215236905417054647e+00
-1.679885286789997156e+00
-1.216680507577793779e+00
-8.913848524696423858e-01
-1.344142938369259799e+00
-1.017042551180937782e+00
-7.313754708583499742e-01
-9.162701948022395904e-01
-1.023763462655779666e+00
-1.230365851723615567e+00
-8.831371574728703600e-01
-1.119916859713374624e+00
-1.039896567627299095e+00
-1.411912479422813949e+00
-7.591337993138940199e-01
-1.461368349056034521e+00
-1.288286410534990711e+00
-1.514755068835026197e+00
-7.298883608384127974e-01
-1.060701545302084714e+00
-1.098389398000485517e+00
-1.213509771306246154e+00
-1.090498688839464325e+00
-1.297565938924933437e+00
-8.349698330381660760e-01
-1.333775997424855309e+00
-1.168471074493379280e+00
-1.080089385357876797e+00
-5.467292914210379884e-01
-1.279999172560718268e+00
-1.321198453335548084e+00
-1.401533278691669882e+00
-1.242964628611229916e+00
-1.211113450536441594e+00
-7.987429730061124111e-01
-1.123844172848056377e+00
-1.661700297445915187e+00
-1.018008734680766469e+00
-9.394441828620245794e-01
-9.476189495633975390e-01
-1.198391576903436562e+00
-1.357564245463450892e+00
-1.530455610521034959e+00
-1.314811237329284399e+00
-1.238309910099211653e+00
-1.303961196284355584e+00
-1.044475191568686956e+00
-1.455767904404109192e+00
-1.083897400001252453e+00
-1.287167205440742368e+00
-1.236209481212210637e+00
-1.197671478414303881e+00
-1.098143852568874923e+00
-1.314631688180416536e+00
-1.332711911092860024e+00
-9.016665140096553621e-01
-9.410701052594316884e-01
-1.340849306828300502e+00
-1.456818651317739910e+00
-1.101169343838457326e+00
-1.061328475351754452e+00
-1.228753770669636314e+00
-6.862329413143481993e-01
-1.474415200363111911e+00
-1.242107446068852372e+00
-1.030516514397210148e+00
-1.353036581966126750e+00
-1.120874229357604168e+00
-1.174511449387694473e+00
-1.026491095090069638e+00
-1.261521235947310249e+00
-1.110826204136973860e+00
-1.199133992393170534e+00
-7.237923285612706259e-01
-1.039509675280566814e+00
-1.103459272290074455e+00
-1.100935139579331423e+00
-9.107986886624428458e-01
-1.353120492655695006e+00
-7.883447890844270667e-01
-7.494050419995272883e-01
-1.342224099727229447e+00
-9.726512840814476313e-01
-1.254607473849969512e+00
-1.565386116553135754e+00
-1.326392833052772335e+00
-1.558981474565400038e+00
-9.830048438514613629e-01
-1.344660781998311183e+00
-1.474738189079566997e+00
-1.055291031602575647e+00
-9.162359098227459420e-01
-1.325219139802062518e+00
-1.532909797298142696e+00
-1.223819361690761998e+00
-1.108028147182903655e+00
-9.100155237905060979e-01
-1.740981689659042875e+00
-9.689359096243816971e-01
-1.012995199873426788e+00
-5.677947481988643297e-01
-7.627160743593823788e-01
-1.734447955495302285e+00
-1.362179757053926910e+00
-9.968422793447619945e-01
-1.022088686435968174e+00
-1.173630688751221118e+00
-1.406695392235731479e+00
-1.363874289232125836e+00
-1.319479688837084996e+00
-9.584672762106447585e-01
-1.113438438610697023e+00
-1.213945055218922153e+00
-1.233873447800319934e+00
-1.269202958162726436e+00
-1.462281509044455863e+00
-1.521757576408913071e+00
-1.368126032128696767e+00
-9.381251505105203670e-01
-1.097175364145883680e+00
-1.088404348949606248e+00
-1.340783952034849680e+00
-9.466644669274413282e-01
-1.385577002871940966e+00
-1.355779592783964649e+00
-6.208445078140738538e-01
-8.595082681168304539e-01
-7.744688022233856550e-01
-1.778592415344722344e+00
-1.298831400484538268e+00
-7.579319401472166540e-01
-1.105813595614205003e+00
-1.677636330101102136e+00
-1.012220850834481656e+00
-1.191664699559208618e+00
-8.541980940851812143e-01
-9.825041330049057997e-01
-1.594533437573652623e+00
-1.353394871806007149e+00
-1.277749928491314524e+00
-1.277826954754918365e+00
-1.314792653817907553e+00
-1.042959088224435948e+00
-1.151052853808363086e+00
-9.201069455468950942e-01
-1.659691657695252065e+00
-1.077215809112001654e+00
-9.510811400482208633e-01
-1.190759933602294485e+00
-1.180372156728776378e+00
-1.107082229828165953e+00
-1.329597280356584310e+00
-1.162449842165476088e+00
-1.043579133153106131e+00
-1.389478079435950253e+00
-9.000575327654662949e-01
-1.061348915341281174e+00
-9.936585256084993212e-01
-1.407570025194602170e+00
-1.018479181989953464e+00
-1.269322969740745766e+00
-1.370893262479502273e+00
-1.322105867118562816e+00
-9.444812882328510462e-01
-1.462212885689649244e+00
-1.129980193008588873e+00
-9.518803730888021342e-01
-1.332073412106549615e+00
-9.651378797861451808e-01
-1.692677851252924359e+00
-1.192511704841648257e+00
-1.028959716963396165e+00
-1.137732964853587436e+00
-1.308177603210169071e+00
-1.194108087189679868e+00
-9.196340564745182355e-01
-1.259518839909033350e+00
-1.097467138924925312e+00
-9.952372759198380159e-01
-1.145728068714089165e+00
-1.553307069350744474e+00
-1.176441667263777635e+00
-8.477709714747265757e-01
-1.227835440972282033e+00
-9.432416079897643080e-01
-9.685963007735076680e-01
-1.038648193393602259e+00
-9.181226430751547873e-01
-1.296788021810276081e+00
-9.382832604657953546e-01
-1.352635406320324751e+00
-9.305532347172733587e-01
-1.489059995263506853e+00
-8.297967970484965150e-01
-9.035099360987186579e-01
-1.333818575275838914e+00
-6.074153909603769996e-01
-1.448134848784194961e+00
-1.143787110932497075e+00
-9.909786781064409134e-01
-1.425458185344279816e+00
-1.277796245805604247e+00
-7.295129825242629984e-01
-7.775654165259404671e-01
-1.229359672746330734e+00
-1.576275059662546330e+00
-1.555639442498958136e+00
-1.537866001760772594e+00
-9.850284341010113742e-01
-1.543480119367434344e+00
-1.626565350558170753e+00
-1.500594489880168414e+00
-8.784907756282511748e-01
-1.108861122732243576e+00
-1.044724645231618343e+00
-1.289662756502222951e+00
-1.096571056709280345e+00
-1.499937183391943041e+00
-1.081203813840979411e+00
-1.347896438454811108e+00
-1.436137793880274405e+00
-1.055827015808784797e+00
-1.031966347172332821e+00
-1.192852755654048469e+00
-1.061672861675881041e+00
-9.486711809773820114e-01
-1.353011369867463731e+00
-1.409412587899123270e+00
-1.468896330239904291e+00
-9.708947884349261592e-01
-1.060207696690721679e+00
-9.860743399990181679e-01
-1.703825576085837401e+00
-6.436971572209988501e-01
-1.124367272885063773e+00
-1.116069033046447334e+00
-7.590673523406974432e-01
-1.269488571972122504e+00
-1.551671854761889069e+00
-1.027787545477331310e+00
-7.869995800719578050e-01
-1.022875886059079864e+00
-1.287151101928075025e+00
-7.598792872696766842e-01
-1.501677799192386420e+00
-1.323734200889653767e+00
-9.758139391461821965e-01
-1.396733026136896871e+00
-1.636374085153445623e+00
-9.883596538764476414e-01
-1.083141139069550452e+00
-1.263318998908502966e+00
-1.241287922666993726e+00
-1.218692822060841952e+00
-1.296976715787007794e+00
-1.364920772555209272e+00
-8.316134355668904909e-01
-1.374194119502565758e+00
-1.319636343898459518e+00
-1.154210248346335010e+00
-1.240514315304562576e+00
-1.253265450094759093e+00
-4.296310593597181815e-01
-1.022644357433815987e+00
-1.353284054902733846e+00
-1.376895237090153490e+00
-7.745452639584624599e-01
-8.106189429573160687e-01
-1.197991045666345844e+00
-1.088421935641943339e+00
-1.177545919484505266e+00
-1.157653743569552418e+00
-9.461383187043002074e-01
-1.003710512629897966e+00
-1.281156955636941763e+00
-8.822320220686727943e-01
-1.123057869905605077e+00
-1.318034604136223198e+00
-1.219942092818705692e+00
-9.428286476794203175e-01
-9.978305449582056674e-01
-1.284443867540677520e+00
-1.426619839291032310e+00
-1.388200966662705316e+00
-1.340701378650127840e+00
-1.221886076577633151e+00
-1.509157152152429848e+00
-7.588870481589649053e-01
-1.290539151080718927e+00
-1.061252186435436062e+00
-1.205998971452804103e+00
-1.367681218850429037e+00
-1.293701439063273728e+00
-1.235574256553711781e+00
-1.375558678300250026e+00
-1.125128050760775711e+00
-1.147136341040806418e+00
-9.316502569943740930e-01
-1.368812695932208445e+00
-1.319278222292283420e+00
-1.042740797743153980e+00
-1.155594581699869838e+00
-1.245988022154368213e+00
-5.357490418770507468e-01
-1.507907630740053850e+00
-1.215182516834577786e+00
-1.347218390644608466e+00
-9.439851102544101202e-01
-1.280606445224286905e+00
-1.051047859934808759e+00
-1.125850649021356009e+00
-1.198328966301343446e+00
-1.195812621202290149e+00
-1.502494737010110715e+00
-1.218267278267973541e+00
-1.173152149378399844e+00
-8.355208930230699771e-01
-1.126105493030659321e+00
-1.052172028197514653e+00
-1.096831410203766399e+00
-1.416677638129236971e+00
-1.057913455830100435e+00
-1.073342816632479657e+00
-9.445559581223652579e-01
-1.404051005475605240e+00
-1.452588528738310902e+00
-1.012697756714775910e+00
-1.661553301755746670e+00
-1.165482361143425738e+00
-1.142323294776744991e+00
-6.268349521175378136e-01
-1.477164496790230874e+00
-1.597944328665616087e+00
-1.204344802560026739e+00
-1.392122948929522597e+00
-1.096192768791074190e+00
-9.972842099843348684e-01
-1.084651939501509066e+00
-1.451089795581339548e+00
-1.184322526734942205e+00
-1.118563656460529021e+00
-1.237729583291490076e+00
-9.680419294049156242e-01
-1.231205754113620987e+00
-1.268620820404816829e+00
-1.211627213657444191e+00
-1.116385341587655677e+00
-1.176732282851591815e+00
-1.264202716278834959e+00
-8.925984108874911449e-01
-1.051693712485255450e+00
-1.025684074360914355e+00
-1.338010682972321508e+00
-9.999105650224078268e-01
-1.108166603993684607e+00
-1.216616485287901117e+00
-1.205329515364678361e+00
-9.181442444143326220e-01
-1.102552138792635805e+00
-1.078435844211862449e+00
-1.491064297234800495e+00
-1.301190569714688383e+00
-9.204471233727145041e-01
-8.635322255752166942e-01
-1.303893547710537337e+00
-1.324475804045171845e+00
-1.252568772207840020e+00
-9.603813412686403872e-01
-8.593610937452393905e-01
-9.112004476043868983e-01
-7.095960021320073530e-01
-1.012676558037173269e+00
-1.090582069716358848e+00
-9.870323083049581392e-01
-1.526416077182699116e+00
-6.809330211137099020e-01
-1.317545832307209341e+00
-1.204138692378837749e+00
-1.327102935948798024e+00
-1.122921567425390510e+00
-1.175490058388615200e+00
-1.245003044261696612e+00
-1.151673557620938926e+00
-7.852093513690232562e-01
-1.174689824948517813e+00
-1.043292437207743451e+00
-1.032199741556726114e+00
-1.086404999257510884e+00
-8.903973097647797097e-01
-1.347191956638769117e+00
-1.222745760476151577e+00
-1.084518354125130646e+00
-1.325779530300213782e+00
-9.652210228311202123e-01
-8.172567860428476827e-01
-1.269044120360732553e+00
-8.060871866771255334e-01
-1.464308014399105407e+00
-7.521489648153880658e-01
-9.598809559018417481e-01
-1.480757006973913992e+00
-1.657217733921851011e+00
-1.125191988537157517e+00
-1.543486823574636180e+00
-1.276332032467845767e+00
-1.091449124931675119e+00
-8.923130373398220350e-01
-1.125722296327734018e+00
-1.309170591375800274e+00
-8.961811273118915899e-01
-1.405885928737632629e+00
-8.134042289112781710e-01
-1.085423183086924315e+00
-7.699385048723876857e-01
-6.957537097887711575e-01
-1.295498148635332303e+00
-1.210334612555837186e+00
-9.873362243503973623e-01
-9.600514066792116274e-01
-1.152109998752387288e+00
-1.435284424744548648e+00
-1.204754643145826254e+00
-1.422593892152230755e+00
-9.327711826686990726e-01
-1.041743386743366973e+00
-1.412714130009419922e+00
-9.596893297460522554e-01
-1.100980798245818182e+00
-1.177242617415882098e+00
-1.610398473853163370e+00
-1.008026819091636828e+00
-8.699021388559455836e-01
-1.209987136239670580e+00
-1.394371474145341683e+00
-1.022017399555633421e+00
-1.322787630292677097e+00
-1.523509902653801706e+00
-1.482940797938202326e+00
-1.372733507803158393e+00
-1.273045864403432592e+00
-1.080693656466696684e+00
-1.154886984704913022e+00
-1.219857832698526767e+00
-1.310199126003223302e+00
-1.343162393111495323e+00
-1.225352293398096482e+00
-1.150529411903626897e+00
-1.309260362896509822e+00
-1.105550591078769518e+00
-1.221211489880407175e+00
-1.310629474253673710e+00
-1.419942458824270393e+00
-9.406311024364417683e-01
-1.291476531833592123e+00
-1.455224347502853011e+00
-9.812306678897013690e-01
-1.006222613421618117e+00
-1.068476574560474734e+00
-1.479754078409368123e+00
-9.331164129167786037e-01
-1.413036016756340718e+00
-9.370338541367329022e-01
-7.843869479415599422e-01
-1.823720386010382999e+00
-1.284337235515878195e+00
-1.219192163568110221e+00
-1.322451278552334575e+00
-1.519286246192887990e+00
-9.358663190228520001e-01
-1.266950312365992648e+00
-1.183988785653899090e+00
-1.331086582326144185e+00
-1.372600086825127352e+00
-1.253939433861088748e+00
-1.521026882858838025e+00
-1.382305154698499461e+00
-1.143961379088136443e+00
-1.125639214127428733e+00
-1.068397211048879303e+00
-1.713831017652350130e+00
-6.516325528765887221e-01
-1.010141524101389354e+00
-1.307354138562349721e+00
-9.645113547139279042e-01
-1.033447014381391416e+00
-1.165966705843250129e+00
-1.181983224480964711e+00
-1.163004240243714182e+00
-1.674401741502965724e+00
-1.521796319547267462e+00
-1.030457437473689897e+00
-1.161537458793738598e+00
-1.385302460991401308e+00
-1.027186485266778693e+00
-8.640942115172731697e-01
-1.389703615066618436e+00
-1.365645398985830372e+00
-5.922654543582592801e-01
-1.042910394909896343e+00
-9.167161024438077455e-01
-1.168312870553542826e+00
-1.311516904548451823e+00
-1.094655445102571623e+00
-7.852731453819470353e-01
-1.623956183072909898e+00
-1.339499340918362424e+00
-1.053758207111958445e+00
-1.193938253417141215e+00
-1.391125123555131626e+00
-1.565049850824455024e+00
-1.488926298381681779e+00
-1.187896624935245615e+00
-1.654466894884226935e+00
-7.594823370263452667e-01
-9.363622418413339865e-01
-1.070834946921398245e+00
-1.195189765622135969e+00
-1.404615880122396465e+00
-9.455784918732494937e-01
-1.377798469202634823e+00
-1.182367748234508742e+00
-1.208761112650674097e+00
-1.024427742166555522e+00
-1.066159445354616597e+00
-8.708675139892787520e-01
-1.120525767750170321e+00
-1.111155352651147954e+00
-6.757658189216582123e-01
-1.450374579588630031e+00
-1.373841055226599384e+00
-1.016522972677283310e+00
-7.487344100991930596e-01
-1.321279177352945755e+00
-8.566255388758396982e-01
-9.558259402368318725e-01
-1.412063052930772944e+00
-9.662102541062549399e-01
-1.171734814238942324e+00
-8.036200545678853224e-01
-1.224288271249662774e+00
-1.354299437818963003e+00
-1.044960078010941817e+00
-1.065063947568927194e+00
-1.031202280986346143e+00
-9.461282381441056266e-01
-8.798174589743017471e-01
-1.160724853858287720e+00
-1.568360020630767071e+00
-1.365583339628490211e+00
-1.194004539573303436e+00
-9.255287656526083317e-01
-1.359924724455691791e+00
-9.863505280475011183e-01
-1.073494565003340728e+00
-1.424062571214762318e+00
-8.754729278157307171e-01
-1.236166806071772317e+00
-9.468620455863114849e-01
-1.474812049440308304e+00
-6.818268699698708524e-01
-9.515943273568976402e-01
-7.053233757548480476e-01
-1.417017093902832148e+00
-1.364244842898362453e+00
-1.088355112459194363e+00
-8.537217198379036809e-01
-1.532958821014176909e+00
-9.569613824879206199e-01
-1.107228763035540187e+00
-1.393131289765026981e+00
-1.321574533586133970e+00
-1.225038047066977942e+00
-8.592790084674928330e-01
-7.426682266807316246e-01
-9.425235062936292429e-01
-8.959375498096204815e-01
-1.416063878492924477e+00
-1.317674376371096745e+00
-1.283938304434340427e+00
-1.421044044819311569e+00
-1.208948839468373837e+00
-1.031775576693786167e+00
-9.695121221148927937e-01
-1.265298756897511812e+00
-1.272474555857141088e+00
-1.309071655383285293e+00
-1.007570326841385810e+00
-1.435611086027507088e+00
-7.748449876894700772e-01
-1.315888774706696740e+00
-1.160670721470655753e+00
-1.085472828967891434e+00
-1.326754630593502515e+00
-1.209562020534225457e+00
-1.160303490624361888e+00
-1.618945751829624857e+00
-1.038472074947528245e+00
-1.110159378561288879e+00
-9.576122879222155326e-01
-1.137994841976958771e+00
-5.606707393883199053e-01
-9.594168927826136617e-01
-9.564547778554275403e-01
-1.313034064932037115e+00
-1.179095678179717499e+00
-9.130506629451926592e-01
-1.067119128544256501e+00
-1.174168022147274559e+00
-1.099356086601496418e+00
-1.291894330144988334e+00
-1.658597635570768336e+00
