-2.207300889820610568e+00
-1.842796864324995898e+00
-1.588834365645685143e+00
-2.133642104271747275e+00
-2.040421008978033246e+00
-2.189091101190424826e+00
-1.477339212330744278e+00
-1.773418899849403818e+00
-2.086984307058696420e+00
-1.565996924644924793e+00
-2.039257289604368584e+00
-2.330236102149442434e+00
-1.909505056892165431e+00
-2.152348794053164927e+00
-2.011825869721843407e+00
-1.712896105495670174e+00
-1.921923004334719298e+00
-2.365855028498217383e+00
-2.024563204531528715e+00
-2.205697445932653711e+00
-2.000493595204961839e+00
-1.673178178792920523e+00
-1.618798827851069877e+00
-2.387232887935912817e+00
-2.430912989233533938e+00
-2.011487966783921610e+00
-2.395407209154452932e+00
-2.027310757175666556e+00
-2.092677197105164755e+00
-1.520299926717730177e+00
-1.634310535337557102e+00
-1.953771267018251212e+00
-1.305262842922204403e+00
-2.476346968898415657e+00
-2.086484414155588940e+00
-1.847685216401055985e+00
-2.203585375521147416e+00
-2.075329572987929527e+00
-2.394297674121372399e+00
-2.160563807564781502e+00
-2.309708012466881843e+00
-2.296681590398006012e+00
-2.143539208379895644e+00
-2.215260882310378765e+00
-2.102481833707291248e+00
-1.720765977475402497e+00
-2.247199626361581881e+00
-2.483118412322998569e+00
-2.042502097746773604e+00
-2.030664500622317181e+00
-2.432650759070473345e+00
-1.741875926490835003e+00
-2.351988948953100067e+00
-2.202035279660812694e+00
-1.917243976897065938e+00
-1.939876128953674783e+00
-2.181231224655573175e+00
-1.912939339919371040e+00
-2.426124897144351866e+00
-2.151327672468145824e+00
-2.085580683074585995e+00
-2.467449630915812708e+00
-1.871183712979320735e+00
-2.315719271070204588e+00
-1.790737408130955277e+00
-1.836041628704406126e+00
-1.914455094428984427e+00
-1.780074736708162408e+00
-1.594914152546620389e+00
-1.895233619628524213e+00
-2.005344212952256289e+00
-2.166098335294958321e+00
-1.942559254449122808e+00
-1.338431131984631595e+00
-1.896892174477575299e+00
-2.049263452820170972e+00
-2.035071387693385692e+00
-1.671178754758207763e+00
-1.550361812369985604e+00
-2.442770191036015337e+00
-2.079416741118027989e+00
-2.443185644006768076e+00
-1.571888613467141926e+00
-2.575176667954469867e+00
-1.711980514839620771e+00
-1.175972106827967156e+00
-1.663200467435185903e+00
-2.237465140573473565e+00
-2.136504514730422688e+00
-1.977149114936427754e+00
-1.665774802562794310e+00
-1.886342689969897624e+00
-2.293255475123981757e+00
-1.384867305057678966e+00
-2.075354278188445978e+00
-2.311673336011079716e+00
-2.612441929710616950e+00
-1.894738636367943929e+00
-1.797827521805470230e+00
-2.270881186247440287e+00
-1.832210441373665066e+00
-2.191283838840361486e+00
-1.686741150992741911e+00
-1.625658356271231453e+00
-1.395671858561929657e+00
-1.586244012121572400e+00
-1.922103815599012666e+00
-1.920924796271525015e+00
-1.641471138052370993e+00
-2.050544990040112925e+00
-2.123812432316523502e+00
-2.048559417077275402e+00
-2.381145268677013593e+00
-1.912533616959234184e+00
-2.004076853366214106e+00
-1.690514185719547147e+00
-1.763760204431872314e+00
-2.570643343516391344e+00
-1.792052184498033274e+00
-1.879083235705112376e+00
-2.008932240008207248e+00
-2.474566004590027735e+00
-2.003007922090635606e+00
-2.194306443693716080e+00
-2.454785271587630380e+00
-1.998593985398795514e+00
-2.014969169808571881e+00
-1.731126969442638330e+00
-1.710512356905941278e+00
-1.924943976680204560e+00
-2.090129401141481491e+00
-1.512137399151259221e+00
-1.924960011140453009e+00
-1.726385240036414803e+00
-1.926195136923531503e+00
-2.199378696066265793e+00
-1.750096045982353576e+00
-1.952878249783737363e+00
-2.021753040949569868e+00
-2.174086779581810180e+00
-1.631330749539163794e+00
-1.963882705368650949e+00
-1.822839354615041874e+00
-2.842688142516980765e+00
-1.755550204225859279e+00
-2.298936768531798069e+00
-1.511691201533619466e+00
-2.271781387001670982e+00
-2.691999300468606027e+00
-2.436007449507548106e+00
-1.847096432615732642e+00
-2.001439500600908250e+00
-2.087537669523567008e+00
-2.010199398825428307e+00
-2.298854196635020219e+00
-1.828850155636751129e+00
-2.240653421103200760e+00
-2.288672773746470046e+00
-1.389996222375464274e+00
-1.469198470306573245e+00
-2.356428346740003565e+00
-1.803485897653925196e+00
-1.725541264331202473e+00
-2.347618728649738973e+00
-2.435892501250095155e+00
-1.929235654415827117e+00
-2.214724524432153618e+00
-1.650453814083153947e+00
-2.456535621707804484e+00
-1.913252536292063599e+00
-1.890570112922962398e+00
-2.204626579196788061e+00
-1.702086966296068926e+00
-2.022516988824187845e+00
-1.869296227339770855e+00
-2.338421782266181470e+00
-2.151238945924305757e+00
-1.590657664983532227e+00
-2.994535147481027781e+00
-2.333348567704245813e+00
-1.708886156754071184e+00
-1.898880103085407445e+00
-1.980242240216473437e+00
-1.710384874329227589e+00
-2.140707883775477161e+00
-2.922991300624059097e+00
-2.715693394088657175e+00
-2.363447403943532255e+00
-1.917178852206771200e+00
-1.572264169834991510e+00
-1.764675039001691648e+00
-2.202028194733185007e+00
-2.088160423498852669e+00
-1.597865602948023156e+00
-2.042126808722127596e+00
-1.817274792247431936e+00
-1.994524218621134271e+00
-2.035579771753145639e+00
-1.880132284398467579e+00
-2.261920362173004850e+00
-2.303104986968812273e+00
-2.110896327812938456e+00
-2.735194426258996447e+00
-1.725469532339833467e+00
-2.121054754094128914e+00
-1.793328511798204961e+00
-1.978798769249284550e+00
-1.474898967072210798e+00
-2.263703670411726154e+00
-1.808701013303004590e+00
-1.914140916262855985e+00
-2.419234099882040301e+00
-2.359471296300320819e+00
-2.326639406695339307e+00
-2.118906357948969532e+00
-1.590817971240586548e+00
-1.857363735742446398e+00
-1.872171403097511178e+00
-1.778918116781813996e+00
-1.756507253093726906e+00
-2.207970377352478142e+00
-2.444132958302887904e+00
-2.015350133896799623e+00
-1.917405967931808508e+00
-1.940064868692598754e+00
-2.581862105777461114e+00
-2.448113974112193336e+00
-2.282811195660475523e+00
-1.444903467535003205e+00
-1.625209801954970334e+00
-2.250709581772693202e+00
-1.902701459457443622e+00
-1.840896273595735710e+00
-1.359445175289590413e+00
-2.179218340546992483e+00
-2.245435420479570343e+00
-2.368860979912618792e+00
-2.524194668081517268e+00
-2.605961030962405278e+00
-2.188460401654364507e+00
-1.724846163237458985e+00
-1.612730074580211781e+00
-1.907817936203376252e+00
-2.208214493204952777e+00
-2.513736686386728980e+00
-2.185769560383552079e+00
-2.374531892277911727e+00
-2.347206804295741467e+00
-1.970395046028933894e+00
-2.124243502997860578e+00
-2.065535979667988631e+00
-1.904001918592296949e+00
-2.670880831702320268e+00
-2.238647276155238064e+00
-1.779880254162567343e+00
-2.013087136873548122e+00
-1.754642923277466071e+00
-2.526782542003222165e+00
-2.455799745625679709e+00
-1.520659956879662378e+00
-1.791976416821054574e+00
-1.964680783875561776e+00
-2.319769656035334027e+00
-1.992093853940428705e+00
-1.634249556249589563e+00
-2.818974275490330417e+00
-1.545747255985042035e+00
-1.273179380743745259e+00
-2.284177717335837077e+00
-2.109450303311304342e+00
-2.692461150486363142e+00
-1.733342201267991545e+00
-1.857362309255581767e+00
-2.106756498773620923e+00
-1.713464045437863792e+00
-2.021128638835851365e+00
-2.268409458661562628e+00
-1.837529365616621835e+00
-2.340184777031911967e+00
-2.064015356184644379e+00
-1.945108277012288500e+00
-1.814681639932345991e+00
-2.044489290059086972e+00
-1.837756654348190910e+00
-2.621206493415737970e+00
-1.821038255142559681e+00
-2.233929144746400031e+00
-1.979203957471380892e+00
-1.570287262896809422e+00
-1.424923766339088349e+00
-2.479514509636671082e+00
-2.731263491855021375e+00
-2.065434203658111034e+00
-1.771529726902372648e+00
-1.408461191016331160e+00
-2.359844668219214459e+00
-1.890723365254573185e+00
-1.863865281001001240e+00
-2.231358474046171825e+00
-1.573007814081282429e+00
-1.829579792917610082e+00
-1.793911749648206655e+00
-1.977469464849133107e+00
-2.496990239908872145e+00
-2.143608290970416608e+00
-2.106444794634978468e+00
-1.800247100334797512e+00
-1.759179774139913111e+00
-2.518469547858739777e+00
-1.472766356911531904e+00
-1.789845697703207339e+00
-2.243333221965710056e+00
-1.688879673143276694e+00
-1.565162197684014433e+00
-2.293438541009809928e+00
-2.570112359506130151e+00
-2.544447470048222915e+00
-1.820567828331367100e+00
-1.631869165663218713e+00
-1.570929559979655554e+00
-1.874417843257352612e+00
-1.724734458802441583e+00
-2.259977933509198511e+00
-1.991524455617249334e+00
-1.878871644563112842e+00
-2.118823174684472566e+00
-2.473367900954255294e+00
-1.664371122656608026e+00
-1.982381653612418138e+00
-2.275780379472120973e+00
-1.369465695864942933e+00
-1.626919977327333289e+00
-1.973457833464760558e+00
-1.618066796583410127e+00
-1.901984602460896401e+00
-1.789089509987740190e+00
-1.771117686332676744e+00
-1.849223270420250476e+00
-2.049099492426892599e+00
-1.877235936876016087e+00
-1.608117290012617051e+00
-1.854703192823830893e+00
-1.866052737965131492e+00
-2.385342480598606318e+00
-2.494794993768455260e+00
-2.303932303944816073e+00
-2.598400770282222272e+00
-2.100297902507624048e+00
-2.264628142433704472e+00
-1.821369200240259278e+00
-2.128283587272762123e+00
-2.042289175399151890e+00
-1.448525400747005865e+00
-1.632541071514250763e+00
-1.110623732359134141e+00
-1.898085609104047666e+00
-2.013338589947857304e+00
-2.033830505543509748e+00
-2.412205351929668229e+00
-1.634285860476714536e+00
-2.162282579438521868e+00
-2.332192421430673068e+00
-2.294601157439967398e+00
-1.687155363532579333e+00
-1.762207791189043693e+00
-2.614924881190952011e+00
-2.180958565244552450e+00
-2.026006687833092901e+00
-1.666379032936234683e+00
-2.161364098442863924e+00
-1.463520710257661062e+00
-1.951820024178367863e+00
-2.018806376715165829e+00
-1.619084733441557677e+00
-1.660872818950974494e+00
-1.970577753503516494e+00
-2.211059999438319768e+00
-2.173270038828985395e+00
-1.649506877653994952e+00
-2.714141976739921081e+00
-2.140690816596990675e+00
-2.025450384384900548e+00
-1.683401491299268304e+00
-2.200641657382185645e+00
-1.777586038879996000e+00
-1.677219961137371929e+00
-1.649104325591811193e+00
-2.867498189872105474e+00
-2.058577699963674235e+00
-1.863797400578530716e+00
-1.591115527010402264e+00
-2.060964779467636010e+00
-1.932341087448034234e+00
-2.184195454500028166e+00
-2.303200130028809856e+00
-1.979268482728893108e+00
-1.825923233662895218e+00
-2.037707758508802147e+00
-2.259559885064917228e+00
-1.984344713377993674e+00
-2.114614111236118976e+00
-1.846517315024663208e+00
-1.984601182189550617e+00
-1.490747170530287935e+00
-1.400849749297759406e+00
-1.916930089426621908e+00
-1.886002543003141074e+00
-2.029204278430196684e+00
-2.110880756890257448e+00
-2.148163714376537303e+00
-2.024476346919666714e+00
-2.105842610070418619e+00
-2.047131282403178876e+00
-1.942703867534562701e+00
-1.444412034414359614e+00
-2.005029642741473328e+00
-1.902939685846999129e+00
-1.471043641299966342e+00
-2.538078648876244348e+00
-1.881574948176340190e+00
-2.215167215705410531e+00
-1.790793014794570315e+00
-1.733505235398400846e+00
-2.092017304494050212e+00
-1.775298514441131292e+00
-1.798319881739083304e+00
-2.079423491019146031e+00
-1.948943344430088320e+00
-1.768641691700257201e+00
-2.107696828576104853e+00
-1.820281300830661753e+00
-2.087189697455553716e+00
-1.896100628732068305e+00
-2.330713008708141576e+00
-1.739692728459676818e+00
-2.318655485043596531e+00
-2.447579553591996859e+00
-2.089445694198702075e+00
-1.879748367535750919e+00
-2.378223089096213716e+00
-1.877262276020893683e+00
-2.400123632579447719e+00
-1.815826654963775599e+00
-1.739157198731029030e+00
-1.651634408179454727e+00
-1.734363885775515701e+00
-2.827193569866115030e+00
-2.234200932441776200e+00
-1.939514283194619271e+00
-1.728829070740783624e+00
-2.571416094282643616e+00
-1.774208291155720207e+00
-2.044558498145683689e+00
-1.714282217962943111e+00
-1.752822985343151618e+00
-1.933457106034405459e+00
-2.151079961733966872e+00
-1.550945118886165819e+00
-1.929527311174073834e+00
-2.244634245222221214e+00
-2.056360765785055111e+00
-2.357451876049573958e+00
-2.358643821795429307e+00
-2.285661414932287361e+00
-2.305359146430213446e+00
-1.836904736169675534e+00
-1.533710661938240793e+00
-2.178963575808911646e+00
-1.923081528561017439e+00
-2.299966963788751872e+00
-1.738744513551016002e+00
-1.850207097154467295e+00
-2.165558267372777568e+00
-1.345274985525204858e+00
-2.023576076730276174e+00
-1.256390762250586324e+00
-2.017053389297398969e+00
-1.938299961839895946e+00
-1.692216571995001306e+00
-1.676117861332354853e+00
-1.752735613176711116e+00
-1.889313798312269643e+00
-2.204017350834849953e+00
-2.215559663319730976e+00
-1.955495374283487298e+00
-1.888916299794719311e+00
-2.229902244314598381e+00
-1.867882039366986380e+00
-2.186855333961414960e+00
-1.855435810106936589e+00
-1.958729227547721496e+00
-2.396768349174177803e+00
-1.902727453742994346e+00
-1.740485079022381587e+00
-1.761778610158204916e+00
-1.997140109508141581e+00
-2.142279804118292663e+00
-2.212723846510723735e+00
-2.455028305397693789e+00
-1.230767334495649568e+00
-1.925610617233254107e+00
-1.992529715463132067e+00
-2.477189790885955478e+00
-2.706832407100148163e+00
-2.241209440028200550e+00
-2.416430577697579185e+00
-2.027533607822317396e+00
-2.063268269470218019e+00
-2.614678934716972325e+00
-2.105858125456077534e+00
-2.421472566843420271e+00
-1.567554675917780305e+00
-2.034390535847674375e+00
-2.337921512202985941e+00
-2.412543700508717581e+00
-2.549984214341071809e+00
-1.992966104866561228e+00
-1.518033317847983898e+00
-2.336320135473542781e+00
-1.978743558275564585e+00
-1.804028908932624464e+00
-2.549534913297371919e+00
-2.463939943088032880e+00
-2.322006112514547471e+00
-1.785006639804704864e+00
-2.084424564849549188e+00
-1.950504704371912812e+00
-1.363273170786723387e+00
-1.671889509412392005e+00
-2.105866405403315600e+00
-2.386016973366541283e+00
-1.914877041120388146e+00
-2.572943615095269809e+00
-1.854417835021135108e+00
-1.956995021920616029e+00
-2.214351582990215395e+00
-1.489797659383972128e+00
-1.889754121719402935e+00
-1.989046089371790504e+00
-2.481291188025764871e+00
-1.902263914346403073e+00
-2.364672223949267238e+00
-2.203160458084117312e+00
-1.740011060784763419e+00
-1.769088475469555721e+00
-1.727856600772545992e+00
-1.985652033892936874e+00
-2.209716383712877263e+00
-1.790843830131461534e+00
-2.549988578132432071e+00
-2.419821968541232327e+00
-2.067118803903337909e+00
-2.108473845918652945e+00
-2.453975765893869454e+00
-2.020926712626728960e+00
-2.093313665531731704e+00
-1.865493293869367353e+00
-2.144265864321360571e+00
-2.183317727342509063e+00
-2.672390056505559830e+00
-1.408529655569236372e+00
-1.804552509101264857e+00
-2.510223105281629064e+00
-2.044768676528509577e+00
-2.208331777698795850e+00
-2.093991614124967260e+00
-2.005528461737313695e+00
-1.677063494404823718e+00
-1.646969868364906109e+00
-1.815365244714112425e+00
-2.054451612074619238e+00
-2.379061457627390741e+00
-2.247455964800647354e+00
-1.752585004635751620e+00
-2.067881307423949711e+00
-2.436330879375408376e+00
-2.231112406575846752e+00
-2.216071428119534392e+00
-1.962067498041716096e+00
-1.800059688548611536e+00
-1.939809708979201464e+00
-1.594557930016244018e+00
-1.310914157237019761e+00
-1.949368113706111405e+00
-1.777803695070453660e+00
-2.587283687868986437e+00
-2.296059297063628879e+00
-2.237622838872632247e+00
-1.937133008066702633e+00
-2.474808289901791358e+00
-2.284212049398643973e+00
-2.081607783895571107e+00
-2.135425759148671165e+00
-2.016218366738027346e+00
-2.038641085062974145e+00
-2.345287656816620103e+00
-1.478510633569190436e+00
-1.800594805724181402e+00
-1.815252049209274521e+00
-1.884676818198639747e+00
-2.314519763923297280e+00
-1.605499512313365518e+00
-2.188568643671669367e+00
-1.168145235497421996e+00
-1.971475747629984898e+00
-1.811210131226122844e+00
-1.975962074723540685e+00
-1.991181020183877326e+00
-1.549427830327001931e+00
-2.303083556349737382e+00
-1.481791786569087055e+00
-1.979383347584651620e+00
-1.258263883713994336e+00
-2.476339750941523921e+00
-2.353751322766083565e+00
-1.853373851702663888e+00
-1.213973220457827740e+00
-1.331374750555302189e+00
-2.168701371916303078e+00
-2.022983242805633797e+00
-2.406789121591064617e+00
-1.750716345721518241e+00
-1.868831710970525695e+00
-2.047005978946327520e+00
-2.176478721994027143e+00
-2.089951871671975159e+00
-1.753516277845263094e+00
-1.859335621651819981e+00
-1.573071574070056489e+00
-2.387563731436504799e+00
-2.307685171464925578e+00
-2.383480642413996708e+00
-2.052918332263761858e+00
-2.538243117577931418e+00
-2.062375809631771251e+00
-1.469869019082534312e+00
-1.796223334730843835e+00
-1.755079929594933308e+00
-2.098980153515246361e+00
-1.838240379878020025e+00
-2.303622714012668826e+00
-1.952226937094014847e+00
-1.826999886440920040e+00
-2.110292083091437565e+00
-1.655032657428567422e+00
-2.720185314652518560e+00
-2.070597418984857274e+00
-2.281978439397612579e+00
-1.911977244639015527e+00
-1.648407387952615100e+00
-1.771814090830453825e+00
-2.153392354459520153e+00
-2.129366441468541371e+00
-2.227943547405541569e+00
-1.690960209896001931e+00
-1.619036214533288831e+00
-2.487443754613491098e+00
-1.859597993458010468e+00
-2.028553229656349988e+00
-2.219120998676690437e+00
-2.869721871756589326e+00
-2.023808992894555292e+00
-2.082115221505560942e+00
-1.684707387038525628e+00
-2.104585118700339041e+00
-1.876879946773126751e+00
-2.276183036556670647e+00
-2.277002591579219359e+00
-1.644814700322289713e+00
-2.054412000944797700e+00
-1.528158155192532508e+00
-1.875345899637928415e+00
-1.963437053775319630e+00
-1.690945636245321015e+00
-1.935460735111354413e+00
-1.281732691253627987e+00
-2.411028444614001121e+00
-2.023598760003253449e+00
-2.471858281432187443e+00
-2.588224588806760540e+00
-1.933721250861449636e+00
-1.922339663362692352e+00
-1.747941509008100969e+00
-1.472421238782310571e+00
-1.685003176018146309e+00
-1.716688148727599117e+00
-1.578062720773207861e+00
-2.513169040151144618e+00
-2.263196724358204737e+00
-1.874147830205988630e+00
-1.803043176024918370e+00
-2.287956891706468543e+00
-1.537743492550721403e+00
-2.163922021154750741e+00
-2.297939420408877442e+00
-2.295077171272133842e+00
-1.950962951423286018e+00
-2.203329696711858521e+00
-2.698411101386210209e+00
-2.348530021343958385e+00
-1.808215740182053555e+00
-2.804490618987938166e+00
-1.911960403524471719e+00
-1.924205805195664087e+00
-1.703907920215084193e+00
-1.889470384407193837e+00
-1.729480264236180620e+00
-1.917559146079702348e+00
-1.713744954313977775e+00
-2.335522338696972344e+00
-2.074747907393192481e+00
-1.740559855938144995e+00
-2.117873126520898541e+00
-1.999143890335201679e+00
-1.943204056582491734e+00
-1.748675074814130870e+00
-2.010362086897505396e+00
-2.220747769045232634e+00
-1.417603492810459276e+00
-2.154993608211296152e+00
-1.952126653799933553e+00
-1.459054139989188759e+00
-1.729006915969984792e+00
-2.368451428576449747e+00
-2.242622555122036676e+00
-1.681685237505363251e+00
-2.289177388271558033e+00
-2.359442253663555977e+00
-1.473162816788676555e+00
-2.139206003333413708e+00
-2.091112062289941509e+00
-2.113062104566051591e+00
-2.334810293141118098e+00
-1.786234363755090815e+00
-1.744867524925464597e+00
-1.872771443821858117e+00
-2.150737698860606617e+00
-1.442766326773640362e+00
-2.135346309760688843e+00
-1.617409154954569050e+00
-1.997863681300149796e+00
-1.903998749209521169e+00
-1.830736417765831181e+00
-1.543393629671259593e+00
-2.666302367826407949e+00
-2.133611322238512020e+00
-2.615106507223647458e+00
-2.077514549451894954e+00
-1.907709767772520326e+00
-1.927137470128979846e+00
-1.731566531082231908e+00
-2.348816031241586888e+00
-1.609455835544431945e+00
-1.466783387062595256e+00
-2.076613481194723665e+00
-2.440830145935738660e+00
-1.437405337088231594e+00
-2.263290959646678591e+00
-1.701652511366440468e+00
-2.620239198375199141e+00
-1.732065997271810875e+00
-1.775454799474502909e+00
-2.567796130826716539e+00
-2.543903117410561965e+00
-2.379999078704149174e+00
-1.931581327869932085e+00
-1.044854853414822760e+00
-2.446497966968552706e+00
-1.744855266467521648e+00
-2.027432225828630141e+00
-2.722956245413268750e+00
-1.424829907056528011e+00
-2.079378729668981851e+00
-2.407213932881678620e+00
-2.093773663692318099e+00
-1.849150095048788689e+00
-1.887812141946886957e+00
-1.719241448837636188e+00
-2.038685673748862559e+00
-2.611898717871195874e+00
-1.305587661143065237e+00
-1.723176530922737815e+00
-1.506809698609944181e+00
-1.874706238061393027e+00
-2.187127413817500088e+00
-1.765665824025479669e+00
-1.724329630989041906e+00
-1.817393335945272970e+00
-1.737613834250968825e+00
-2.406765330549543780e+00
-2.274753819466095894e+00
-1.542370792388525036e+00
-2.081230908530411927e+00
-2.046648163174037638e+00
-2.360581409392637386e+00
-1.584251193752031828e+00
-1.636890031825656511e+00
-2.432890837174774834e+00
-1.324095869748870502e+00
-1.671106917254352897e+00
-2.002870443218867980e+00
-1.932356839143967608e+00
-2.399314428877030725e+00
-2.732239409012923392e+00
-1.282864042747864364e+00
-1.270489958975854261e+00
-1.439857447168652715e+00
-1.579465531645273035e+00
-2.346206645698363236e+00
-2.587860701258204887e+00
-2.027008339821233296e+00
-2.011026515283429905e+00
-1.238470824452484909e+00
-1.741453033867405242e+00
-1.818474101003133558e+00
-1.717758056139292666e+00
-1.786182765563689490e+00
-2.529300370054546665e+00
-2.229589584620108145e+00
-2.258964457801628800e+00
-2.437936730558658116e+00
-1.299895468943832899e+00
-1.861475542192117860e+00
-1.895335940671657671e+00
-1.973615228906286934e+00
-2.295709852306976106e+00
-2.250860376405278362e+00
-1.766434024673817493e+00
-1.980226848714881971e+00
-1.842525714103456114e+00
-1.368364304870372639e+00
-2.010469879431653784e+00
-1.843166367906640790e+00
-2.015998119690725066e+00
-2.627132907290306907e+00
-1.833930538168190072e+00
-2.860714506632572540e+00
-2.178501911094583132e+00
-1.569881690434006050e+00
-2.001768463549833843e+00
-2.409311353690164470e+00
-2.380576098186889755e+00
-2.078543453518758799e+00
-1.240786184531156966e+00
-1.950739068997262127e+00
-1.611401196880525521e+00
-2.351518556620146416e+00
-1.434333265059784868e+00
-2.875615177403024081e+00
-1.271389846169008297e+00
-2.878198800474113472e+00
-2.171154644513866305e+00
-2.697353316305609372e+00
-2.361216839087326935e+00
-1.897089565854497284e+00
-1.625265843177310376e+00
-2.339167188406780173e+00
-2.198866207592811595e+00
-2.034203021142321877e+00
-2.203384642719850905e+00
-1.951429951386014938e+00
-1.885078741896940802e+00
-1.695526192674306376e+00
-2.030756016671901865e+00
-1.728906453788664255e+00
-2.260495172926394236e+00
-1.874216337034721125e+00
-1.426907742130426371e+00
-2.456357016724834086e+00
-1.996459261261570806e+00
-2.047427474249400081e+00
-1.932877172998586079e+00
-2.591455162296881998e+00
-1.635292578147190756e+00
-1.792615844256510105e+00
-1.885475652691529280e+00
-2.294323959583014716e+00
-2.091862736097223507e+00
-2.299479453785711502e+00
-1.852830416029580096e+00
-1.624662806999567000e+00
-1.703845381169611262e+00
-1.906315594227248500e+00
-2.188156112731548308e+00
-2.132637441913975085e+00
-2.040461049562236173e+00
-1.772184184385296124e+00
-2.184859210107499283e+00
-1.836992611740161596e+00
-2.446386695630355934e+00
-2.854533362097438687e+00
-1.843743377569563524e+00
-2.664027374057145625e+00
-2.185628992368112922e+00
-2.734266568814700538e+00
-1.819472720050197001e+00
-2.737049550431490008e+00
-1.912548350547720322e+00
-2.066997814190959293e+00
-1.779023516715842579e+00
-1.867527887491004623e+00
-2.747828789785029091e+00
-2.052258373968680605e+00
-2.367289455599028702e+00
-1.667085545457784423e+00
-1.594389380791885191e+00
-1.947303125047815886e+00
-1.653478837562378789e+00
-2.021389014071079959e+00
-2.401292107067231729e+00
-2.045941416673966007e+00
-1.508161194797591254e+00
-1.431757042258493318e+00
-1.851451751730902817e+00
-1.956933996052548697e+00
-1.562497358263524649e+00
-1.769603000708851237e+00
-2.216619044511216163e+00
-1.959713595539828379e+00
-1.454301321068657504e+00
-2.043284268536592396e+00
-1.793641949008030867e+00
-1.834210585457878739e+00
-1.489837677852539510e+00
-2.073524524332829078e+00
-2.177342167695311748e+00
-2.252690189299169976e+00
-2.347679131430777222e+00
-1.588810295074364110e+00
-2.036914813847563455e+00
-2.046578647714302424e+00
-2.082158502691165314e+00
-1.655719653576863681e+00
-1.460643287345679386e+00
-1.987927942165044204e+00
-2.758834164957406632e+00
-2.239222452570214461e+00
-1.858573376364877294e+00
-1.900304585796224632e+00
-2.423229656277076760e+00
-2.547763356735611939e+00
-1.860230409200074764e+00
-1.814458306372384033e+00
-2.455509825372989230e+00
-2.467618192516880971e+00
-1.533652556547981494e+00
-2.039531139676885818e+00
-1.392950256702337963e+00
-1.668300751393069437e+00
-2.298031845103935655e+00
-1.746490902038683846e+00
-2.358914829377284139e+00
-2.061315194455442867e+00
-2.309547268935393749e+00
-1.856915924179113997e+00
-1.507701778121343761e+00
-1.646804182585139831e+00
-2.824425009351714255e+00
-2.187454870689695685e+00
-2.098715231678664583e+00
-1.152912924866246858e+00
-1.812106781000835998e+00
-1.693974698929793465e+00
-2.390215017641804440e+00
-2.871092201350606832e+00
-1.466583799166713664e+00
-1.928566032130870855e+00
-1.517219699947123690e+00
-1.461404510389887168e+00
-1.415783913611381895e+00
-1.669852040037874463e+00
-1.983002274472600579e+00
-2.259839960941694148e+00
-1.776744643223299835e+00
-2.063998492157015807e+00
-2.077507495577780805e+00
-1.721751979897810703e+00
-1.745464487492075722e+00
-1.850826766914370314e+00
-2.162162859004880477e+00
-1.588167127991817029e+00
-2.720391334938579764e+00
-1.474033043484034966e+00
-2.059314024266818866e+00
-2.279444726188284864e+00
-2.174915897700210099e+00
-2.239992193023419009e+00
-2.458838844762130993e+00
-2.379607218919641998e+00
-1.268711454736085376e+00
-1.913588102740055863e+00
-1.843299702515718952e+00
-1.893613755705399360e+00
-2.031485882364386431e+00
-1.821904716498533805e+00
-1.984687453057045747e+00
-1.744465150123876374e+00
-1.477912982249277807e+00
-1.786730505267162261e+00
-1.883490314669016730e+00
-2.445594335679779352e+00
-1.833584498908445770e+00
-1.985733077377706213e+00
-1.536327376178127313e+00
-2.109828403360211713e+00
-1.711746981953931712e+00
-1.850412189905363380e+00
-2.586868138773131154e+00
-2.038249561996690051e+00
-1.586347579857499301e+00
-2.637773223299913372e+00
-2.226111959005333762e+00
-1.598615592686663422e+00
-1.352937579032705617e+00
-2.131429894907963973e+00
-2.437913616682582774e+00
-1.661485116467469769e+00
-1.950354820546746470e+00
-1.761272981927011205e+00
-1.691789876557305394e+00
-1.830451797519618840e+00
-1.783452066863294494e+00
-2.559288324454116026e+00
-1.625931441389266485e+00
-2.187578161167313073e+00
-1.750942470116524152e+00
-1.975016069962951537e+00
-2.209283218902978962e+00
-2.044740411744076614e+00
-2.116242010350614766e+00
-2.346875386277002651e+00
-1.841689438582438942e+00
-1.604890135270068630e+00
-1.355836183543595030e+00
-1.198384868362164735e+00
-1.802135207195743494e+00
-1.773126657111020688e+00
-2.167659603549513481e+00
-1.862590749172252647e+00
-2.237831044810623116e+00
-2.843022627216488463e+00
-2.020756094279012149e+00
-2.224162491587926116e+00
-2.007346550921216721e+00
-1.713705631783380756e+00
-2.480940383591733411e+00
-1.988665043372796593e+00
-2.082930826895431853e+00
-2.106331873544502020e+00
-1.882157582525377126e+00
-2.433252588466669142e+00
-1.637517851232335619e+00
-1.127407828989739347e+00
-1.865364927002382434e+00
-1.586987836354741166e+00
-2.175497307020462845e+00
-1.709213799453122018e+00
-2.188976281615670150e+00
-1.766666459026442926e+00
-2.394040902671190185e+00
-2.236112897801075139e+00
-2.321218860578920573e+00
-2.417627473418820561e+00
-1.701765169525551347e+00
-2.182370520658381441e+00
-1.464235300717259936e+00
-1.972103997951674348e+00
-1.970727267522538018e+00
-1.972149957976281787e+00
-2.045594476886524848e+00
-1.937256510110849650e+00
-2.453148212376455195e+00
-1.780235256878889505e+00
-2.111584362724475472e+00
-1.978580039613837105e+00
-1.876980076561090005e+00
-1.738134469901265522e+00
-2.170252924755584178e+00
-2.883626012231762292e+00
-2.295299314360381704e+00
-2.102251602614714887e+00
-1.574184847165171153e+00
-2.005255088468832714e+00
-1.719467177058203067e+00
-2.040972063241487167e+00
-1.404177151288241721e+00
-2.048885458337498466e+00
-2.529522886842084706e+00
-2.144325621598011100e+00
-2.187721137074192246e+00
-2.134261919256343010e+00
-2.404360913970349234e+00
-2.177881530598601234e+00
-1.763756722246878628e+00
-1.637557946660284092e+00
-2.069755978928487838e+00
-1.116800384951194491e+00
-1.940271919986671367e+00
-1.930103547612713744e+00
-2.168989389680794577e+00
-2.720560359005272932e+00
-2.461188884009712030e+00
-1.678887423217010788e+00
-1.502501548754356708e+00
-2.399933401336089123e+00
-2.442957634126461830e+00
-2.010697977629444910e+00
-2.226636587031063375e+00
-1.834869018567534926e+00
-1.635798002130723905e+00
-2.163847246653319178e+00
-1.712230940061435280e+00
-1.098975877503403087e+00
-2.108698686178034354e+00
-2.346901674527476889e+00
-2.034177964108071723e+00
-1.782147656065586450e+00
-2.000729704755523475e+00
-2.612836170362154764e+00
-2.230685153585053815e+00
-2.140535798385336808e+00
-2.107939288667556088e+00
-1.739113736374833241e+00
-1.618295737597315043e+00
-1.696467428234850860e+00
-1.862418053553714703e+00
-2.544502709841975463e+00
-2.456415806874656216e+00
-1.832917772535641365e+00
-1.781649763668806674e+00
-1.865053415305223172e+00
-2.116626641717286095e+00
-1.942808237222922063e+00
-1.985528137736148668e+00
-2.405148073166696765e+00
-2.194962430041754065e+00
-2.014408970991493408e+00
-2.354161734483224411e+00
-1.682290371470867019e+00
-2.031447726399666198e+00
-3.308155783408100792e+00
-2.142355584084409958e+00
-1.469880257336160678e+00
-2.268551155167227495e+00
-1.797637945419453320e+00
-2.348137402532458839e+00
-1.667448206040483161e+00
-2.030105856756643679e+00
-1.739255227925316394e+00
-2.042766184599477786e+00
-1.589597420866982080e+00
-2.359689516825110633e+00
-2.138714711283111303e+00
-2.016708412434625064e+00
-1.853252181454970060e+00
-2.093507452860759788e+00
-1.953343872330065789e+00
-1.560329741199478537e+00
-1.770129133106533192e+00
-2.012823016063468362e+00
-2.253074910432975475e+00
-2.050766713454919898e+00
-1.382853214535860520e+00
-1.924104322109230214e+00
-1.951083805872333432e+00
-2.373923688481000216e+00
-2.333066781707604509e+00
-1.886830274632697257e+00
-2.349727461647788562e+00
-1.392953679823341506e+00
-1.675608287506836991e+00
-1.762342196076879919e+00
-1.412486160891991194e+00
-1.307951896739791398e+00
-2.156371024858839025e+00
-1.764964467237176482e+00
-1.432776813800867632e+00
-2.263001777209705967e+00
-2.253268766169798543e+00
-1.992593568097480006e+00
-1.652990066361799126e+00
-1.660732161983308419e+00
-2.160728610722590037e+00
-2.361806630677005803e+00
-2.203466616432014025e+00
-1.911531792600176249e+00
-1.003105152233857655e+00
-2.157737151755366956e+00
-1.692716320515283090e+00
-2.231452512175519320e+00
-2.474525335823152705e+00
-1.735064801351928754e+00
-2.105833827171487815e+00
-2.281998937631418034e+00
-1.334217726313913222e+00
-1.538913221583609658e+00
-2.220237738773406466e+00
-2.509124040787551468e+00
-1.260236845501151226e+00
-1.767077944800576450e+00
-2.173802520735339971e+00
-1.972240029212013912e+00
-1.723449032501254141e+00
-1.605311543646447792e+00
-2.265431865074193585e+00
-2.287887512496685094e+00
-1.297670379241516958e+00
-1.542337142338837896e+00
-2.263575018577821840e+00
-2.016398933506535318e+00
-1.720994269371904029e+00
-2.320500135298293021e+00
-2.491369593261464122e+00
-2.417614634254862782e+00
-1.531584922820958150e+00
-1.919569214759782927e+00
-1.918831507150484672e+00
-2.155002697334313044e+00
-2.136491078717480452e+00
-1.870517540772752785e+00
-2.381804177114585475e+00
-2.009055132460041637e+00
-1.353392237501641393e+00
-1.769174656205717344e+00
-1.469025200595535541e+00
-1.787760164498945148e+00
-1.823869087046319226e+00
-2.007309312759716580e+00
-2.059515352846891023e+00
-2.429636193730488447e+00
-2.475550737134629475e+00
-2.057373932260392113e+00
-1.733166610084023507e+00
-2.002933216136061123e+00
-2.039974691282421038e+00
-2.156086521472115880e+00
-1.724912447177772368e+00
-1.219415788190190586e+00
-1.139469596683327257e+00
-2.085386461704648031e+00
-2.376646986859644262e+00
-1.583561738545089970e+00
-1.741852136904667336e+00
-1.771447224003595000e+00
-2.007145134338291559e+00
-2.561236576046227231e+00
-1.789439115862809349e+00
-2.342954205860355632e+00
-1.568193866963117689e+00
-2.075751652793134117e+00
-2.049137004254447891e+00
-1.987320215633964882e+00
-2.171441265597547687e+00
-1.711568030017801778e+00
-2.311315563499608761e+00
-2.264247767415856760e+00
-2.174782747400773264e+00
-1.174267310675038534e+00
-1.949180749485109221e+00
-2.331733536419858144e+00
-2.251930684710675923e+00
-1.688861940089467328e+00
-2.052091121664311846e+00
-1.888474227077712175e+00
-2.205091891753771183e+00
-2.132006708871177825e+00
-1.991272569223245359e+00
-2.054114652486209724e+00
-2.399287258876189544e+00
-2.586009774880427603e+00
-2.269522358054026245e+00
-1.601204904433207066e+00
-1.849988730433875350e+00
-1.796508630765096814e+00
-2.106772413632525431e+00
-2.324672976591337648e+00
-2.200854013734272474e+00
-2.206186958687187616e+00
-2.325253835783879897e+00
-1.953293729790698041e+00
-2.160851517639561070e+00
-2.323301514041841376e+00
-1.713520901929701967e+00
-2.182973094912281642e+00
-2.188520567133008132e+00
-2.492396974141751986e+00
-2.328271467119357840e+00
-1.967552906506029320e+00
-2.121830464184290665e+00
-2.261270048710326552e+00
-2.816096271929990014e+00
-1.916464397773904427e+00
-2.473239646466634856e+00
-2.086200453080504946e+00
-2.059843023328330691e+00
-2.038637167291583285e+00
-1.856083498154258660e+00
-2.067373715480951279e+00
-1.866528989479892875e+00
-1.954579769742569528e+00
-2.373387089070388090e+00
-2.133007890754708757e+00
-2.489054359905335634e+00
-1.771829115071494432e+00
-1.919289457573452484e+00
-1.941796911508288037e+00
-2.033450939801614954e+00
-1.933036773607117897e+00
-1.913966442874742047e+00
-1.794241508461663859e+00
-1.653301711932901430e+00
-2.259056645172702549e+00
-1.755338784037800526e+00
-2.164101205152530571e+00
-2.054167046319812062e+00
-2.028640450528285566e+00
-2.128307018609316703e+00
-1.491339538401952769e+00
-2.076416458970431922e+00
-1.938311295071255547e+00
-2.092902981766262105e+00
-1.723270317712000566e+00
-2.297347457712927810e+00
-2.323776767754794026e+00
-2.073931118300862853e+00
-2.742789600945048978e+00
-1.943374939377453092e+00
-1.514612091248338732e+00
-1.857308119809553570e+00
-2.171614396664619751e+00
-2.000453086326992480e+00
-2.369631381605330933e+00
-2.069105088514878066e+00
-1.983349461720945062e+00
-2.058186792657974440e+00
-1.856448233199710973e+00
-2.201670856473466831e+00
-1.890612584562955778e+00
-2.144768451720129310e+00
-1.580105777155563107e+00
-2.419224648401578026e+00
-2.187397900620517976e+00
-2.068806527573351151e+00
-1.286005257820884484e+00
-2.354577431162749424e+00
-1.879994247257702700e+00
-1.958615159605959111e+00
-1.691477742173117083e+00
-2.376400082293667726e+00
-1.977211494140082682e+00
-2.201233318193321242e+00
-1.774429741896373702e+00
-2.422621347809802206e+00
-2.587639107962108387e+00
-2.275437947310177567e+00
-1.697484143159542658e+00
-2.238322602418194140e+00
-1.827513746827940100e+00
-1.993556183314329378e+00
-1.620960635463025046e+00
-2.452138283820944675e+00
-1.732966223874886413e+00
-1.519187155677564238e+00
-1.985526852912326223e+00
-2.420657066318814277e+00
-2.156520321449019395e+00
-2.474204618624471497e+00
-2.467391460705738115e+00
-1.663973278682381096e+00
-2.052783944476356925e+00
-1.966278539158985428e+00
-1.898520870212110356e+00
-1.619080887611069830e+00
-2.009567288343472757e+00
-2.393799215089050580e+00
-2.436396290603323411e+00
-2.205414691827695339e+00
-1.484474941744427401e+00
-1.607470161835891975e+00
-1.523496780541706119e+00
-2.093484535230029753e+00
-1.757178255048199578e+00
-2.042215740755868314e+00
-2.303765460165120960e+00
-2.140311616983883614e+00
-1.325960931155905076e+00
-1.569560281382138545e+00
-1.680830311348835426e+00
-1.903754323639351487e+00
-2.267148644943244751e+00
-2.699917705686332159e+00
-2.028565122081490646e+00
-1.674670643724553987e+00
-2.178414335313391792e+00
-1.731468167533338320e+00
-1.808981155143467578e+00
-1.591844181904451094e+00
-2.186295911028765193e+00
-1.997292000907588960e+00
-2.035967139302979678e+00
-1.909049076338068307e+00
-1.756058749374976191e+00
-2.484174049919080307e+00
-1.437186396659307253e+00
-2.206678539170685571e+00
-2.126439185929509978e+00
-2.222219344038191213e+00
-1.494538081214340952e+00
-1.942273406777634381e+00
-1.872110419370450973e+00
-2.077639593730947087e+00
-1.926932366354297432e+00
-2.221871452514321721e+00
-1.880178832887530849e+00
-2.251369700327050527e+00
-2.209780075136575039e+00
-2.041749787402221461e+00
-1.496755830736369308e+00
-2.089063909737131741e+00
-2.303619721059569248e+00
-2.010909934471339700e+00
-2.136261059780121929e+00
-2.289991412808131788e+00
-1.507191350856457834e+00
-2.391592774071558569e+00
-2.456805967044712435e+00
-1.907079870021594292e+00
-2.047793778127305675e+00
-1.870039508995509525e+00
-2.050367505447088678e+00
-2.102693429479601139e+00
-2.356384603719466231e+00
-2.585192689733137872e+00
-2.056392834692211569e+00
-2.225990556895660166e+00
-1.516915004580674964e+00
-2.373990891257943492e+00
-1.626659632859219773e+00
-2.367826611779524359e+00
-2.121007787291784741e+00
-1.895476411329707123e+00
-1.840234943032293291e+00
-2.255346158259872613e+00
-2.126834648842406583e+00
-1.957573304002715009e+00
-2.076293977645154332e+00
-2.488740753996449673e+00
-2.065569062347826890e+00
-1.944444306625748187e+00
-1.750584973315224335e+00
-1.733800796923669285e+00
-1.521369060389635042e+00
-1.969098933869120049e+00
-2.195474873073957500e+00
-1.744913930442568262e+00
-2.037712609929304808e+00
-2.055947538638200900e+00
-2.009167514773082974e+00
-1.666701546150808344e+00
-1.942033578659373649e+00
-1.890561837690146962e+00
-1.996168745974726821e+00
-1.606457472092355676e+00
-1.702689435058016176e+00
-2.101366929767828129e+00
-1.986159423231282251e+00
-1.522142781264836930e+00
-2.279669906308232630e+00
-1.920968489626325937e+00
-1.451878566458564723e+00
-2.052198368678329832e+00
-1.902214120855941548e+00
-2.232803414151672161e+00
-2.435998834277861125e+00
-2.333058903448339994e+00
-2.440408589038753906e+00
-1.823722741193535501e+00
-2.004388564313114518e+00
-2.062238152440209138e+00
-1.716023115145855815e+00
-1.944107519871096645e+00
-2.329912243051400100e+00
-2.528418040913547049e+00
-2.263267358540720142e+00
-1.763657609854089703e+00
-1.654313404257962805e+00
-2.737750046581572949e+00
-1.643875241160206446e+00
-1.736788740522211771e+00
-1.649302126388463297e+00
-1.761554129497021837e+00
-2.530452547224190329e+00
-2.075445391693282904e+00
-1.939205362346271944e+00
-1.865709132070737741e+00
-2.324430608932435138e+00
-2.364706089868475747e+00
-2.053922199425823880e+00
-2.036877631091222884e+00
-1.894709379151568118e+00
-2.141469156924099781e+00
-2.019454112420483671e+00
-1.710614156140095599e+00
-2.148024346807336560e+00
-2.580227312687580099e+00
-2.055384792091711876e+00
-2.242767119707008039e+00
-1.745073784684725293e+00
-1.836048054179869826e+00
-1.954380050528069734e+00
-1.997235420906486869e+00
-1.863421669928552848e+00
-2.202051944208250678e+00
-2.172339381403052716e+00
-1.405647048003974664e+00
-1.348022853679883060e+00
-1.271272613894656178e+00
-2.814579741571581639e+00
-2.283650610707205875e+00
-1.459454439874833032e+00
-1.994081849642594495e+00
-2.096083149596431827e+00
-1.881093140937835972e+00
-1.736681338467218172e+00
-1.891667885806559202e+00
-1.698013976932881253e+00
-2.335839854648718461e+00
-2.730551871667661334e+00
-2.607702144600037020e+00
-1.825563665956569270e+00
-2.189513922570089921e+00
-1.784647225822866279e+00
-2.031952747458529718e+00
-1.583756432479522136e+00
-2.568158733279009898e+00
-2.037621272816775519e+00
-1.644625746037924774e+00
-2.181964560314100243e+00
-1.709296265292618688e+00
-1.968148357589854403e+00
-2.191499434880288977e+00
-1.957328700703162117e+00
-2.266060619850794655e+00
-2.013310406892462101e+00
-1.733749187733345298e+00
-1.948934419741075619e+00
-2.044383695704074189e+00
-2.423681507545936586e+00
-1.720739162493139407e+00
-1.875239266009988359e+00
-2.428219316327148380e+00
-2.204241174578538409e+00
-1.681589717372731219e+00
-2.609356924846605086e+00
-2.164191869599971785e+00
-2.114828081630453216e+00
-2.555856448644047152e+00
-1.665052830845472176e+00
-2.331754309973334660e+00
-1.982423823369912075e+00
-1.486255683746418033e+00
-2.205431967190254472e+00
-1.990905442968796013e+00
-2.341590085411472177e+00
-1.853700718743806153e+00
-1.994477187635693927e+00
-1.800898418662667755e+00
-2.045326278241337281e+00
-1.908498693135225910e+00
-2.080566207941096923e+00
-1.815241990559759433e+00
-1.809103944252608454e+00
-2.356532175933804485e+00
-1.803425039220544424e+00
-1.510614179566158288e+00
-1.836021294587955044e+00
-1.562615250128207567e+00
-1.924685075421653568e+00
-1.960510424236162397e+00
-1.993988553098198668e+00
-1.716034497646625301e+00
-2.363865504795559236e+00
-1.807242922116850892e+00
-1.655591897878086360e+00
-2.329715253800170860e+00
-1.530759145252922782e+00
-2.337460008137770107e+00
-2.087364373371745518e+00
-1.489595758435026784e+00
-2.357490883857746855e+00
-2.045276683752746738e+00
-1.490572689424404462e+00
-1.863649410378267479e+00
-2.361272829348753266e+00
-2.545171677630858387e+00
-2.274257590705091037e+00
-2.340309606248734742e+00
-1.826245021603469798e+00
-2.309755756671240778e+00
-2.595549115250154859e+00
-2.359118571802210074e+00
-1.583362851218538925e+00
-2.086486488494167180e+00
-1.586666793983859680e+00
-2.123325372652600240e+00
-2.074987293551629808e+00
-2.290731679719123282e+00
-1.729343554415813333e+00
-2.289487064106581204e+00
-2.510546682961770859e+00
-1.578418934558368125e+00
-2.064709885875349205e+00
-2.032297750550487780e+00
-2.144630686816846765e+00
-2.093630815355592478e+00
-2.321614035285538780e+00
-2.440052090041672006e+00
-2.100708951921906209e+00
-1.947146754836758920e+00
-2.057410419674905899e+00
-1.909102581630659490e+00
-2.392668350301864866e+00
-1.272693180509890443e+00
-1.893616655041949759e+00
-1.985365681843437091e+00
-1.494738495691070757e+00
-2.017267099164290034e+00
-2.387865196002576074e+00
-1.737509504499648916e+00
-1.643217126663282013e+00
-1.766565381346151486e+00
-2.435705283779143304e+00
-1.447124893556882785e+00
-2.378729656749421384e+00
-2.190477074460382756e+00
-1.815625955077056819e+00
-2.225301520798236954e+00
-2.571659839383326318e+00
-2.056985839778296299e+00
-1.924693614599629843e+00
-2.226262426871685296e+00
-2.056249583221211541e+00
-2.192133334899193375e+00
-2.057708666595811753e+00
-2.246100131845608860e+00
-1.810708704753377862e+00
-2.206634697038201143e+00
-1.898351884202533757e+00
-2.098564096439095028e+00
-1.908042601075930822e+00
-1.913783186155442184e+00
-1.434407804408448062e+00
-1.881699677472167043e+00
-1.886835855435866183e+00
-2.183527953647186326e+00
-1.733529113634095342e+00
-1.672674273306310244e+00
-2.034919108755890438e+00
-1.645959098345227023e+00
-1.646924236998434043e+00
-1.742383902657037353e+00
-1.668339520377970064e+00
-1.850227571811576599e+00
-2.246517450836034602e+00
-1.641077015070403267e+00
-1.992234016180699729e+00
-2.034600627121939898e+00
-2.337026395831849346e+00
-1.596102594213193004e+00
-1.674233176951688495e+00
-1.898807979614094865e+00
-2.320057132951586443e+00
-2.274477379538919042e+00
-2.244103264260620012e+00
-2.159288701287281231e+00
-2.640398054272655504e+00
-1.021880236523781793e+00
-2.366465159098350757e+00
-1.528024771725054354e+00
-2.198013112936000102e+00
-2.353340116045636865e+00
-2.145646128344754988e+00
-1.808141186001642087e+00
-2.261667934677744629e+00
-1.707290644589573692e+00
-1.977162046014456553e+00
-1.723372937259171511e+00
-1.845835090742129925e+00
-2.311347543504794988e+00
-1.926812375195386284e+00
-2.000920484462721749e+00
-2.007955403530421012e+00
-1.357655750246220538e+00
-2.155019716273362196e+00
-1.971153037263978280e+00
-2.266825848444947500e+00
-1.719032906564401220e+00
-1.939286434288071792e+00
-1.816615000488493781e+00
-2.305849642716691239e+00
-1.974946396498236556e+00
-2.101061784233220653e+00
-2.325228993275104461e+00
-1.836440834849469628e+00
-1.713924327233105505e+00
-1.185738036907107773e+00
-2.054078949656438002e+00
-1.958750341159270381e+00
-2.027706798799034704e+00
-2.307648613663638049e+00
-1.927291459171680987e+00
-1.724578716177579185e+00
-1.720490502738940553e+00
-2.567944710854146440e+00
-2.260370022097781817e+00
-1.694801729508587318e+00
-2.330233032858858078e+00
-1.954623567327893330e+00
-2.007463517026210287e+00
-9.249802886448788009e-01
-2.558215740964208340e+00
-2.681404789420011259e+00
-1.714223622347017528e+00
-2.705809365065601657e+00
-1.892831822802012898e+00
-1.605466901142952540e+00
-1.930201192650838227e+00
-2.308649764978128349e+00
-2.074907467543309014e+00
-1.881074361293932018e+00
-2.253558743360678296e+00
-1.969405425048915692e+00
-2.083830895822434304e+00
-2.066445799760242341e+00
-2.116183114024075440e+00
-1.879500234597170749e+00
-1.924415017762587166e+00
-2.252401519289908283e+00
-1.687247722799317007e+00
-1.906163567865130748e+00
-1.550976345889911290e+00
-1.978560003737652284e+00
-1.759584799100839536e+00
-2.109963364003395458e+00
-1.848242746963493222e+00
-2.065427754344522970e+00
-2.184933161029374293e+00
-2.133014512316368627e+00
-1.771979151392196972e+00
-2.448304620998272174e+00
-2.168854233110121488e+00
-1.697219917070715400e+00
-2.102038749019574215e+00
-2.191687539277005659e+00
-2.151469158596349462e+00
-1.765879631150371942e+00
-1.489486150295743716e+00
-1.678954154813429245e+00
-1.726913313543463335e+00
-1.587697539249807388e+00
-1.902127297119522442e+00
-2.061431675175438460e+00
-1.853098116102853243e+00
-2.423966738944369315e+00
-1.821995578525851034e+00
-2.041162394682564329e+00
-2.116310780773819733e+00
-2.027368256715246009e+00
-1.976976151168554185e+00
-2.011015759346602483e+00
-1.991854217002813510e+00
-2.248188017621373991e+00
-1.485756966055025163e+00
-2.079633033874460413e+00
-2.008708804238427792e+00
-1.625089924276837738e+00
-1.699022109715187856e+00
-1.679733071650702403e+00
-2.133333200979566247e+00
-2.264893235399391802e+00
-1.896011998441800461e+00
-1.949162919479466627e+00
-1.957480315011399075e+00
-1.680260736399717292e+00
-1.983844228174703961e+00
-1.974730565039856334e+00
-2.201129246330677081e+00
-1.560601561425938311e+00
-1.796424841438981179e+00
-2.448428280835838411e+00
-2.469662237834807872e+00
-1.826376074624935786e+00
-2.560061096026725824e+00
-2.428491522703890571e+00
-2.222735108648809632e+00
-1.586569006909716695e+00
-2.106654401851795644e+00
-2.191684613269057724e+00
-1.843196815894842633e+00
-2.295367551763491054e+00
-1.770865098343275879e+00
-1.790550884310726065e+00
-1.462851836386706683e+00
-1.246373656209509573e+00
-2.147967287571035389e+00
-2.184235375992923611e+00
-1.617638230660955134e+00
-1.632759767326432243e+00
-2.042397546562135791e+00
-2.356608537543632753e+00
-1.913383278047114278e+00
-2.598842232735018687e+00
-1.817066286856612312e+00
-1.762655199680086771e+00
-2.377134098323779643e+00
-1.400684422063332324e+00
-1.751852546846184300e+00
-2.038200471594987295e+00
-2.225862396567461321e+00
-1.776559717638801050e+00
-1.728979742649539464e+00
-1.872626111193215426e+00
-2.468650457313711133e+00
-1.734399396681336913e+00
-1.969652696745523901e+00
-2.123170340574449089e+00
-2.483155459582552016e+00
-2.165970893485618110e+00
-2.453208462742371143e+00
-2.158682405727536224e+00
-1.974223600806990664e+00
-2.309317356628217244e+00
-2.135164719557448354e+00
-2.001750830563221673e+00
-2.254165819527039094e+00
-1.955783082328089950e+00
-2.249075152243620312e+00
-1.819807590161178101e+00
-2.208569598837275993e+00
-2.314341107722484470e+00
-2.253608401907631009e+00
-1.970379782334589880e+00
-2.590416297179768623e+00
-2.367380674065433954e+00
-2.037798201167003942e+00
-1.612368077401901356e+00
-1.725550323201343605e+00
-2.354710932675569968e+00
-1.862565067551376519e+00
-2.323121977319605680e+00
-1.678213533544383740e+00
-1.470255237516969959e+00
-2.403851953777167427e+00
-2.046668044936652553e+00
-2.113828292140639054e+00
-2.231008100656735937e+00
-2.417993900864740642e+00
-1.948481867907093434e+00
-2.393063898683380319e+00
-1.967483162841606958e+00
-2.024469980254445023e+00
-2.258993159213400492e+00
-1.958427657711692138e+00
-2.522872085129325814e+00
-2.321190503513846703e+00
-1.935431886517176014e+00
-1.652839746494234152e+00
-1.515587158174359406e+00
-2.696174276516043467e+00
-1.384672070920640596e+00
-1.608317733455213006e+00
-2.332216688563111706e+00
-1.906320858347676950e+00
-1.793561258889650123e+00
-1.915424201659636783e+00
-2.348425733337072163e+00
-1.921042336384749749e+00
-2.602227388941078079e+00
-2.284988574372566195e+00
-2.098492210132083091e+00
-1.859947226596070369e+00
-2.260841037859567582e+00
-1.974248066739332064e+00
-1.597342446757398893e+00
-2.096985637682532211e+00
-2.361337322948852790e+00
-1.206131282036896568e+00
-2.152038405555587008e+00
-1.724288831828254320e+00
-1.926754262141891605e+00
-2.693977813458158455e+00
-1.642874760602037743e+00
-1.568214292916931374e+00
-2.495178446244967763e+00
-2.329629603100354718e+00
-1.774341336727719654e+00
-1.892243866220920001e+00
-2.201814280696627879e+00
-2.369482852458152156e+00
-2.334423216086304098e+00
-1.981815054737279258e+00
-2.575037641860636217e+00
-1.304780019749121056e+00
-1.998275407788196123e+00
-1.947358834046074794e+00
-2.131944763619149530e+00
-2.116551620952027424e+00
-1.665927437982219761e+00
-2.403686168160920733e+00
-2.066863621456985545e+00
-2.259484643687639238e+00
-1.751900271617107041e+00
-1.969525063480136229e+00
-1.796131698888157491e+00
-1.825023637359141748e+00
-1.902728692437430258e+00
-1.149642730775152888e+00
-2.116291320385631725e+00
-2.084110443495611253e+00
-1.962660794725796354e+00
-1.815529806849614847e+00
-2.182262404686181601e+00
-1.401914662076585660e+00
-2.101006108965816299e+00
-2.353535626792347291e+00
-1.409545036652371852e+00
-2.284401393809883718e+00
-1.553862286975685070e+00
-2.287236950305470362e+00
-2.059200204859234606e+00
-1.877203507976898056e+00
-1.896654666410580337e+00
-1.934696655533681753e+00
-1.842411627123205609e+00
-1.677183381979447052e+00
-2.007080815283903252e+00
-2.368744644816193290e+00
-2.320312463307079742e+00
-1.857273876447994798e+00
-1.649751655900410174e+00
-2.583893760896085912e+00
-1.642266037388458333e+00
-2.072444963927875694e+00
-2.352946996940062707e+00
-1.702647578598084355e+00
-2.254396963966094791e+00
-1.772835303846403310e+00
-2.192806907771930103e+00
-1.630034983057146558e+00
-1.957048071944509804e+00
-1.237637822223110806e+00
-2.062062411921506300e+00
-2.238782636127500059e+00
-2.036884778520598349e+00
-1.526255577807841934e+00
-2.563617202117598470e+00
-1.554312246572467249e+00
-1.817103944693475359e+00
-1.938428513032907308e+00
-2.143657554317176750e+00
-2.327470992441381004e+00
-1.545458776837190573e+00
-1.708446460955425739e+00
-1.597008745527138007e+00
-1.718302274237264005e+00
-2.210082225012275803e+00
-1.816081627416688438e+00
-2.041858717991598571e+00
-2.328279983910917839e+00
-2.118518878602824618e+00
-1.722150005859572008e+00
-1.847433822329648923e+00
-2.537891693661852077e+00
-2.146427914502990308e+00
-2.370308905307773717e+00
-1.648794100312596544e+00
-2.215689255350639986e+00
-1.560041829680834713e+00
-2.313407511145602502e+00
-1.973018607758735943e+00
-1.925944459398220676e+00
-2.052488551374342496e+00
-2.300266489617218912e+00
-1.817074661595658558e+00
-2.643027099638157740e+00
-1.990020368654292771e+00
-2.134219861398119367e+00
-1.568825536047568026e+00
-2.350418256097125624e+00
-1.376940172694253395e+00
-1.473413656076175915e+00
-1.880538898562875705e+00
-2.066624355405803914e+00
-2.032267835405971557e+00
-1.944900392057956839e+00
-1.903250796787326227e+00
-1.756312657204649685e+00
-2.078164382900162810e+00
-2.143921041484010193e+00
-2.582338681277942971e+00
