-2.256236316748138737e+00
-1.905214331956799345e+00
-1.636064778095065453e+00
-2.185260502981965391e+00
-2.113209939554313355e+00
-2.200241461607529647e+00
-1.585603567495209365e+00
-1.863796806311839749e+00
-2.130520953550398833e+00
-1.638265897861448384e+00
-2.077079456225395138e+00
-2.355602588247834195e+00
-1.994037570198095910e+00
-2.218044765812106522e+00
-2.076163845148567777e+00
-1.718974103323230640e+00
-1.968081110576538340e+00
-2.431921366854212341e+00
-2.072061133951006884e+00
-2.240272552943477269e+00
-2.053094389143343523e+00
-1.795285806782328297e+00
-1.715096460496543518e+00
-2.397624372208899235e+00
-2.416479347072695294e+00
-2.021301349449846629e+00
-2.391747439237204009e+00
-2.027832996149311118e+00
-2.149350261778014914e+00
-1.658516224956333662e+00
-1.681129388346983777e+00
-1.976750569632909293e+00
-1.421006699425490627e+00
-2.476114576286509550e+00
-2.142031321029631119e+00
-1.904238087041699945e+00
-2.243637076974796418e+00
-2.100822612836627190e+00
-2.440993867764956082e+00
-2.180370642482071464e+00
-2.365333373163320818e+00
-2.280128312961718695e+00
-2.183779060153444807e+00
-2.243752860558363427e+00
-2.167916784467227576e+00
-1.760498012509323917e+00
-2.268105019065334904e+00
-2.450627095948963774e+00
-2.100431868634086374e+00
-2.070898407690430876e+00
-2.413400979215201136e+00
-1.790621728740703578e+00
-2.373557998687453097e+00
-2.209926391694843506e+00
-2.011114926908316836e+00
-1.983243143021045984e+00
-2.170780912359884685e+00
-1.947563451730724982e+00
-2.439879519563934895e+00
-2.168034903902484434e+00
-2.072011573243362381e+00
-2.469044755422178827e+00
-1.936403005024506019e+00
-2.322733920201610847e+00
-1.828779597387840017e+00
-1.894702430255419845e+00
-2.001794804084664481e+00
-1.816263353865384733e+00
-1.688173443335939883e+00
-1.933496340617747666e+00
-2.032900786912538837e+00
-2.198570646506635473e+00
-2.031039955417981435e+00
-1.407339858698830160e+00
-1.981404006778252569e+00
-2.082642459082464814e+00
-2.077947888643500551e+00
-1.764925504790815669e+00
-1.669242101219126528e+00
-2.441628479705013621e+00
-2.150527684236611226e+00
-2.435059615105125363e+00
-1.677119034692001964e+00
-2.641997321281355671e+00
-1.754912985184188035e+00
-1.335428377615781148e+00
-1.760367516355441087e+00
-2.276971425145344785e+00
-2.183220669473503239e+00
-2.031871261315818078e+00
-1.755464965594967897e+00
-1.985018225194981500e+00
-2.335976747804846543e+00
-1.555776069935955963e+00
-2.156373743522511877e+00
-2.297623391545965621e+00
-2.564347031107349739e+00
-1.928469353093757110e+00
-1.846073261763944817e+00
-2.316613675700697872e+00
-1.847965189244807238e+00
-2.238480206847823784e+00
-1.769448488860956292e+00
-1.685287677869099054e+00
-1.508777281296336259e+00
-1.700770076944739362e+00
-1.944652807590256050e+00
-1.961741635746680590e+00
-1.705426930733925150e+00
-2.097368164279022285e+00
-2.173176116601322594e+00
-2.092025728135457729e+00
-2.376328032659043021e+00
-1.996231617468009478e+00
-2.072367747677972272e+00
-1.818464248080925660e+00
-1.840492070771159394e+00
-2.567639790162726587e+00
-1.844412154074206445e+00
-1.901779441862773812e+00
-2.041090676739358845e+00
-2.483460045105797764e+00
-2.037710572088233807e+00
-2.234630208799199824e+00
-2.413169698022889609e+00
-2.052363686966057532e+00
-2.034751493497131580e+00
-1.770820222322353477e+00
-1.752778621197297770e+00
-1.913666875336510476e+00
-2.146762001212365600e+00
-1.604027012831255039e+00
-1.995448027731751228e+00
-1.815274417080580793e+00
-1.971723129981917122e+00
-2.300599885393854738e+00
-1.786886939496433957e+00
-1.963555181174172493e+00
-2.093153385995301097e+00
-2.253662353645520700e+00
-1.719201407752028121e+00
-1.987323586485690630e+00
-1.917062982166897189e+00
-2.811793531296079340e+00
-1.872162497333068831e+00
-2.327731307551966555e+00
-1.627428890487703672e+00
-2.323354875463725211e+00
-2.708216483994956736e+00
-2.487265704386578680e+00
-1.911057835574926589e+00
-2.036691510058473487e+00
-2.190894386418289930e+00
-2.077923533031829084e+00
-2.322059409280982312e+00
-1.893196885064803769e+00
-2.227829744897047437e+00
-2.330116312348395002e+00
-1.513992323533364104e+00
-1.526399313799438051e+00
-2.400994015693968198e+00
-1.839404073286939667e+00
-1.803866038586836584e+00
-2.351101629653474578e+00
-2.463198756033165626e+00
-1.995597728665636783e+00
-2.204973425639149998e+00
-1.689288058457283359e+00
-2.465075670412876452e+00
-1.987117031214709062e+00
-1.923499336293009510e+00
-2.207742109222540439e+00
-1.781923787316831653e+00
-2.116149382730733830e+00
-1.964328004919377424e+00
-2.382894320420149814e+00
-2.189068029041081775e+00
-1.658436161783733764e+00
-2.929809379899151356e+00
-2.369911082654919898e+00
-1.742621357783301850e+00
-1.925157291887348965e+00
-2.039962580871549580e+00
-1.762442759760395550e+00
-2.148782236268644841e+00
-2.901722355021999267e+00
-2.652441071831117103e+00
-2.367234457782992241e+00
-1.991553925507699052e+00
-1.668582165007731266e+00
-1.839655098310107650e+00
-2.166245448128148343e+00
-2.092490516258881161e+00
-1.683550548439289418e+00
-2.040033978722999297e+00
-1.831018570261008893e+00
-2.049634251081240865e+00
-2.061046102142154002e+00
-1.945013915226962542e+00
-2.254584345407711243e+00
-2.308693868600223187e+00
-2.132546618312617159e+00
-2.688871438364796251e+00
-1.754875610715420198e+00
-2.140341222137575716e+00
-1.824751105950195740e+00
-2.037018355002534253e+00
-1.545502563123325235e+00
-2.287553389772167822e+00
-1.843216526142338996e+00
-1.922714581824326974e+00
-2.410240756483752467e+00
-2.374226302969795643e+00
-2.324464352085105379e+00
-2.154733479766957505e+00
-1.695065090682011277e+00
-1.925600300122404906e+00
-1.894279737431518118e+00
-1.862541231243075135e+00
-1.788007384451188120e+00
-2.193611455310940261e+00
-2.441118404410261622e+00
-1.964150188902249017e+00
-1.993625510297614145e+00
-1.955617325609875667e+00
-2.621205585493541879e+00
-2.527536921509881740e+00
-2.298092693508284601e+00
-1.515262510882028568e+00
-1.681424098603220063e+00
-2.280246317756731589e+00
-1.943084214938448628e+00
-1.906659947618213113e+00
-1.447367504737155475e+00
-2.233717291854997899e+00
-2.334253012786693393e+00
-2.414130672281111334e+00
-2.532043181129492115e+00
-2.618138976312636590e+00
-2.183468517050922930e+00
-1.803070782874244049e+00
-1.712495153958910610e+00
-1.960246592160932000e+00
-2.240156904782754754e+00
-2.530107735466863961e+00
-2.155348677360553911e+00
-2.433679113489756407e+00
-2.315323685145916688e+00
-2.008848502335503827e+00
-2.093621319467974917e+00
-2.152823147445492413e+00
-1.971840809895678337e+00
-2.666462520570562322e+00
-2.268888066425692518e+00
-1.830892153535064626e+00
-2.070645797337200111e+00
-1.797782766817768607e+00
-2.545712312900779484e+00
-2.457798081699163806e+00
-1.594799313964851084e+00
-1.840320644343702572e+00
-2.013261865049852606e+00
-2.344022927250677402e+00
-2.021026512300164502e+00
-1.695361064620759084e+00
-2.791230176251741302e+00
-1.591771067770786363e+00
-1.350251181428934633e+00
-2.266958964684449018e+00
-2.161524715494705706e+00
-2.660515168381519135e+00
-1.751810120510530755e+00
-1.895833404232594166e+00
-2.145467790870271063e+00
-1.806915919341495869e+00
-2.073668677593648813e+00
-2.318229057737835053e+00
-1.829951570930763882e+00
-2.367814166704168333e+00
-2.126360906679327645e+00
-2.002346670147169494e+00
-1.851428982465890716e+00
-2.071793805169786840e+00
-1.908996316360167089e+00
-2.572661705459321713e+00
-1.910488222057301844e+00
-2.255607327465769973e+00
-2.014754347595325346e+00
-1.653613233513706815e+00
-1.534502014307872475e+00
-2.462494180572163405e+00
-2.710483941598500923e+00
-2.083922362411481988e+00
-1.852733613545752167e+00
-1.499516534370914034e+00
-2.386763127551351449e+00
-1.936093974196567036e+00
-1.921346010175927876e+00
-2.243201771655801924e+00
-1.674912791769091580e+00
-1.914213979756749229e+00
-1.856656896935622303e+00
-2.049932897175136493e+00
-2.452716656922337979e+00
-2.139641893671079931e+00
-2.138505349430840585e+00
-1.873864138354417452e+00
-1.847689399244874853e+00
-2.535425162980982083e+00
-1.541833795770824356e+00
-1.912358566383340008e+00
-2.275874600313212870e+00
-1.790808423571946140e+00
-1.662860839634970223e+00
-2.295833508977839887e+00
-2.572295937927993936e+00
-2.573355251764266161e+00
-1.924689708417180345e+00
-1.715965916108260547e+00
-1.619343690711199546e+00
-1.965710303514489166e+00
-1.821161281983432634e+00
-2.301728226733793736e+00
-2.025760926936012840e+00
-1.924162837867023246e+00
-2.142712069269542940e+00
-2.436957039181944840e+00
-1.658484602161966581e+00
-2.012284695492251974e+00
-2.310692226407877303e+00
-1.465776549572961773e+00
-1.731588614309174989e+00
-2.075139834230082858e+00
-1.680459028988910308e+00
-1.932337824311315178e+00
-1.840745464268899401e+00
-1.883169493346489975e+00
-1.903150750890770571e+00
-2.090699436099856090e+00
-1.928802819571640459e+00
-1.733838256078799933e+00
-1.940714918692333146e+00
-1.907492476467180786e+00
-2.364388123207586734e+00
-2.470334180358595422e+00
-2.300682739711259917e+00
-2.498459980073147069e+00
-2.122038003517151328e+00
-2.286535518055299310e+00
-1.897670559169672533e+00
-2.166558150656982651e+00
-2.111782799279513956e+00
-1.550910207438608968e+00
-1.747445348299887957e+00
-1.262124621802148017e+00
-1.901717622797324925e+00
-2.055501735215607528e+00
-2.073891078924252174e+00
-2.412601391787728478e+00
-1.695067156895041283e+00
-2.237444096486012501e+00
-2.338144232741879325e+00
-2.322928313531985811e+00
-1.780915364191710371e+00
-1.895209278715869861e+00
-2.643989456969827234e+00
-2.204586591631639170e+00
-2.066606740376688567e+00
-1.776832492750159975e+00
-2.111522497406913335e+00
-1.575244380345118156e+00
-1.968912989100453093e+00
-2.050621987436589411e+00
-1.695253267132191599e+00
-1.688738092415132730e+00
-1.998637643725555524e+00
-2.257294892655025809e+00
-2.207882590037723691e+00
-1.699962509065291005e+00
-2.681031740988583767e+00
-2.163402328397016294e+00
-2.066191160242457858e+00
-1.766635358311763770e+00
-2.181409124853381787e+00
-1.836713884494507898e+00
-1.662063973175510245e+00
-1.689593042920837451e+00
-2.831982298637751416e+00
-2.091657846099391094e+00
-1.900801252776798567e+00
-1.676040323072726768e+00
-2.058900198576762097e+00
-1.995877301337654064e+00
-2.218735625388277288e+00
-2.340989763580977101e+00
-1.996979056759736526e+00
-1.889925883049688782e+00
-2.074394440869852918e+00
-2.269461311293142547e+00
-2.001751315405443155e+00
-2.143706536612012048e+00
-1.908933363353604751e+00
-1.999447976202560984e+00
-1.621145837748802609e+00
-1.459338546189411279e+00
-1.974710950550396138e+00
-1.934013572921284396e+00
-2.060440364497307275e+00
-2.128196763020643534e+00
-2.165174964586626505e+00
-2.087268702242593310e+00
-2.101218472666993353e+00
-2.106678786786269075e+00
-1.963743054364984086e+00
-1.543153628080905282e+00
-2.033813963661313284e+00
-2.006086566764164747e+00
-1.568671744086098219e+00
-2.549181066619376157e+00
-1.924294525409014245e+00
-2.255051210465613298e+00
-1.873876931392868261e+00
-1.820067066568402669e+00
-2.112543107380418395e+00
-1.876957532114813976e+00
-1.859880553569958739e+00
-2.085870740261374312e+00
-1.990996563292835919e+00
-1.815593642507199679e+00
-2.152066129003197492e+00
-1.863975131415433584e+00
-2.092137663697624550e+00
-1.965146875734074872e+00
-2.342554270737661870e+00
-1.786875517467497065e+00
-2.352604739086505692e+00
-2.445165108578468693e+00
-2.139867522004323508e+00
-1.978180324029164883e+00
-2.409530332568142530e+00
-1.965138296211329294e+00
-2.414017570977943894e+00
-1.894545181138955758e+00
-1.769384119439657344e+00
-1.648414891399618387e+00
-1.764883168506408584e+00
-2.795349481053865492e+00
-2.286340954524998192e+00
-1.962060402475906518e+00
-1.793140612086216112e+00
-2.554881627575117609e+00
-1.798933603302704132e+00
-2.036088124423635737e+00
-1.760993871957805101e+00
-1.818763180211896202e+00
-1.991144594052310257e+00
-2.186012149214957123e+00
-1.683219422752035843e+00
-2.003123400262897480e+00
-2.302266586623409328e+00
-2.098459325057913549e+00
-2.350478969321422529e+00
-2.378246598995336303e+00
-2.317182459241048154e+00
-2.362156319958352402e+00
-1.961062543206356867e+00
-1.664400792013108532e+00
-2.206030908733982887e+00
-1.985748227499375407e+00
-2.336351963268175513e+00
-1.840642258410586596e+00
-1.928215632075101826e+00
-2.193647591651885609e+00
-1.471662770543983090e+00
-2.098052570052712174e+00
-1.419839160674993384e+00
-2.053212333079937668e+00
-1.959224862360990915e+00
-1.737926541787370827e+00
-1.773282366030767054e+00
-1.805150748354109158e+00
-1.966695716553186646e+00
-2.190094317760643339e+00
-2.282547924071103740e+00
-2.022713158238616860e+00
-1.984436740855845205e+00
-2.277540405310741978e+00
-1.959872696176671258e+00
-2.207120634775986634e+00
-1.906695859315786112e+00
-1.973352704469036656e+00
-2.375872044809054007e+00
-1.927271776843593631e+00
-1.829502648929736797e+00
-1.810739353299811061e+00
-2.077703970131129285e+00
-2.160056661103002984e+00
-2.163191137048468438e+00
-2.472421881299827096e+00
-1.351829856613076419e+00
-1.936123850080385456e+00
-2.002039921069734607e+00
-2.490367925431297369e+00
-2.688016063550560109e+00
-2.295244328137613810e+00
-2.378744552600406070e+00
-2.041436564665002340e+00
-2.072118778452268106e+00
-2.647724345380107369e+00
-2.222326085636293858e+00
-2.468966254171335084e+00
-1.612407859879784855e+00
-1.997068969068973576e+00
-2.357147961778384815e+00
-2.421314401433005248e+00
-2.572335150668328740e+00
-2.090552565480927161e+00
-1.670832509209266181e+00
-2.350495036092624890e+00
-1.994721626058745034e+00
-1.899802414394772487e+00
-2.599802912070878325e+00
-2.450858611733590653e+00
-2.313428815343006040e+00
-1.846074674150840256e+00
-2.167920199480257271e+00
-2.021515734986412571e+00
-1.477571585019231026e+00
-1.765016241967384492e+00
-2.119432184154714793e+00
-2.396355469825185214e+00
-2.026898294847950144e+00
-2.575529577347211774e+00
-1.925702180485981518e+00
-2.013704477658816661e+00
-2.209695622914236157e+00
-1.573927775708587884e+00
-1.913607144139956251e+00
-2.049477065714349511e+00
-2.478399509701333603e+00
-1.911856014478470644e+00
-2.354179745998547180e+00
-2.246436715079913160e+00
-1.768853736750952255e+00
-1.817507911181831748e+00
-1.875933203739626354e+00
-2.034614536081424507e+00
-2.215716857107001392e+00
-1.876486540831546979e+00
-2.493530911689593399e+00
-2.393526270499155562e+00
-2.119456263443578070e+00
-2.185775882129874947e+00
-2.426580778991433096e+00
-2.021079500111423233e+00
-2.094365884007892920e+00
-1.857808892289103841e+00
-2.194815595176115242e+00
-2.206987994911795870e+00
-2.685684794070607229e+00
-1.536740693069714059e+00
-1.848862279519559504e+00
-2.530541516866041452e+00
-2.104140450610647139e+00
-2.210386636357789758e+00
-2.118079653163782883e+00
-2.086022572390803465e+00
-1.734235022233182821e+00
-1.703770950749160296e+00
-1.860894973068380143e+00
-2.055578610943659346e+00
-2.415619910014389138e+00
-2.250879980692698457e+00
-1.850484611935702350e+00
-2.124692714582597564e+00
-2.454788155498125679e+00
-2.250834303716999774e+00
-2.245552522902329873e+00
-2.058872520057076105e+00
-1.841281207463492553e+00
-2.008656458780397447e+00
-1.612257952165500274e+00
-1.421245109958673591e+00
-1.967652978391595031e+00
-1.823742569719435824e+00
-2.556997175828766178e+00
-2.295156500923973386e+00
-2.306719696922848062e+00
-1.989139252668828295e+00
-2.475587740078897259e+00
-2.308644284955204018e+00
-2.073135652814209084e+00
-2.220922616419880757e+00
-2.059008722150789783e+00
-2.092817401131068511e+00
-2.385390792532146254e+00
-1.583339114344003651e+00
-1.799392442949106385e+00
-1.845305284005743562e+00
-1.907301293408321552e+00
-2.283295519292576348e+00
-1.699353088388527500e+00
-2.183207639372949149e+00
-1.249675760339914010e+00
-1.996218077127697388e+00
-1.875812469581152886e+00
-2.067308661396666469e+00
-2.086597154463607939e+00
-1.607967558048838175e+00
-2.302002468178433237e+00
-1.560250827934109186e+00
-1.994863975466167449e+00
-1.326464153574420823e+00
-2.498301876586201065e+00
-2.345668878479454822e+00
-1.919705385667051178e+00
-1.238588759449097854e+00
-1.481589874170755383e+00
-2.224321789243493885e+00
-2.030819056819194390e+00
-2.396813504338898060e+00
-1.842685096252186572e+00
-1.968434582003383060e+00
-2.124764934505475100e+00
-2.194224204951279678e+00
-2.051453244439973123e+00
-1.865805605179373661e+00
-1.933834346816450722e+00
-1.670900558448395135e+00
-2.354540340901341455e+00
-2.318593597629558634e+00
-2.395995447047607474e+00
-2.096213315157929191e+00
-2.478080547828849678e+00
-2.050584534757103672e+00
-1.575374509678976853e+00
-1.858234358282193188e+00
-1.806642989746626515e+00
-2.159683419498894086e+00
-1.849673528333600547e+00
-2.340687446856087650e+00
-2.042365048074675560e+00
-1.910762722636921485e+00
-2.163581402655538444e+00
-1.699439391319775172e+00
-2.716947402205697859e+00
-2.110822138931166325e+00
-2.311871629804095551e+00
-1.971904840528364122e+00
-1.750028083052497241e+00
-1.850202556286099753e+00
-2.162186154936698745e+00
-2.137292396408306150e+00
-2.188649604706281782e+00
-1.746693294101259841e+00
-1.693031980380773849e+00
-2.489386212781323326e+00
-1.902622667309970428e+00
-2.047569765891890103e+00
-2.232191486866132113e+00
-2.834463338419006551e+00
-2.033721928258000577e+00
-2.136711727463776800e+00
-1.757048215823470816e+00
-2.156749330071403126e+00
-1.976740777159332385e+00
-2.271413890019669868e+00
-2.282858497810878351e+00
-1.747456187458287236e+00
-2.089351106478137599e+00
-1.601413236281051145e+00
-1.946533187000519138e+00
-2.013632839688594078e+00
-1.751697935085591684e+00
-1.987157883476192044e+00
-1.421273441081657207e+00
-2.418712710918751174e+00
-2.085517752961252302e+00
-2.410819099377559116e+00
-2.576698213566523510e+00
-2.011188094379772640e+00
-2.001208284530804793e+00
-1.865404476397757083e+00
-1.515285510084588783e+00
-1.681646488929292804e+00
-1.732204143653007566e+00
-1.639687808826213899e+00
-2.518031892477513356e+00
-2.303871712292585361e+00
-1.907361751727098653e+00
-1.855814134693052342e+00
-2.352325352460408414e+00
-1.621247635151935373e+00
-2.198917346469162926e+00
-2.293390869486213735e+00
-2.337549104295213898e+00
-1.945099233036750253e+00
-2.217647211989838940e+00
-2.713042216722879818e+00
-2.387990893346522814e+00
-1.896014388747975676e+00
-2.833400076861562145e+00
-1.994698954859313478e+00
-2.002168884980813690e+00
-1.743004800243948882e+00
-1.926885639411100914e+00
-1.766536111839777323e+00
-1.951370792186116976e+00
-1.778192709232524482e+00
-2.343069640422907884e+00
-2.078216773472594259e+00
-1.806813257178064180e+00
-2.159245640255030185e+00
-2.104514474298266880e+00
-1.984826018639925582e+00
-1.837427803777487600e+00
-2.048270878641080817e+00
-2.274926068894132403e+00
-1.546831674762830122e+00
-2.170303689583559237e+00
-2.038909748437145897e+00
-1.562976925406314610e+00
-1.794832758212687285e+00
-2.394323704751954995e+00
-2.300051238302696976e+00
-1.750307428531769904e+00
-2.310936641958936111e+00
-2.339257282687040362e+00
-1.551068081167063628e+00
-2.250766873292662229e+00
-2.130773059040113271e+00
-2.133376390411467316e+00
-2.357120937493846657e+00
-1.848679438472379477e+00
-1.838537989531030536e+00
-1.896924039769129156e+00
-2.121901004026252924e+00
-1.532140560652156314e+00
-2.174322349695512191e+00
-1.651852821397281179e+00
-2.017039318115056989e+00
-1.881529805631843022e+00
-1.876946008585502756e+00
-1.591618126605185868e+00
-2.668985687573528498e+00
-2.166537849127753379e+00
-2.600130066889580593e+00
-2.065712328322821367e+00
-1.987157337633778997e+00
-1.956429841590431540e+00
-1.741138162012854540e+00
-2.389392619098817949e+00
-1.701305652088224374e+00
-1.568961487134164390e+00
-2.080291086502253695e+00
-2.442159822595418195e+00
-1.532212166114542473e+00
-2.285277854466425840e+00
-1.788551568481019149e+00
-2.615046272670948913e+00
-1.812358805899557002e+00
-1.858725346489265906e+00
-2.588918783057332806e+00
-2.509521387276916204e+00
-2.414185203981450645e+00
-1.961351110684514953e+00
-1.193629987123391079e+00
-2.501511669284428141e+00
-1.823898218157620210e+00
-2.077737492652755424e+00
-2.739885510209358888e+00
-1.510358769626372943e+00
-2.128209110522341962e+00
-2.429603452053858081e+00
-2.190733672508813346e+00
-1.877279598526218951e+00
-1.934698645556912400e+00
-1.833967195312141474e+00
-2.005821663930167364e+00
-2.597764449449283308e+00
-1.436253492397256526e+00
-1.811804147718485414e+00
-1.569912619383361463e+00
-1.906521841281304308e+00
-2.269079052815861974e+00
-1.870159934100418031e+00
-1.752725787821101111e+00
-1.858880856987017882e+00
-1.815681834439946574e+00
-2.363839058530512904e+00
-2.294057939432459836e+00
-1.574869738037549372e+00
-2.151488005403277004e+00
-2.098389013242251355e+00
-2.448441450647408590e+00
-1.611949750139836102e+00
-1.729484912251960882e+00
-2.430610946921980986e+00
-1.434044050261999548e+00
-1.695470879301471445e+00
-2.035324116612642786e+00
-1.984959857369194669e+00
-2.419172788331732438e+00
-2.711391933540231225e+00
-1.438730762312847578e+00
-1.409483994466067980e+00
-1.546458232911664954e+00
-1.622262666605483350e+00
-2.369999787671237090e+00
-2.595481708299257395e+00
-2.028459100237679724e+00
-2.079658117844684018e+00
-1.398729918317109355e+00
-1.821284280544209100e+00
-1.886418901345067400e+00
-1.780931825258495582e+00
-1.859074602397749576e+00
-2.486141091229559397e+00
-2.286325438503873375e+00
-2.294563640118756798e+00
-2.447988933070473383e+00
-1.347575196270599296e+00
-1.885760654922585378e+00
-1.972638068358151475e+00
-2.005766125826316415e+00
-2.323084165940775936e+00
-2.309323497655775714e+00
-1.876758480379994598e+00
-2.061793303711330072e+00
-1.866260734004779653e+00
-1.538931954976395122e+00
-2.090200425170693155e+00
-1.972448549904136872e+00
-2.044483435367514534e+00
-2.638495485201620472e+00
-1.936747242596809304e+00
-2.874061575704214722e+00
-2.225644108046009872e+00
-1.624773822359049991e+00
-2.081615133056655242e+00
-2.363866694792769341e+00
-2.388688484990876493e+00
-2.136896660004421467e+00
-1.331172649079985337e+00
-1.986584937062997103e+00
-1.695203263155509621e+00
-2.361573036094239075e+00
-1.535334261952947532e+00
-2.833921078941575633e+00
-1.324836531471341505e+00
-2.793186729048305228e+00
-2.140199575562168111e+00
-2.653348022921747873e+00
-2.394114648795046651e+00
-1.917842021920062923e+00
-1.719297781073344300e+00
-2.330353117499133209e+00
-2.233330254730401254e+00
-2.117150423555291372e+00
-2.228266067324096600e+00
-2.040269850313759736e+00
-1.950311364050357543e+00
-1.742433244112503221e+00
-2.100892992041125229e+00
-1.751079337600554897e+00
-2.351825798477048313e+00
-1.914632184444752472e+00
-1.547929155393378053e+00
-2.483873300071647083e+00
-2.011652499123720350e+00
-2.145062148565795912e+00
-1.975900604132901694e+00
-2.629950207171817045e+00
-1.724095768758733715e+00
-1.795549275881079598e+00
-1.961542078144649981e+00
-2.325140490041665675e+00
-2.172415777036079465e+00
-2.336461815313118695e+00
-1.925670782808485360e+00
-1.703223582957634097e+00
-1.744492614130234376e+00
-1.958790126226244599e+00
-2.245527903247847679e+00
-2.123490749426200086e+00
-2.067060531257720601e+00
-1.827656566515756698e+00
-2.250887799813137580e+00
-1.829486842465403829e+00
-2.450579976465708132e+00
-2.769647150013636594e+00
-1.881273460794301133e+00
-2.612808300987485399e+00
-2.224881630164493362e+00
-2.713415635127557568e+00
-1.817125156057425972e+00
-2.705968218953327398e+00
-1.978094509559948921e+00
-2.103356547354938488e+00
-1.865275548210793222e+00
-1.906045549361178093e+00
-2.686425352180134229e+00
-2.115659513627843769e+00
-2.398047516874293184e+00
-1.729014812580434768e+00
-1.727246107494697203e+00
-2.036984036511390261e+00
-1.705197162357312113e+00
-2.071765986477491328e+00
-2.386822935426974102e+00
-2.102067228167041169e+00
-1.570540395272015832e+00
-1.554805197755183332e+00
-1.857602020357600470e+00
-1.961655766007361468e+00
-1.645742179903689095e+00
-1.882875320298974753e+00
-2.236083865264671733e+00
-1.985395414172448358e+00
-1.527413225442830313e+00
-1.995197382695334642e+00
-1.882773399082122712e+00
-1.961577764685227709e+00
-1.593635536003295439e+00
-2.134602743430737082e+00
-2.252921418527872977e+00
-2.284472877892636422e+00
-2.391897951203827422e+00
-1.641793913563998064e+00
-2.032978236129185934e+00
-2.062512694287268022e+00
-2.141930371944092304e+00
-1.693876379970799650e+00
-1.504083212289093030e+00
-2.078166356174989904e+00
-2.714900358883241882e+00
-2.231467556433056831e+00
-1.942244702689170044e+00
-1.927604408603660335e+00
-2.386137914052856690e+00
-2.564764858093365962e+00
-1.899256135627173325e+00
-1.885919368260314588e+00
-2.481599455429947643e+00
-2.489378580791623552e+00
-1.617300425243815898e+00
-2.122257878209186988e+00
-1.523944235245639600e+00
-1.736438367811495187e+00
-2.300405400386182908e+00
-1.809037548425547204e+00
-2.387504804699859040e+00
-2.094454439892029729e+00
-2.347965804456880523e+00
-1.900224630472032938e+00
-1.587099772702543543e+00
-1.745232300962026972e+00
-2.769188301873370950e+00
-2.232705623955159258e+00
-2.116535399588695743e+00
-1.258909711572119949e+00
-1.857933226993992992e+00
-1.757798696299147867e+00
-2.349727242318277565e+00
-2.842801199020855041e+00
-1.531664262476355010e+00
-1.990707043127454501e+00
-1.585130626502764262e+00
-1.575018481968502915e+00
-1.548740806071624565e+00
-1.763996287240040761e+00
-2.002429746049419368e+00
-2.283973333493808600e+00
-1.838679916390664193e+00
-2.134230389459635280e+00
-2.129318460994515494e+00
-1.784864661644853800e+00
-1.778181656438495128e+00
-1.901673901679860723e+00
-2.218914771368659888e+00
-1.669978998240900570e+00
-2.730858424504770898e+00
-1.574084138254186360e+00
-2.151261358663355328e+00
-2.289379649538386463e+00
-2.231196887516724292e+00
-2.286163907282308561e+00
-2.474599055698736283e+00
-2.404187496102946131e+00
-1.355944462300549436e+00
-1.947158334865668028e+00
-1.923797313433464939e+00
-1.931840170968069703e+00
-2.029897934722548758e+00
-1.884080953103034251e+00
-2.031624402401899676e+00
-1.795967503867320847e+00
-1.537455142615668624e+00
-1.880904310736088991e+00
-1.950520614645766759e+00
-2.441723432079051737e+00
-1.945357255729201373e+00
-2.014784724051612574e+00
-1.639352578279107409e+00
-2.146046046850301980e+00
-1.758748909234621127e+00
-1.953421092967252637e+00
-2.545503136616677597e+00
-2.095517712410309930e+00
-1.648461424019967314e+00
-2.633173104765259342e+00
-2.265632066474222217e+00
-1.706945966690007754e+00
-1.470163675604972742e+00
-2.136696500959882616e+00
-2.468592003920040856e+00
-1.676640500742218709e+00
-1.984420325342963753e+00
-1.827573546773653579e+00
-1.757792511659755252e+00
-1.863837234636936291e+00
-1.857498239567878517e+00
-2.547093347393144303e+00
-1.650729010451950973e+00
-2.223341480578984619e+00
-1.849678362551412381e+00
-1.970764223127592363e+00
-2.218098543594547056e+00
-2.107060686977636710e+00
-2.177948817954128646e+00
-2.358315159255522264e+00
-1.844857637193986211e+00
-1.649547983132550133e+00
-1.422598739546508728e+00
-1.341858180627251595e+00
-1.836762816628134676e+00
-1.828339661138812300e+00
-2.240693246849336351e+00
-1.943022366913194521e+00
-2.256356263501761550e+00
-2.825302881326753113e+00
-2.054303906535086544e+00
-2.278499026934845961e+00
-2.043424569913373734e+00
-1.737246066088613095e+00
-2.469772136661195550e+00
-2.060485834600561450e+00
-2.151950992781717975e+00
-2.116487811885587877e+00
-2.024869185852747666e+00
-2.457584589899991290e+00
-1.683007183075208690e+00
-1.239517947390517794e+00
-1.923697087897516145e+00
-1.629900619169451392e+00
-2.236624801878518642e+00
-1.778733210891827010e+00
-2.214933085589383399e+00
-1.811075924698731132e+00
-2.362264166869249227e+00
-2.271117362769626613e+00
-2.350198164986960325e+00
-2.430397222271226898e+00
-1.761062983679075433e+00
-2.223968796778493573e+00
-1.585301243267363436e+00
-2.044188064899483681e+00
-2.070970966336976193e+00
-2.026768493236769775e+00
-2.059397773746330262e+00
-1.953262021682015348e+00
-2.460682778756400513e+00
-1.827469732923767243e+00
-2.114943803475430872e+00
-2.026333178775223676e+00
-1.904792312085014760e+00
-1.849777257927794683e+00
-2.172888952563550635e+00
-2.820534520859073968e+00
-2.348403018321239433e+00
-2.121202613901559619e+00
-1.647792369622849140e+00
-2.052595039951914391e+00
-1.832411999777076250e+00
-2.095984652170944873e+00
-1.480911112825016307e+00
-2.086345502252062278e+00
-2.574951061381750339e+00
-2.178255977849414382e+00
-2.193611067138050874e+00
-2.124426974189983941e+00
-2.429806171994555175e+00
-2.185693192478315172e+00
-1.850695104938065771e+00
-1.735922992494100203e+00
-2.129783182179626255e+00
-1.255349280912515741e+00
-1.941590417167035287e+00
-1.948440913787532924e+00
-2.194466474422219537e+00
-2.699582858868549540e+00
-2.400964581959410982e+00
-1.777589365889971074e+00
-1.541543106300981680e+00
-2.392423752042337259e+00
-2.468186818532732918e+00
-2.089114530128665326e+00
-2.228577853437510914e+00
-1.934413153175175371e+00
-1.686858662673767828e+00
-2.220774674005412397e+00
-1.760933783767886229e+00
-1.258203013935951464e+00
-2.127601299425553538e+00
-2.385119390683872798e+00
-2.076588872605075853e+00
-1.864955542073726935e+00
-2.029944494843940905e+00
-2.623716463062831128e+00
-2.212362244878076201e+00
-2.155812859792114455e+00
-2.111169735882729714e+00
-1.790111377415172900e+00
-1.681882465976592744e+00
-1.747471291383103864e+00
-1.923003567856316653e+00
-2.512731920723848322e+00
-2.433241721406784297e+00
-1.852195009686714133e+00
-1.825836527757215055e+00
-1.915623309793258233e+00
-2.123635826627034096e+00
-1.951783816365237900e+00
-2.039785704959579338e+00
-2.378285420468114086e+00
-2.286565074680196208e+00
-2.072405709619883130e+00
-2.354584872781853466e+00
-1.731597315532166892e+00
-2.068966286758997075e+00
-3.231285092970783257e+00
-2.145298798155320430e+00
-1.556283396942024222e+00
-2.293364888849776850e+00
-1.811491445333601735e+00
-2.387399767091139768e+00
-1.725312602597107503e+00
-2.065620140587805853e+00
-1.778745533490184716e+00
-2.053152515689126378e+00
-1.642940145145916464e+00
-2.427181447440343920e+00
-2.174579588913158279e+00
-2.109902267581262425e+00
-1.872300467300626270e+00
-2.215925892223023386e+00
-2.025867081701363315e+00
-1.650561125515463079e+00
-1.850892223840841400e+00
-2.074776566233087483e+00
-2.322044154753190259e+00
-2.059734229330075994e+00
-1.500840011695434573e+00
-1.985590428661595741e+00
-2.041634650361704661e+00
-2.382805671497636002e+00
-2.354946331461580389e+00
-1.953108471677691416e+00
-2.383164344826881109e+00
-1.476265644147256584e+00
-1.775470886195396947e+00
-1.798050440680363682e+00
-1.523476154512924285e+00
-1.448786899454330257e+00
-2.202179520198609186e+00
-1.803442224940907668e+00
-1.540777219274243937e+00
-2.235444026826212127e+00
-2.249372042685694684e+00
-2.016473992076360577e+00
-1.738160672110116156e+00
-1.749823654188024324e+00
-2.165256942922287653e+00
-2.435262058600369262e+00
-2.227236855328773135e+00
-1.951456213506294279e+00
-1.116883642045323644e+00
-2.179916419143677064e+00
-1.832326482961216474e+00
-2.306666948759766189e+00
-2.474062423335788186e+00
-1.811640148105926773e+00
-2.111645248162482336e+00
-2.287671736739160355e+00
-1.482023133175975449e+00
-1.638578759628583459e+00
-2.282664619995970146e+00
-2.469124875563661892e+00
-1.318481693117302900e+00
-1.889848621352712588e+00
-2.187451295855030953e+00
-2.013035736549579457e+00
-1.748053741560783525e+00
-1.704418055416053068e+00
-2.261418565493473753e+00
-2.286977735728772831e+00
-1.387480416671259764e+00
-1.666617087508129647e+00
-2.261889145875639162e+00
-2.057223897567864501e+00
-1.787491928017761911e+00
-2.314099357912939414e+00
-2.465825950561832958e+00
-2.413916364877553011e+00
-1.616259372089235535e+00
-1.976030749433200118e+00
-1.979365341265661105e+00
-2.194485142969571090e+00
-2.181750294797947465e+00
-1.931731981961192890e+00
-2.367653571812237789e+00
-2.041089387246636466e+00
-1.515382581390288141e+00
-1.870511640237321860e+00
-1.570726937858364369e+00
-1.875512390537846574e+00
-1.846142689336943921e+00
-2.068892920041762284e+00
-2.123645762675867577e+00
-2.438274941262620121e+00
-2.465721334086059091e+00
-2.073076214248006810e+00
-1.837821294236843261e+00
-2.042432156294470946e+00
-2.140555527136509983e+00
-2.219391191558497400e+00
-1.802003802324648962e+00
-1.317798463551526300e+00
-1.239413406130140505e+00
-2.147617654150938638e+00
-2.376212662282317201e+00
-1.662698751551265008e+00
-1.862109450705388358e+00
-1.866016127192296370e+00
-2.099379278659374126e+00
-2.560695556988790589e+00
-1.832814607328476786e+00
-2.348836190231527343e+00
-1.658114844069093596e+00
-2.116517141375244382e+00
-2.102275395828514082e+00
-2.044402905807921389e+00
-2.162910310819040394e+00
-1.809494112730348991e+00
-2.282338984514769908e+00
-2.268965984759763632e+00
-2.176369370262169145e+00
-1.269244479467904529e+00
-2.021687393885273298e+00
-2.339694183487051493e+00
-2.312908648806303535e+00
-1.780429123076558984e+00
-2.115930017706255217e+00
-1.940625687501086549e+00
-2.242152814524932314e+00
-2.162743501517344402e+00
-2.028560865642564881e+00
-2.112133067842155487e+00
-2.371693570037838317e+00
-2.626471665626401109e+00
-2.250217373415587918e+00
-1.687652712870449268e+00
-1.895559772313941682e+00
-1.809288595901457075e+00
-2.153175625104877700e+00
-2.365377359961549519e+00
-2.219589985643608987e+00
-2.286503811001086905e+00
-2.335332304098411971e+00
-2.018012923133778447e+00
-2.225367597720936619e+00
-2.303391557093700914e+00
-1.793747997953620388e+00
-2.195896480219940106e+00
-2.208719584878434450e+00
-2.532982224717283959e+00
-2.380198518115840489e+00
-2.005586976582748537e+00
-2.198869647223978152e+00
-2.301525387483348783e+00
-2.806018029861359953e+00
-1.931015124184466192e+00
-2.501471029071279606e+00
-2.123112386840216192e+00
-2.147426321160101015e+00
-2.018086570926570733e+00
-1.935097272578569783e+00
-2.085230758295236075e+00
-1.989041153060686629e+00
-1.983864235498633111e+00
-2.358047702261569345e+00
-2.101323699067290551e+00
-2.493286606952520135e+00
-1.832085489569334147e+00
-1.987592883854997883e+00
-2.010865264434084754e+00
-2.036367535913914839e+00
-2.034177917104561306e+00
-1.948625848569325303e+00
-1.820508084947686900e+00
-1.704167315550084272e+00
-2.256849750855533632e+00
-1.826401088010240148e+00
-2.167570022500751481e+00
-2.108922555365929430e+00
-2.063772217921357122e+00
-2.139604780484003488e+00
-1.630989189277024298e+00
-2.161304275169588340e+00
-2.003209230374889405e+00
-2.088262741230270780e+00
-1.804467403917975776e+00
-2.331250428979725786e+00
-2.313988675690894059e+00
-2.051704334268180663e+00
-2.732920959214585555e+00
-1.976641250733326860e+00
-1.588329588360168021e+00
-1.930773583694084916e+00
-2.212383614768907325e+00
-2.052098097945567634e+00
-2.377629809644503656e+00
-2.132922268168020441e+00
-2.008876910016578865e+00
-2.076545070382448177e+00
-1.866153002473123212e+00
-2.311535792746465479e+00
-1.938117093784609057e+00
-2.160591612051949273e+00
-1.679339207300767800e+00
-2.407910813356775481e+00
-2.160585566644222855e+00
-2.071499871318146280e+00
-1.367599248136864620e+00
-2.376621868619065214e+00
-1.961309731832291181e+00
-1.996384327556459670e+00
-1.784629019257988336e+00
-2.405827898727903591e+00
-2.006499536288519625e+00
-2.172386725757409653e+00
-1.880907428723393782e+00
-2.415803771031499014e+00
-2.548075397063943814e+00
-2.291500011869441966e+00
-1.742443660538626649e+00
-2.300217026930696296e+00
-1.889999651982912088e+00
-2.069991208452709675e+00
-1.702697579500882075e+00
-2.472010390830094106e+00
-1.846927548175021361e+00
-1.557464752597689017e+00
-1.997339427676334100e+00
-2.425643599720093579e+00
-2.173031729534554035e+00
-2.509178555144617295e+00
-2.460551257766536271e+00
-1.751520408572635024e+00
-2.102347241504173514e+00
-2.038511070931882774e+00
-1.935846001521554616e+00
-1.715425505635274295e+00
-2.050533548223878899e+00
-2.445170267455953894e+00
-2.503986299274157279e+00
-2.246195050067012478e+00
-1.616840787141516689e+00
-1.739614752178255674e+00
-1.607242317264450993e+00
-2.128135308411995386e+00
-1.839224310102633542e+00
-2.094800392074152473e+00
-2.343196708746088763e+00
-2.170258757415315376e+00
-1.425417759786555383e+00
-1.630081495546648274e+00
-1.741805195929963634e+00
-1.960905293516863157e+00
-2.275311197358587112e+00
-2.690477462255714602e+00
-2.089560983784340298e+00
-1.724632843760460776e+00
-2.186256568013050572e+00
-1.828349379598338320e+00
-1.815649024542747458e+00
-1.652894733409555617e+00
-2.177855878810305956e+00
-2.026397141026688775e+00
-2.023218157300530340e+00
-1.953614883921990231e+00
-1.830596496915465554e+00
-2.474741134506463158e+00
-1.512740983116053872e+00
-2.216735859995357050e+00
-2.164802740941948134e+00
-2.265668615738601677e+00
-1.595846812722993224e+00
-1.975794454299933722e+00
-1.925852375776607506e+00
-2.169217669961664985e+00
-2.006242940316472545e+00
-2.240383439875629268e+00
-1.893747647346707641e+00
-2.254527919219218024e+00
-2.204929772056300141e+00
-2.046473931250301082e+00
-1.503163535880652990e+00
-2.081579749028759085e+00
-2.304667177108151055e+00
-2.092608649542637256e+00
-2.139768843224669315e+00
-2.293563146583192935e+00
-1.580635087543760253e+00
-2.335631508053428451e+00
-2.470296396987234022e+00
-1.936326622663760322e+00
-2.056161790529080324e+00
-1.918018919610253281e+00
-2.076876912793654828e+00
-2.187083368949985118e+00
-2.425196588413105037e+00
-2.507666433339271084e+00
-2.089774346037608144e+00
-2.229612630096518888e+00
-1.641920173712911879e+00
-2.397110275028734083e+00
-1.727217843704739852e+00
-2.369413633286999943e+00
-2.175955643014515051e+00
-1.918588288810280762e+00
-1.926943316502921721e+00
-2.242008563963427736e+00
-2.158822255327481177e+00
-1.957209958032642749e+00
-2.079438798438449698e+00
-2.452674580480657784e+00
-2.105477824686027066e+00
-1.968685473961933941e+00
-1.862693337546741379e+00
-1.827517850088379081e+00
-1.613095672155442362e+00
-2.065779629867777079e+00
-2.245032316957671359e+00
-1.854654337327634739e+00
-2.089446942336554702e+00
-2.092475616717955678e+00
-2.010249075355944104e+00
-1.779478328264350484e+00
-2.004317946445024479e+00
-1.932124645404546204e+00
-2.047739292125469124e+00
-1.622326083366939731e+00
-1.766885806418156069e+00
-2.122693094680180526e+00
-2.036896331027190588e+00
-1.596715312704408252e+00
-2.230095874122458799e+00
-1.889556623621452491e+00
-1.459777444671946700e+00
-2.095530894422847457e+00
-1.946227202258168365e+00
-2.239477182959231261e+00
-2.479746308581788572e+00
-2.330859423350624571e+00
-2.494293204868001101e+00
-1.874912560063251465e+00
-2.059090028637012626e+00
-2.136719273507246886e+00
-1.830874285170250193e+00
-1.938926786557687354e+00
-2.371830944218960457e+00
-2.501012282703467537e+00
-2.254713439437541656e+00
-1.844662362772691910e+00
-1.741223495852253667e+00
-2.740232093446798078e+00
-1.725714005356824732e+00
-1.850776170176783086e+00
-1.625583419077245129e+00
-1.801300549806278628e+00
-2.548244901508401217e+00
-2.111077507039116785e+00
-1.940488174156414392e+00
-1.916633752571801796e+00
-2.314674686539352155e+00
-2.398785997619695909e+00
-2.105515169083855387e+00
-2.093804477207080073e+00
-1.953549531185121868e+00
-2.183000710775527597e+00
-2.063669925273992067e+00
-1.858658968199520256e+00
-2.154585172389137160e+00
-2.537302851398831383e+00
-2.135647342820288674e+00
-2.268225231404852327e+00
-1.823867200792780974e+00
-1.882613256439313876e+00
-2.014089321820901279e+00
-2.047544320912289439e+00
-1.893631614454616585e+00
-2.212000901276241382e+00
-2.205086935338276266e+00
-1.490278233419648490e+00
-1.441499645369337390e+00
-1.365903366425574195e+00
-2.816127754897682411e+00
-2.299800014409662641e+00
-1.575918324775728241e+00
-2.007518132377850595e+00
-2.190283092138650023e+00
-1.938954149420923034e+00
-1.836585568110575384e+00
-1.895472901798033849e+00
-1.750697154792643762e+00
-2.342388142096631487e+00
-2.663043399127776656e+00
-2.512101808086438570e+00
-1.932084071294984273e+00
-2.219467330030287844e+00
-1.863936053744894128e+00
-2.076192436738932390e+00
-1.650447341484796215e+00
-2.587806669326031983e+00
-2.083366551762563024e+00
-1.722470225294703727e+00
-2.242737156388102893e+00
-1.840006561724589762e+00
-2.031008720013460778e+00
-2.207185860537184130e+00
-1.991586128086798357e+00
-2.194471311773885436e+00
-2.060337508026070186e+00
-1.770662616314901516e+00
-2.020789123523340169e+00
-2.071475175949946124e+00
-2.405993945638713161e+00
-1.805229291007656389e+00
-1.946846330052143248e+00
-2.419585752459159966e+00
-2.201846750626128557e+00
-1.802958482980898669e+00
-2.623448876541868646e+00
-2.186686307296963339e+00
-2.119543265668557996e+00
-2.483798333522284185e+00
-1.716204003836484748e+00
-2.376642707256437337e+00
-2.062322915663456602e+00
-1.587536093782869973e+00
-2.236766705877546446e+00
-2.050278260630620242e+00
-2.304878588140500728e+00
-1.891241001768360963e+00
-2.076638548525734596e+00
-1.852888885730648472e+00
-2.059967082988781062e+00
-2.012723729635109482e+00
-2.130443591898988576e+00
-1.925817968098688215e+00
-1.859225541541643434e+00
-2.339815157851714122e+00
-1.837504196015631752e+00
-1.606696770447593625e+00
-1.897075060897624343e+00
-1.644661402608850853e+00
-1.942207467570402191e+00
-1.982616656710633141e+00
-2.019186945487910112e+00
-1.769397304625919265e+00
-2.378604641317271007e+00
-1.834007207611742629e+00
-1.719311510523486408e+00
-2.355747467217409241e+00
-1.557152713680843181e+00
-2.402801625075755343e+00
-2.124616807614846170e+00
-1.624526142271517148e+00
-2.359120484558399955e+00
-2.099439146628157449e+00
-1.560407510897654948e+00
-1.888206922013305533e+00
-2.353859344953424415e+00
-2.591228690426103487e+00
-2.329715023340341862e+00
-2.351870205620212761e+00
-1.880007367921323169e+00
-2.328097020955813168e+00
-2.612879206701340440e+00
-2.353403059221673477e+00
-1.679018713031581900e+00
-2.076131388594923965e+00
-1.698935546186711054e+00
-2.192505171737450187e+00
-2.105424351565006180e+00
-2.317876195053962807e+00
-1.780837753362370268e+00
-2.280223812041569875e+00
-2.495514755249982120e+00
-1.709660736514461821e+00
-2.130024431853148048e+00
-2.041150105984588681e+00
-2.173831493776881008e+00
-2.104353248120898190e+00
-2.320395420260329633e+00
-2.452421655094394470e+00
-2.177263932048181250e+00
-1.981027359145010269e+00
-2.061338594732714302e+00
-1.949512285512323917e+00
-2.443625765630276891e+00
-1.333434837039334742e+00
-1.964504914123534451e+00
-2.015917781540597975e+00
-1.547280659296792482e+00
-2.057572005877180477e+00
-2.436455461868672234e+00
-1.818221345418060242e+00
-1.662032156986194220e+00
-1.880603186407495020e+00
-2.416946791262134742e+00
-1.507243080260331158e+00
-2.413360063270240108e+00
-2.221679098401132979e+00
-1.850843135468612122e+00
-2.274356309435713985e+00
-2.582201784490760321e+00
-2.063556395708762370e+00
-1.996605102176101543e+00
-2.203919999531749330e+00
-2.123026853029183147e+00
-2.178653609339602060e+00
-2.106102907725283746e+00
-2.275068239441182971e+00
-1.820044533448293311e+00
-2.245125018642714299e+00
-1.975620533287305580e+00
-2.139188238253173058e+00
-1.951225333428919573e+00
-1.974884606073019189e+00
-1.466300734950646945e+00
-1.894716929178681841e+00
-1.980718878743037425e+00
-2.204754674674419324e+00
-1.756980128093037496e+00
-1.697948690019128737e+00
-2.052890045558957599e+00
-1.739266347051195982e+00
-1.773452604178050951e+00
-1.812787985894045661e+00
-1.755593195119047767e+00
-1.908143577831272086e+00
-2.264563825251724172e+00
-1.729044744583769333e+00
-2.065328418541465982e+00
-2.112698229387583115e+00
-2.301716036972316193e+00
-1.712243260327199312e+00
-1.753155223875851210e+00
-2.019109465717111807e+00
-2.355929987998405029e+00
-2.312213154583812713e+00
-2.261763399426062637e+00
-2.185266525477985500e+00
-2.577024516309311952e+00
-1.143942647728533490e+00
-2.345632309608316479e+00
-1.685403322960123962e+00
-2.257005662636633492e+00
-2.378502103534537060e+00
-2.179710232387709556e+00
-1.883320026403219050e+00
-2.305650486275509170e+00
-1.756650905598047263e+00
-2.038306959662606221e+00
-1.821047980927631205e+00
-1.928823970631926787e+00
-2.310653559470225549e+00
-1.928148454279853485e+00
-2.011523220546177715e+00
-2.060563331741239512e+00
-1.433664541078240706e+00
-2.228871021612665704e+00
-2.051602387724390741e+00
-2.278834700019994219e+00
-1.749875967049441261e+00
-2.029184107298526829e+00
-1.906483766638669142e+00
-2.285131975713863728e+00
-2.036380879607460503e+00
-2.120758922405198366e+00
-2.354219879741194621e+00
-1.924036839790148168e+00
-1.823287636291258895e+00
-1.311033228041733611e+00
-2.063023839779470681e+00
-1.939112242991381851e+00
-2.056660678700599210e+00
-2.344604504559662406e+00
-1.988126382195002595e+00
-1.762695508848086678e+00
-1.761630439458386821e+00
-2.549084320584381391e+00
-2.314196806766454007e+00
-1.790077238567907347e+00
-2.382405623629482161e+00
-1.966071342484632556e+00
-2.062927798250868694e+00
-1.063886372655720169e+00
-2.574929187436957978e+00
-2.675509358911366764e+00
-1.771421266596317157e+00
-2.651012419413586674e+00
-1.945230721705005994e+00
-1.657425256739932795e+00
-2.023755796813656804e+00
-2.325687437791004175e+00
-2.092592923740195676e+00
-1.982819323759932306e+00
-2.261671786939893014e+00
-2.030593545153732027e+00
-2.120688067786109077e+00
-2.110575299995911980e+00
-2.146315526914527982e+00
-1.988198168772495666e+00
-1.992328583211676385e+00
-2.222537585851189323e+00
-1.791238619443380475e+00
-1.950707060088641587e+00
-1.663192256794435497e+00
-1.984179658351945097e+00
-1.856878483982843608e+00
-2.159588081351192290e+00
-1.961360466273632586e+00
-2.099058665421648318e+00
-2.208469724135437406e+00
-2.175802045203273583e+00
-1.875894864294759490e+00
-2.431162298135234767e+00
-2.235294743781448989e+00
-1.775965746518768373e+00
-2.108246058494149811e+00
-2.178659088130949772e+00
-2.181616650195913554e+00
-1.864376827640287893e+00
-1.622912293193149669e+00
-1.700253272513411407e+00
-1.784957039573072723e+00
-1.628485612905483659e+00
-1.891023977037365800e+00
-2.063943505095406028e+00
-1.893875877996731294e+00
-2.442301894113012128e+00
-1.841721622308690076e+00
-2.122711957088162738e+00
-2.124132945007222606e+00
-2.108101317836937216e+00
-2.027305939753813124e+00
-2.071873978099912694e+00
-2.070810121292484762e+00
-2.234537069277053423e+00
-1.574055069303260002e+00
-2.118125362289946967e+00
-1.996568807242216526e+00
-1.714218278198134104e+00
-1.784963297324438702e+00
-1.721851621531272247e+00
-2.151752678446998690e+00
-2.279741612446138266e+00
-1.926220924649051813e+00
-1.997815126067952196e+00
-1.955761132476855568e+00
-1.734754849788217701e+00
-2.016135661425679348e+00
-1.974941624039268095e+00
-2.236925665965284526e+00
-1.613278811552118608e+00
-1.871633843967007937e+00
-2.422154297427010494e+00
-2.503053636594512188e+00
-1.910159450147152160e+00
-2.617228239061074380e+00
-2.401636775124071921e+00
-2.188041300685942492e+00
-1.688466855187588767e+00
-2.152928042171009526e+00
-2.210052984186927194e+00
-1.878261511102053749e+00
-2.281742928036408546e+00
-1.803983058132982098e+00
-1.894984032394142037e+00
-1.584075359843753805e+00
-1.324723856433517977e+00
-2.210407084360511920e+00
-2.155571488471335062e+00
-1.692810425643724859e+00
-1.694941165300859698e+00
-2.094375487489962939e+00
-2.356594938055803556e+00
-1.968218367617702302e+00
-2.593005210153246143e+00
-1.840899077432009978e+00
-1.797711094352582695e+00
-2.437122227284192366e+00
-1.477648349439132591e+00
-1.824074850493506705e+00
-2.098922227740527280e+00
-2.293763426085459134e+00
-1.860152810138341994e+00
-1.762449472659977534e+00
-1.945537931993753578e+00
-2.422303010171131366e+00
-1.782220013091145194e+00
-2.021252194227653565e+00
-2.210899370980529799e+00
-2.488348830235257214e+00
-2.205861030532386469e+00
-2.442748402883556214e+00
-2.143569235587069688e+00
-2.054488270885795220e+00
-2.340144148045201877e+00
-2.189441377110139531e+00
-2.035107730654342806e+00
-2.287176997314596338e+00
-2.001949779016577669e+00
-2.274804665298632234e+00
-1.918065973240788313e+00
-2.201629117294178872e+00
-2.326235961062011359e+00
-2.243148926164057588e+00
-1.974746028765935524e+00
-2.555204404833471887e+00
-2.395072853156424930e+00
-2.030319746908514578e+00
-1.717178252556299523e+00
-1.810578602663110548e+00
-2.416054909143039442e+00
-1.916649587834062363e+00
-2.378102728385674158e+00
-1.699216235488254956e+00
-1.553085479870308649e+00
-2.420692098323844466e+00
-2.095132928892255553e+00
-2.153272660987582743e+00
-2.271506547709150059e+00
-2.437972611825199198e+00
-1.977173821067071291e+00
-2.389945011426647614e+00
-2.027446361502232453e+00
-2.117555253793590442e+00
-2.265208845653046144e+00
-1.979329159238770064e+00
-2.521825616652837443e+00
-2.362962212878940260e+00
-2.005165644555813476e+00
-1.772789626849541111e+00
-1.594554282448090721e+00
-2.673402942678816618e+00
-1.460297161657916565e+00
-1.691510862856692388e+00
-2.323638783772257188e+00
-1.917198425231795955e+00
-1.851101091847095592e+00
-2.019304946461791150e+00
-2.347741549636103375e+00
-1.973898668844873416e+00
-2.623901887359256779e+00
-2.316005129046008637e+00
-2.105877714121181743e+00
-1.937809041614948047e+00
-2.268791677230869386e+00
-1.958829261083505191e+00
-1.671407838689607406e+00
-2.163532289058106794e+00
-2.356330204099063241e+00
-1.275919388984395386e+00
-2.118382902865406425e+00
-1.757408002526937185e+00
-2.019534212962732500e+00
-2.685192953389386350e+00
-1.714550791754416270e+00
-1.645838339860514754e+00
-2.519034037071282928e+00
-2.323885367733535379e+00
-1.869314288403974178e+00
-1.975804324238847887e+00
-2.194231144707547987e+00
-2.400680089628242531e+00
-2.338775847502017502e+00
-2.055840959313326000e+00
-2.539609760490439516e+00
-1.443670824480211667e+00
-2.037853949302143253e+00
-1.947741254381501808e+00
-2.184514817076351978e+00
-2.176640201212098891e+00
-1.708928218263765064e+00
-2.392531225025113617e+00
-2.083772481767635743e+00
-2.228536825329566984e+00
-1.819705309833981932e+00
-2.013080568719134877e+00
-1.793461710046895252e+00
-1.863564248603726714e+00
-1.950133757753500507e+00
-1.299608744815426764e+00
-2.187092009359208777e+00
-2.147236359494578029e+00
-1.945695797220740264e+00
-1.809012294388655295e+00
-2.195898966623528015e+00
-1.478393325281097237e+00
-2.086500304342120860e+00
-2.367818233949276152e+00
-1.518562325504018151e+00
-2.270906020224782385e+00
-1.633126954753036930e+00
-2.301057116493013144e+00
-2.112397999501308465e+00
-1.916932437679858214e+00
-1.960739961726215785e+00
-1.979815372856702727e+00
-1.861980501080929162e+00
-1.719948821665255867e+00
-2.049926838517226901e+00
-2.402918843496341328e+00
-2.355531969315695751e+00
-1.903547043810409622e+00
-1.695258975682201186e+00
-2.494249311180379625e+00
-1.705464492602209337e+00
-2.086285769205926233e+00
-2.384857958463925787e+00
-1.761483575713095551e+00
-2.245861470305165586e+00
-1.828318472824247198e+00
-2.239762209363127088e+00
-1.708189284237949135e+00
-1.960207224565774897e+00
-1.349189832798107336e+00
-2.117064943046461867e+00
-2.267336031307597199e+00
-2.013968615612921287e+00
-1.611633225346576825e+00
-2.582050796273620552e+00
-1.641490129225589900e+00
-1.917353152891895451e+00
-2.010296861660411327e+00
-2.162837865983054275e+00
-2.350575752827030573e+00
-1.645483762573203723e+00
-1.775170613798306096e+00
-1.698669162932266108e+00
-1.753691271036875055e+00
-2.230887940098047029e+00
-1.915946929979450264e+00
-2.117265433331848801e+00
-2.353296770594781595e+00
-2.162138237130218688e+00
-1.816408739350759749e+00
-1.915595981131091197e+00
-2.513529969464191272e+00
-2.187911510077381383e+00
-2.386942103495947709e+00
-1.750982870638534639e+00
-2.312688922987377271e+00
-1.628501715785227066e+00
-2.365466711570594516e+00
-1.983535180586518454e+00
-1.957324845308090477e+00
-2.072490330613807163e+00
-2.276095453372239508e+00
-1.927379238476366385e+00
-2.661656149727815279e+00
-2.019230835652230827e+00
-2.151557598845752484e+00
-1.653669217168639793e+00
-2.348203245893071500e+00
-1.438688866497378260e+00
-1.587679168054095147e+00
-1.932863010857048369e+00
-2.109925308631045215e+00
-2.070376774595413583e+00
-1.946364566375291094e+00
-1.980570946405557198e+00
-1.817301310434392025e+00
-2.045744348169741489e+00
-2.164086609124116212e+00
-2.581134748017430258e+00
